Transaction Type Index,Transaction Name,Start Time (microseconds),Latency (microseconds),Worker Id (start number),Phase Id (index in config file)
1,NewOrder,1771508434.154946,176504,19,1
2,Payment,1771508434.154948,101918,20,1
1,NewOrder,1771508434.154948,174735,11,1
1,NewOrder,1771508434.154956,161253,13,1
1,NewOrder,1771508434.154979,166140,14,1
1,NewOrder,1771508434.154998,157557,16,1
1,NewOrder,1771508434.155010,181179,21,1
1,NewOrder,1771508434.155049,140767,17,1
1,NewOrder,1771508434.155058,152315,15,1
1,NewOrder,1771508434.155108,150458,10,1
2,Payment,1771508434.155294,122858,8,1
1,NewOrder,1771508434.155489,169278,3,1
2,Payment,1771508434.155689,90523,12,1
4,Delivery,1771508434.155909,133042,7,1
2,Payment,1771508434.156123,110965,6,1
1,NewOrder,1771508434.156360,156072,2,1
3,OrderStatus,1771508434.156607,85187,1,1
1,NewOrder,1771508434.186780,131101,5,1
2,Payment,1771508434.186793,58370,18,1
2,Payment,1771508434.186842,90745,22,1
1,NewOrder,1771508434.186854,124549,23,1
1,NewOrder,1771508434.186859,134285,9,1
2,Payment,1771508434.186890,61434,4,1
1,NewOrder,1771508434.186893,110665,0,1
1,NewOrder,1771508434.242059,97185,1,1
5,StockLevel,1771508434.245252,54165,18,1
1,NewOrder,1771508434.246291,92855,12,1
2,Payment,1771508434.248366,44199,4,1
2,Payment,1771508434.256990,26471,20,1
1,NewOrder,1771508434.267159,71046,6,1
1,NewOrder,1771508434.277642,70310,22,1
2,Payment,1771508434.278216,4659,8,1
1,NewOrder,1771508434.282917,37179,8,1
1,NewOrder,1771508434.283494,63076,20,1
2,Payment,1771508434.288987,31989,7,1
2,Payment,1771508434.292594,6172,4,1
1,NewOrder,1771508434.295895,29957,17,1
1,NewOrder,1771508434.297599,39716,0,1
1,NewOrder,1771508434.298800,82754,4,1
2,Payment,1771508434.299460,13091,18,1
2,Payment,1771508434.305601,29696,10,1
1,NewOrder,1771508434.307453,47818,15,1
3,OrderStatus,1771508434.311476,12869,23,1
2,Payment,1771508434.312487,21534,2,1
2,Payment,1771508434.312596,15046,18,1
1,NewOrder,1771508434.312610,43249,16,1
1,NewOrder,1771508434.316278,27397,13,1
2,Payment,1771508434.317925,21589,5,1
1,NewOrder,1771508434.320144,61430,8,1
1,NewOrder,1771508434.321012,84073,7,1
2,Payment,1771508434.321160,20688,14,1
1,NewOrder,1771508434.321198,35139,9,1
2,Payment,1771508434.324429,26339,23,1
2,Payment,1771508434.324847,30908,3,1
2,Payment,1771508434.325878,24040,17,1
1,NewOrder,1771508434.327698,63000,18,1
5,StockLevel,1771508434.329750,34214,11,1
2,Payment,1771508434.331512,24198,19,1
2,Payment,1771508434.334064,15028,2,1
1,NewOrder,1771508434.335337,47743,10,1
2,Payment,1771508434.336250,25023,21,1
2,Payment,1771508434.337362,31951,0,1
1,NewOrder,1771508434.338230,53421,6,1
2,Payment,1771508434.339188,17726,12,1
1,NewOrder,1771508434.339267,28890,1,1
2,Payment,1771508434.339555,22583,5,1
1,NewOrder,1771508434.341898,53598,14,1
2,Payment,1771508434.343697,22886,13,1
2,Payment,1771508434.346615,21396,20,1
2,Payment,1771508434.347995,27133,22,1
1,NewOrder,1771508434.349148,63991,2,1
1,NewOrder,1771508434.349958,35452,17,1
2,Payment,1771508434.350815,35103,23,1
1,NewOrder,1771508434.355297,31487,15,1
1,NewOrder,1771508434.355755,38361,19,1
1,NewOrder,1771508434.355797,9621,3,1
2,Payment,1771508434.355917,39312,16,1
2,Payment,1771508434.356376,37698,9,1
1,NewOrder,1771508434.356938,38368,12,1
2,Payment,1771508434.361297,19744,21,1
2,Payment,1771508434.362183,15528,5,1
1,NewOrder,1771508434.364014,42262,11,1
2,Payment,1771508434.365438,16009,3,1
1,NewOrder,1771508434.366630,49425,13,1
5,StockLevel,1771508434.368047,32959,20,1
1,NewOrder,1771508434.368181,44223,1,1
1,NewOrder,1771508434.369356,43724,0,1
1,NewOrder,1771508434.375176,39109,22,1
1,NewOrder,1771508434.377756,52855,5,1
1,NewOrder,1771508434.381087,43493,21,1
1,NewOrder,1771508434.381471,10471,3,1
1,NewOrder,1771508434.381614,56904,4,1
2,Payment,1771508434.381620,19360,8,1
1,NewOrder,1771508434.383130,30598,10,1
2,Payment,1771508434.385435,21476,17,1
2,Payment,1771508434.385941,9566,23,1
1,NewOrder,1771508434.386827,43795,15,1
2,Payment,1771508434.390739,17694,18,1
1,NewOrder,1771508434.391689,38899,6,1
2,Payment,1771508434.392005,4510,3,1
4,Delivery,1771508434.394121,95058,9,1
1,NewOrder,1771508434.394154,36027,19,1
2,Payment,1771508434.395263,17845,16,1
5,StockLevel,1771508434.395325,31019,12,1
1,NewOrder,1771508434.395539,50540,23,1
1,NewOrder,1771508434.395541,51727,14,1
2,Payment,1771508434.396562,3231,3,1
1,NewOrder,1771508434.399816,50327,3,1
1,NewOrder,1771508434.401031,31158,8,1
1,NewOrder,1771508434.401053,44149,20,1
1,NewOrder,1771508434.405131,31588,7,1
2,Payment,1771508434.406323,28008,11,1
1,NewOrder,1771508434.406953,39090,17,1
5,StockLevel,1771508434.408472,14444,18,1
2,Payment,1771508434.412427,14543,1,1
4,Delivery,1771508434.413124,23112,0,1
1,NewOrder,1771508434.413152,32954,16,1
1,NewOrder,1771508434.413168,26057,2,1
1,NewOrder,1771508434.413754,45005,10,1
3,OrderStatus,1771508434.414321,7476,22,1
1,NewOrder,1771508434.416085,31845,13,1
1,NewOrder,1771508434.421838,40423,22,1
1,NewOrder,1771508434.422943,45748,18,1
3,OrderStatus,1771508434.424609,10786,21,1
5,StockLevel,1771508434.426371,15855,12,1
2,Payment,1771508434.426988,15334,1,1
1,NewOrder,1771508434.430212,26337,19,1
2,Payment,1771508434.430657,16089,6,1
2,Payment,1771508434.430664,16469,5,1
2,Payment,1771508434.430664,25297,15,1
5,StockLevel,1771508434.432225,33004,8,1
1,NewOrder,1771508434.434362,25483,11,1
5,StockLevel,1771508434.435422,24973,21,1
2,Payment,1771508434.436281,14277,0,1
2,Payment,1771508434.436755,18037,7,1
4,Delivery,1771508434.438563,118304,4,1
1,NewOrder,1771508434.439273,36490,2,1
1,NewOrder,1771508434.442268,31684,12,1
2,Payment,1771508434.442360,14254,1,1
4,Delivery,1771508434.445243,68289,20,1
2,Payment,1771508434.446095,15623,17,1
2,Payment,1771508434.446127,14311,23,1
1,NewOrder,1771508434.446148,40225,16,1
1,NewOrder,1771508434.446783,30468,6,1
2,Payment,1771508434.447173,15173,5,1
2,Payment,1771508434.447305,19178,14,1
1,NewOrder,1771508434.447960,43244,13,1
2,Payment,1771508434.450186,17764,3,1
2,Payment,1771508434.450603,20826,0,1
2,Payment,1771508434.454827,9233,7,1
2,Payment,1771508434.456010,14490,15,1
2,Payment,1771508434.456600,23776,19,1
2,Payment,1771508434.456641,17779,1,1
2,Payment,1771508434.458797,10803,10,1
1,NewOrder,1771508434.459875,26381,11,1
1,NewOrder,1771508434.460422,25327,21,1
2,Payment,1771508434.460491,23125,23,1
2,Payment,1771508434.461762,17758,17,1
1,NewOrder,1771508434.462287,39589,22,1
1,NewOrder,1771508434.462392,51730,5,1
1,NewOrder,1771508434.464092,26126,7,1
1,NewOrder,1771508434.465260,29896,8,1
1,NewOrder,1771508434.466526,40868,14,1
2,Payment,1771508434.468001,13241,3,1
2,Payment,1771508434.468727,35505,18,1
3,OrderStatus,1771508434.469645,10589,10,1
2,Payment,1771508434.470547,12317,15,1
1,NewOrder,1771508434.471471,42697,0,1
1,NewOrder,1771508434.473995,31754,12,1
1,NewOrder,1771508434.474447,35354,1,1
1,NewOrder,1771508434.475814,33533,2,1
1,NewOrder,1771508434.477281,46610,6,1
1,NewOrder,1771508434.479561,34074,17,1
1,NewOrder,1771508434.480268,36979,10,1
2,Payment,1771508434.480402,20064,19,1
2,Payment,1771508434.481306,17537,3,1
1,NewOrder,1771508434.482889,26973,15,1
1,NewOrder,1771508434.483641,44322,23,1
1,NewOrder,1771508434.485791,26766,21,1
1,NewOrder,1771508434.486282,32243,11,1
2,Payment,1771508434.486406,19845,16,1
1,NewOrder,1771508434.489217,51621,9,1
2,Payment,1771508434.490261,13426,7,1
1,NewOrder,1771508434.491250,29098,13,1
2,Payment,1771508434.495201,14600,8,1
2,Payment,1771508434.498885,11921,3,1
1,NewOrder,1771508434.500512,35020,19,1
3,OrderStatus,1771508434.501902,9082,22,1
1,NewOrder,1771508434.503712,44543,7,1
2,Payment,1771508434.504278,5485,18,1
1,NewOrder,1771508434.505790,45059,12,1
2,Payment,1771508434.506305,13501,16,1
1,NewOrder,1771508434.507419,39999,14,1
2,Payment,1771508434.509371,15803,2,1
1,NewOrder,1771508434.509792,24990,18,1
2,Payment,1771508434.509821,14564,8,1
1,NewOrder,1771508434.509856,45611,1,1
2,Payment,1771508434.509916,14454,15,1
2,Payment,1771508434.510849,17567,3,1
2,Payment,1771508434.511029,14351,22,1
1,NewOrder,1771508434.512599,30095,21,1
1,NewOrder,1771508434.513571,43964,20,1
2,Payment,1771508434.513677,14817,17,1
2,Payment,1771508434.514147,17858,5,1
1,NewOrder,1771508434.514204,34941,0,1
1,NewOrder,1771508434.517285,27358,10,1
1,NewOrder,1771508434.518570,38884,11,1
3,OrderStatus,1771508434.519849,11865,16,1
2,Payment,1771508434.520393,22857,13,1
2,Payment,1771508434.523946,17530,6,1
1,NewOrder,1771508434.524422,25312,8,1
3,OrderStatus,1771508434.524424,7844,15,1
2,Payment,1771508434.525193,16299,2,1
2,Payment,1771508434.525398,14715,22,1
1,NewOrder,1771508434.528011,41216,23,1
2,Payment,1771508434.528463,7100,3,1
2,Payment,1771508434.528518,18088,17,1
3,OrderStatus,1771508434.531740,8150,16,1
1,NewOrder,1771508434.532051,39588,5,1
1,NewOrder,1771508434.532297,28178,15,1
2,Payment,1771508434.534829,17433,18,1
2,Payment,1771508434.535577,20482,19,1
1,NewOrder,1771508434.535602,36519,3,1
1,NewOrder,1771508434.539934,57258,16,1
1,NewOrder,1771508434.540158,24979,22,1
1,NewOrder,1771508434.540883,34060,9,1
1,NewOrder,1771508434.541513,34100,6,1
2,Payment,1771508434.541519,18416,2,1
1,NewOrder,1771508434.542718,21696,21,1
1,NewOrder,1771508434.543293,53845,13,1
2,Payment,1771508434.544691,15706,10,1
1,NewOrder,1771508434.546649,49844,17,1
4,Delivery,1771508434.547452,88475,14,1
2,Payment,1771508434.548281,15215,7,1
2,Payment,1771508434.549170,16923,0,1
4,Delivery,1771508434.549775,64533,8,1
1,NewOrder,1771508434.550867,29238,12,1
5,StockLevel,1771508434.552326,15385,18,1
1,NewOrder,1771508434.555512,40941,1,1
4,Delivery,1771508434.556104,55367,19,1
2,Payment,1771508434.556890,19070,4,1
3,OrderStatus,1771508434.557497,7514,11,1
1,NewOrder,1771508434.557575,24756,20,1
1,NewOrder,1771508434.559958,52992,2,1
1,NewOrder,1771508434.560444,19635,10,1
3,OrderStatus,1771508434.560508,5799,15,1
2,Payment,1771508434.563527,12172,7,1
2,Payment,1771508434.564455,15106,21,1
1,NewOrder,1771508434.565052,25980,11,1
1,NewOrder,1771508434.565165,24180,22,1
2,Payment,1771508434.566118,17690,0,1
2,Payment,1771508434.566349,15182,15,1
1,NewOrder,1771508434.567751,28018,18,1
1,NewOrder,1771508434.569286,54434,23,1
1,NewOrder,1771508434.571677,42235,5,1
2,Payment,1771508434.572167,16746,3,1
1,NewOrder,1771508434.574995,36069,9,1
2,Payment,1771508434.575655,20833,6,1
1,NewOrder,1771508434.575742,39977,7,1
1,NewOrder,1771508434.575985,30842,4,1
1,NewOrder,1771508434.579645,24112,21,1
4,Delivery,1771508434.580121,34761,10,1
1,NewOrder,1771508434.580148,25188,12,1
1,NewOrder,1771508434.581554,26942,15,1
1,NewOrder,1771508434.582367,32007,20,1
5,StockLevel,1771508434.583854,37615,0,1
2,Payment,1771508434.588938,8234,3,1
1,NewOrder,1771508434.589391,30230,22,1
1,NewOrder,1771508434.591071,39587,11,1
2,Payment,1771508434.595810,11518,18,1
1,NewOrder,1771508434.596496,24082,1,1
2,Payment,1771508434.596515,15457,6,1
1,NewOrder,1771508434.596548,30045,17,1
1,NewOrder,1771508434.597203,46251,13,1
1,NewOrder,1771508434.597217,37740,3,1
2,Payment,1771508434.597221,21127,16,1
1,NewOrder,1771508434.603831,34319,21,1
1,NewOrder,1771508434.605378,28793,12,1
2,Payment,1771508434.606861,17505,4,1
1,NewOrder,1771508434.607377,27954,18,1
1,NewOrder,1771508434.608539,26751,15,1
2,Payment,1771508434.611089,18478,9,1
1,NewOrder,1771508434.611509,27620,19,1
2,Payment,1771508434.612026,12982,6,1
5,StockLevel,1771508434.612988,33356,2,1
1,NewOrder,1771508434.613951,46387,5,1
1,NewOrder,1771508434.614343,31218,8,1
1,NewOrder,1771508434.614408,36922,20,1
1,NewOrder,1771508434.614911,7223,10,1
2,Payment,1771508434.615746,18871,7,1
2,Payment,1771508434.618389,15664,16,1
1,NewOrder,1771508434.619655,30634,22,1
2,Payment,1771508434.620615,21767,1,1
1,NewOrder,1771508434.621502,33876,0,1
1,NewOrder,1771508434.622156,12539,10,1
1,NewOrder,1771508434.623746,37359,23,1
2,Payment,1771508434.624405,20889,4,1
1,NewOrder,1771508434.625041,31008,6,1
1,NewOrder,1771508434.626627,34927,17,1
5,StockLevel,1771508434.629588,28663,9,1
2,Payment,1771508434.630678,16502,11,1
2,Payment,1771508434.634082,10777,16,1
1,NewOrder,1771508434.634214,23096,12,1
1,NewOrder,1771508434.634651,20808,7,1
1,NewOrder,1771508434.634723,40318,10,1
4,Delivery,1771508434.634976,75582,3,1
2,Payment,1771508434.635316,12784,15,1
1,NewOrder,1771508434.635369,49191,18,1
1,NewOrder,1771508434.635958,25046,14,1
2,Payment,1771508434.638171,14303,21,1
2,Payment,1771508434.639148,16882,19,1
2,Payment,1771508434.642407,12127,1,1
2,Payment,1771508434.643489,14338,13,1
2,Payment,1771508434.644874,16056,16,1
2,Payment,1771508434.645333,12982,4,1
2,Payment,1771508434.645602,15272,8,1
2,Payment,1771508434.646379,15148,2,1
2,Payment,1771508434.647198,16499,11,1
1,NewOrder,1771508434.648137,26218,15,1
2,Payment,1771508434.650319,20745,22,1
1,NewOrder,1771508434.651364,54676,20,1
1,NewOrder,1771508434.652499,45375,21,1
1,NewOrder,1771508434.654554,30151,1,1
4,Delivery,1771508434.655392,55838,0,1
1,NewOrder,1771508434.655478,53292,7,1
2,Payment,1771508434.656074,18863,19,1
1,NewOrder,1771508434.656089,37128,6,1
1,NewOrder,1771508434.657347,53914,12,1
1,NewOrder,1771508434.657846,23552,13,1
3,OrderStatus,1771508434.658264,9471,9,1
3,OrderStatus,1771508434.658348,2324,4,1
1,NewOrder,1771508434.660365,29525,5,1
1,NewOrder,1771508434.660707,7440,4,1
2,Payment,1771508434.660907,29356,8,1
2,Payment,1771508434.660950,4105,16,1
1,NewOrder,1771508434.661027,23623,14,1
1,NewOrder,1771508434.661142,28771,23,1
2,Payment,1771508434.661554,6154,2,1
2,Payment,1771508434.661581,13336,17,1
2,Payment,1771508434.663721,19498,11,1
1,NewOrder,1771508434.665085,24086,16,1
2,Payment,1771508434.667744,16292,2,1
2,Payment,1771508434.667761,18118,9,1
1,NewOrder,1771508434.668180,6801,4,1
1,NewOrder,1771508434.671096,41986,22,1
1,NewOrder,1771508434.674397,34580,15,1
2,Payment,1771508434.674962,12137,17,1
2,Payment,1771508434.674964,2753,19,1
1,NewOrder,1771508434.675000,5091,4,1
1,NewOrder,1771508434.675073,30154,10,1
1,NewOrder,1771508434.677754,21087,19,1
1,NewOrder,1771508434.680128,9771,4,1
2,Payment,1771508434.681425,13251,13,1
2,Payment,1771508434.683256,24049,11,1
2,Payment,1771508434.684075,9616,2,1
2,Payment,1771508434.684586,15382,18,1
1,NewOrder,1771508434.684674,26669,14,1
2,Payment,1771508434.684743,14918,1,1
2,Payment,1771508434.685904,41465,9,1
2,Payment,1771508434.687134,12848,17,1
2,Payment,1771508434.689206,14613,16,1
1,NewOrder,1771508434.689926,18948,5,1
2,Payment,1771508434.689930,13179,4,1
1,NewOrder,1771508434.689948,21566,23,1
1,NewOrder,1771508434.690281,22399,8,1
5,StockLevel,1771508434.693294,26000,6,1
3,OrderStatus,1771508434.693726,9137,2,1
2,Payment,1771508434.694711,13389,13,1
1,NewOrder,1771508434.697909,37685,21,1
2,Payment,1771508434.698859,9191,19,1
2,Payment,1771508434.699691,12071,1,1
1,NewOrder,1771508434.700002,43007,18,1
2,Payment,1771508434.700022,11715,17,1
2,Payment,1771508434.702884,11429,2,1
3,OrderStatus,1771508434.703146,2426,4,1
2,Payment,1771508434.703838,9992,16,1
2,Payment,1771508434.705246,14235,10,1
4,Delivery,1771508434.705608,5691,4,1
2,Payment,1771508434.706059,13995,20,1
1,NewOrder,1771508434.707321,38492,11,1
2,Payment,1771508434.708063,15209,19,1
3,OrderStatus,1771508434.708135,5465,13,1
2,Payment,1771508434.708783,13131,7,1
1,NewOrder,1771508434.708928,30369,5,1
1,NewOrder,1771508434.709016,40897,15,1
2,Payment,1771508434.710575,17688,3,1
2,Payment,1771508434.711265,5586,0,1
2,Payment,1771508434.711288,17093,12,1
2,Payment,1771508434.711334,8688,4,1
4,Delivery,1771508434.711376,69928,14,1
1,NewOrder,1771508434.711538,54683,23,1
2,Payment,1771508434.711756,20422,17,1
1,NewOrder,1771508434.711788,31935,1,1
1,NewOrder,1771508434.712702,42141,8,1
1,NewOrder,1771508434.713113,36246,22,1
2,Payment,1771508434.713635,27498,13,1
1,NewOrder,1771508434.713849,43840,16,1
1,NewOrder,1771508434.714338,33923,2,1
3,OrderStatus,1771508434.716888,1969,0,1
4,Delivery,1771508434.718892,2440,0,1
2,Payment,1771508434.719316,27494,6,1
2,Payment,1771508434.719516,18817,10,1
1,NewOrder,1771508434.720053,20406,4,1
2,Payment,1771508434.720083,21026,20,1
3,OrderStatus,1771508434.721362,1718,0,1
4,Delivery,1771508434.721947,40585,7,1
1,NewOrder,1771508434.723113,18121,0,1
5,StockLevel,1771508434.723302,32249,19,1
1,NewOrder,1771508434.727456,6156,9,1
1,NewOrder,1771508434.728293,27721,3,1
1,NewOrder,1771508434.728410,40663,12,1
2,Payment,1771508434.732208,12368,17,1
2,Payment,1771508434.733637,8136,9,1
1,NewOrder,1771508434.735625,27461,21,1
2,Payment,1771508434.738349,11352,10,1
1,NewOrder,1771508434.739308,22525,5,1
2,Payment,1771508434.740489,9289,4,1
1,NewOrder,1771508434.741138,39396,20,1
1,NewOrder,1771508434.741157,40161,13,1
1,NewOrder,1771508434.741282,27043,0,1
1,NewOrder,1771508434.741800,40499,9,1
2,Payment,1771508434.743024,12228,18,1
2,Payment,1771508434.743748,13391,1,1
1,NewOrder,1771508434.744607,30250,17,1
1,NewOrder,1771508434.745836,46295,11,1
3,OrderStatus,1771508434.746835,8745,6,1
1,NewOrder,1771508434.748277,35679,2,1
2,Payment,1771508434.749387,14059,22,1
1,NewOrder,1771508434.749729,40950,10,1
2,Payment,1771508434.749807,13177,4,1
2,Payment,1771508434.749940,13532,15,1
2,Payment,1771508434.754877,16709,8,1
4,Delivery,1771508434.755281,18166,18,1
1,NewOrder,1771508434.755577,33823,19,1
1,NewOrder,1771508434.755604,27327,6,1
2,Payment,1771508434.756039,18332,3,1
2,Payment,1771508434.757156,13517,1,1
1,NewOrder,1771508434.757714,26771,16,1
1,NewOrder,1771508434.761861,26055,5,1
2,Payment,1771508434.762556,15502,7,1
1,NewOrder,1771508434.763002,30553,4,1
1,NewOrder,1771508434.763111,29407,21,1
1,NewOrder,1771508434.763471,23797,22,1
5,StockLevel,1771508434.763490,27839,15,1
1,NewOrder,1771508434.766254,30922,23,1
4,Delivery,1771508434.768354,16556,0,1
2,Payment,1771508434.769094,16615,12,1
2,Payment,1771508434.770694,11547,1,1
1,NewOrder,1771508434.771603,38891,8,1
1,NewOrder,1771508434.773475,33006,18,1
1,NewOrder,1771508434.774399,27674,3,1
1,NewOrder,1771508434.774874,40298,17,1
2,Payment,1771508434.778072,12136,7,1
1,NewOrder,1771508434.780569,33877,20,1
2,Payment,1771508434.781330,13452,14,1
1,NewOrder,1771508434.781339,22130,13,1
2,Payment,1771508434.782267,7460,1,1
2,Payment,1771508434.782327,10848,9,1
2,Payment,1771508434.782951,13546,6,1
2,Payment,1771508434.783973,10938,2,1
2,Payment,1771508434.784510,14186,16,1
2,Payment,1771508434.784921,19915,0,1
1,NewOrder,1771508434.785744,35478,12,1
1,NewOrder,1771508434.787288,28564,22,1
2,Payment,1771508434.787932,26039,5,1
2,Payment,1771508434.789424,12028,19,1
2,Payment,1771508434.789755,12330,1,1
1,NewOrder,1771508434.790223,30047,7,1
4,Delivery,1771508434.790700,105556,10,1
1,NewOrder,1771508434.791348,27317,15,1
2,Payment,1771508434.792160,18909,11,1
1,NewOrder,1771508434.792551,34846,21,1
1,NewOrder,1771508434.793197,34695,9,1
5,StockLevel,1771508434.793582,30159,4,1
4,Delivery,1771508434.794810,39540,14,1
1,NewOrder,1771508434.794927,46611,2,1
5,StockLevel,1771508434.796525,11073,6,1
2,Payment,1771508434.797187,16053,23,1
1,NewOrder,1771508434.798724,25889,16,1
2,Payment,1771508434.801472,14742,19,1
2,Payment,1771508434.802100,7930,1,1
2,Payment,1771508434.802102,17480,3,1
1,NewOrder,1771508434.803499,43240,13,1
2,Payment,1771508434.804856,12230,0,1
1,NewOrder,1771508434.806506,32405,18,1
2,Payment,1771508434.807626,16557,6,1
1,NewOrder,1771508434.810046,40048,1,1
2,Payment,1771508434.810515,17430,8,1
2,Payment,1771508434.811086,19465,11,1
3,OrderStatus,1771508434.813283,10974,23,1
2,Payment,1771508434.813986,8085,5,1
1,NewOrder,1771508434.814472,23861,20,1
3,OrderStatus,1771508434.815191,13512,17,1
2,Payment,1771508434.815884,10167,22,1
3,OrderStatus,1771508434.816239,8859,19,1
1,NewOrder,1771508434.817115,25935,0,1
1,NewOrder,1771508434.818691,28669,15,1
1,NewOrder,1771508434.819609,32237,3,1
1,NewOrder,1771508434.820297,39560,7,1
2,Payment,1771508434.821237,15346,12,1
1,NewOrder,1771508434.822097,34078,5,1
2,Payment,1771508434.823769,12062,4,1
1,NewOrder,1771508434.824204,31006,6,1
1,NewOrder,1771508434.824289,32250,23,1
3,OrderStatus,1771508434.824629,8577,16,1
1,NewOrder,1771508434.825111,33549,19,1
2,Payment,1771508434.826070,13342,22,1
1,NewOrder,1771508434.827424,41565,21,1
2,Payment,1771508434.827909,17679,9,1
2,Payment,1771508434.827975,22568,8,1
2,Payment,1771508434.828717,11059,17,1
2,Payment,1771508434.830729,17034,11,1
5,StockLevel,1771508434.833340,30220,16,1
1,NewOrder,1771508434.834379,25133,14,1
1,NewOrder,1771508434.835852,33901,4,1
4,Delivery,1771508434.836610,20084,12,1
1,NewOrder,1771508434.838353,31858,20,1
2,Payment,1771508434.838925,8448,18,1
1,NewOrder,1771508434.839421,30381,22,1
2,Payment,1771508434.839783,8159,17,1
2,Payment,1771508434.841561,9404,2,1
1,NewOrder,1771508434.843072,36730,0,1
1,NewOrder,1771508434.845611,31120,9,1
2,Payment,1771508434.846754,11293,13,1
1,NewOrder,1771508434.847375,35913,15,1
1,NewOrder,1771508434.847385,42843,18,1
2,Payment,1771508434.847785,5352,11,1
2,Payment,1771508434.847950,6106,17,1
1,NewOrder,1771508434.850106,25027,1,1
2,Payment,1771508434.850563,5569,8,1
2,Payment,1771508434.850979,5574,2,1
2,Payment,1771508434.851867,8011,3,1
1,NewOrder,1771508434.853166,15494,11,1
1,NewOrder,1771508434.854077,30528,17,1
1,NewOrder,1771508434.855234,18776,6,1
5,StockLevel,1771508434.856182,16229,8,1
3,OrderStatus,1771508434.856195,8259,5,1
1,NewOrder,1771508434.856559,20685,23,1
1,NewOrder,1771508434.856566,20075,2,1
1,NewOrder,1771508434.856708,26148,12,1
1,NewOrder,1771508434.858069,34499,13,1
2,Payment,1771508434.858678,7668,19,1
1,NewOrder,1771508434.859528,38341,14,1
1,NewOrder,1771508434.859868,38946,7,1
1,NewOrder,1771508434.859898,30325,3,1
1,NewOrder,1771508434.863591,22939,16,1
2,Payment,1771508434.864479,12730,5,1
1,NewOrder,1771508434.866361,47995,19,1
2,Payment,1771508434.868668,12044,11,1
5,StockLevel,1771508434.869008,15832,21,1
2,Payment,1771508434.869764,11556,4,1
1,NewOrder,1771508434.869828,25708,22,1
1,NewOrder,1771508434.870221,32430,20,1
2,Payment,1771508434.872428,10841,8,1
1,NewOrder,1771508434.874032,22881,6,1
2,Payment,1771508434.875145,33565,1,1
5,StockLevel,1771508434.876662,16648,2,1
1,NewOrder,1771508434.876756,22771,9,1
2,Payment,1771508434.877225,11919,5,1
1,NewOrder,1771508434.877281,42526,23,1
2,Payment,1771508434.879821,11384,0,1
1,NewOrder,1771508434.880726,16216,11,1
2,Payment,1771508434.881343,29562,4,1
2,Payment,1771508434.882880,12299,12,1
1,NewOrder,1771508434.883294,33224,8,1
1,NewOrder,1771508434.883302,38292,15,1
4,Delivery,1771508434.884625,129296,17,1
1,NewOrder,1771508434.884851,23446,21,1
1,NewOrder,1771508434.886550,26926,16,1
1,NewOrder,1771508434.889169,32929,5,1
1,NewOrder,1771508434.890245,33114,3,1
1,NewOrder,1771508434.890249,40708,18,1
2,Payment,1771508434.891218,15263,0,1
2,Payment,1771508434.892584,16112,13,1
1,NewOrder,1771508434.893330,24524,2,1
1,NewOrder,1771508434.895203,44072,12,1
2,Payment,1771508434.895549,10444,22,1
1,NewOrder,1771508434.896278,42319,10,1
1,NewOrder,1771508434.896931,24101,6,1
2,Payment,1771508434.896954,6738,11,1
5,StockLevel,1771508434.897888,29602,14,1
2,Payment,1771508434.898833,9978,7,1
1,NewOrder,1771508434.899545,32452,9,1
1,NewOrder,1771508434.902665,30904,20,1
2,Payment,1771508434.903712,15364,11,1
2,Payment,1771508434.906012,16145,22,1
1,NewOrder,1771508434.906504,32923,0,1
1,NewOrder,1771508434.908314,33866,21,1
5,StockLevel,1771508434.908713,27197,13,1
1,NewOrder,1771508434.908733,6203,1,1
4,Delivery,1771508434.908837,42055,7,1
5,StockLevel,1771508434.910925,1718,4,1
1,NewOrder,1771508434.912656,20885,4,1
1,NewOrder,1771508434.913495,22676,16,1
1,NewOrder,1771508434.914384,30196,19,1
1,NewOrder,1771508434.914959,10388,1,1
3,OrderStatus,1771508434.916533,11448,8,1
2,Payment,1771508434.917874,7079,2,1
1,NewOrder,1771508434.919089,25587,11,1
1,NewOrder,1771508434.919825,24717,23,1
1,NewOrder,1771508434.921054,23461,6,1
1,NewOrder,1771508434.921614,29962,15,1
1,NewOrder,1771508434.922110,21610,5,1
1,NewOrder,1771508434.922169,40901,22,1
1,NewOrder,1771508434.923377,32345,3,1
2,Payment,1771508434.924966,8211,2,1
2,Payment,1771508434.925367,9969,1,1
1,NewOrder,1771508434.927506,21827,14,1
1,NewOrder,1771508434.927991,21749,8,1
2,Payment,1771508434.930980,8878,18,1
1,NewOrder,1771508434.932017,31846,9,1
4,Delivery,1771508434.933187,68691,2,1
1,NewOrder,1771508434.933558,29189,4,1
2,Payment,1771508434.933602,13443,20,1
1,NewOrder,1771508434.935349,19875,1,1
3,OrderStatus,1771508434.935929,7923,13,1
2,Payment,1771508434.936197,9931,16,1
3,OrderStatus,1771508434.938623,7568,10,1
1,NewOrder,1771508434.939292,37077,12,1
3,OrderStatus,1771508434.939448,7000,0,1
2,Payment,1771508434.939878,9806,18,1
2,Payment,1771508434.942202,17182,21,1
2,Payment,1771508434.943737,6022,5,1
2,Payment,1771508434.943868,10840,13,1
2,Payment,1771508434.944526,10146,6,1
2,Payment,1771508434.944555,9105,23,1
2,Payment,1771508434.944604,11523,19,1
1,NewOrder,1771508434.944693,16992,11,1
2,Payment,1771508434.946144,10486,16,1
1,NewOrder,1771508434.946205,18705,10,1
4,Delivery,1771508434.946460,55954,0,1
2,Payment,1771508434.947055,14380,20,1
1,NewOrder,1771508434.949345,29902,14,1
1,NewOrder,1771508434.949711,34167,18,1
2,Payment,1771508434.949765,11310,8,1
2,Payment,1771508434.949776,8612,5,1
1,NewOrder,1771508434.950904,31502,7,1
4,Delivery,1771508434.951587,62905,15,1
3,OrderStatus,1771508434.953675,7918,23,1
1,NewOrder,1771508434.954695,28818,6,1
1,NewOrder,1771508434.954724,16558,13,1
1,NewOrder,1771508434.955233,21089,1,1
1,NewOrder,1771508434.955740,17807,3,1
2,Payment,1771508434.956152,19478,19,1
1,NewOrder,1771508434.956643,26868,16,1
1,NewOrder,1771508434.958416,20040,5,1
2,Payment,1771508434.959405,14139,21,1
1,NewOrder,1771508434.961102,37148,8,1
1,NewOrder,1771508434.961446,22050,20,1
1,NewOrder,1771508434.961608,16245,23,1
1,NewOrder,1771508434.961694,22222,11,1
2,Payment,1771508434.962775,7969,4,1
1,NewOrder,1771508434.963083,16658,22,1
4,Delivery,1771508434.963890,59134,9,1
2,Payment,1771508434.964927,12458,10,1
2,Payment,1771508434.970773,7747,4,1
2,Payment,1771508434.971302,13826,13,1
1,NewOrder,1771508434.973562,30999,3,1
1,NewOrder,1771508434.973573,36773,21,1
1,NewOrder,1771508434.975648,7855,19,1
1,NewOrder,1771508434.976334,20096,1,1
2,Payment,1771508434.976402,11696,12,1
2,Payment,1771508434.977416,11626,10,1
2,Payment,1771508434.977874,12594,23,1
1,NewOrder,1771508434.978464,19391,5,1
2,Payment,1771508434.978546,11393,4,1
1,NewOrder,1771508434.979261,33101,14,1
1,NewOrder,1771508434.979751,22904,22,1
2,Payment,1771508434.982430,9521,7,1
1,NewOrder,1771508434.983508,33246,20,1
2,Payment,1771508434.983531,8944,19,1
5,StockLevel,1771508434.983538,12749,16,1
5,StockLevel,1771508434.983546,13297,6,1
1,NewOrder,1771508434.983887,28399,18,1
1,NewOrder,1771508434.983929,28345,11,1
2,Payment,1771508434.985139,6327,13,1
1,NewOrder,1771508434.988118,18741,12,1
1,NewOrder,1771508434.989072,28454,10,1
2,Payment,1771508434.989958,7211,4,1
1,NewOrder,1771508434.990480,28877,23,1
2,Payment,1771508434.991485,6767,13,1
2,Payment,1771508434.991971,10274,7,1
1,NewOrder,1771508434.992492,15950,19,1
2,Payment,1771508434.996309,15372,16,1
3,OrderStatus,1771508434.996449,8744,1,1
1,NewOrder,1771508434.996856,28078,6,1
5,StockLevel,1771508434.997185,17772,4,1
3,OrderStatus,1771508434.997869,8458,5,1
2,Payment,1771508434.998264,8913,8,1
1,NewOrder,1771508434.998270,23802,13,1
4,Delivery,1771508435.001894,67627,2,1
2,Payment,1771508435.002273,8101,7,1
1,NewOrder,1771508435.002432,7141,0,1
1,NewOrder,1771508435.002683,27209,22,1
2,Payment,1771508435.004587,9893,3,1
2,Payment,1771508435.005213,12167,1,1
1,NewOrder,1771508435.006340,34372,5,1
1,NewOrder,1771508435.006875,44130,12,1
2,Payment,1771508435.007186,5145,8,1
2,Payment,1771508435.008460,11648,19,1
1,NewOrder,1771508435.009588,7480,0,1
2,Payment,1771508435.010363,16332,21,1
2,Payment,1771508435.010401,4659,7,1
1,NewOrder,1771508435.011698,20122,16,1
1,NewOrder,1771508435.012291,30874,11,1
2,Payment,1771508435.012301,16130,18,1
2,Payment,1771508435.012352,7703,8,1
2,Payment,1771508435.012383,13784,14,1
1,NewOrder,1771508435.013937,47241,17,1
1,NewOrder,1771508435.014500,36915,3,1
2,Payment,1771508435.014512,14255,15,1
2,Payment,1771508435.014968,11224,4,1
2,Payment,1771508435.015074,10246,7,1
2,Payment,1771508435.016773,18942,20,1
1,NewOrder,1771508435.017080,8272,0,1
2,Payment,1771508435.017403,11452,1,1
1,NewOrder,1771508435.017540,47025,10,1
2,Payment,1771508435.019375,13318,23,1
2,Payment,1771508435.020066,14281,8,1
2,Payment,1771508435.020120,10249,19,1
2,Payment,1771508435.022087,9662,13,1
1,NewOrder,1771508435.023042,44463,9,1
2,Payment,1771508435.024952,14011,6,1
1,NewOrder,1771508435.025332,29137,7,1
2,Payment,1771508435.025373,5618,0,1
1,NewOrder,1771508435.026192,39308,14,1
1,NewOrder,1771508435.026206,32491,4,1
1,NewOrder,1771508435.026709,32634,21,1
1,NewOrder,1771508435.028443,32018,18,1
2,Payment,1771508435.028784,5867,15,1
1,NewOrder,1771508435.028878,25957,1,1
4,Delivery,1771508435.029911,109387,22,1
2,Payment,1771508435.030381,8905,19,1
1,NewOrder,1771508435.031009,13406,0,1
3,OrderStatus,1771508435.031767,10516,13,1
5,StockLevel,1771508435.031832,29714,16,1
1,NewOrder,1771508435.032710,25401,23,1
1,NewOrder,1771508435.034357,40277,8,1
1,NewOrder,1771508435.034670,7600,15,1
3,OrderStatus,1771508435.035724,11408,20,1
1,NewOrder,1771508435.038972,40146,6,1
2,Payment,1771508435.039309,9158,19,1
2,Payment,1771508435.040734,16665,5,1
2,Payment,1771508435.042288,2717,15,1
2,Payment,1771508435.042301,9147,13,1
1,NewOrder,1771508435.043184,30259,11,1
3,OrderStatus,1771508435.044436,6731,0,1
2,Payment,1771508435.045022,10868,15,1
1,NewOrder,1771508435.047145,25741,20,1
2,Payment,1771508435.048486,13889,19,1
2,Payment,1771508435.051015,14342,12,1
1,NewOrder,1771508435.051195,31869,0,1
5,StockLevel,1771508435.051440,25381,3,1
1,NewOrder,1771508435.051472,28350,13,1
2,Payment,1771508435.054479,7477,7,1
2,Payment,1771508435.054858,6692,1,1
1,NewOrder,1771508435.055914,5220,15,1
2,Payment,1771508435.057412,8050,5,1
2,Payment,1771508435.058129,11429,23,1
2,Payment,1771508435.058708,10380,4,1
1,NewOrder,1771508435.059357,31413,21,1
2,Payment,1771508435.060485,11327,18,1
2,Payment,1771508435.061145,6824,15,1
1,NewOrder,1771508435.061205,23535,17,1
2,Payment,1771508435.061556,9721,16,1
1,NewOrder,1771508435.061567,35531,1,1
4,Delivery,1771508435.061976,30348,7,1
1,NewOrder,1771508435.062396,23186,19,1
2,Payment,1771508435.064576,11920,10,1
2,Payment,1771508435.065374,13358,12,1
1,NewOrder,1771508435.065481,31088,5,1
1,NewOrder,1771508435.065528,33859,14,1
1,NewOrder,1771508435.067523,31398,9,1
2,Payment,1771508435.067980,5902,15,1
2,Payment,1771508435.069108,8174,4,1
1,NewOrder,1771508435.069536,29878,2,1
1,NewOrder,1771508435.069575,29861,23,1
4,Delivery,1771508435.071297,111729,16,1
1,NewOrder,1771508435.071824,22524,18,1
3,OrderStatus,1771508435.072904,9842,20,1
1,NewOrder,1771508435.073461,28060,11,1
2,Payment,1771508435.073905,6881,15,1
2,Payment,1771508435.074652,10939,8,1
1,NewOrder,1771508435.076508,22898,10,1
1,NewOrder,1771508435.076840,25979,3,1
2,Payment,1771508435.077300,8386,4,1
1,NewOrder,1771508435.078745,24885,12,1
1,NewOrder,1771508435.079127,26036,6,1
2,Payment,1771508435.079833,9086,13,1
1,NewOrder,1771508435.080793,12354,15,1
1,NewOrder,1771508435.082766,29896,20,1
2,Payment,1771508435.083082,14081,0,1
1,NewOrder,1771508435.084768,31294,17,1
2,Payment,1771508435.085599,11585,19,1
2,Payment,1771508435.085607,11515,8,1
2,Payment,1771508435.085706,8081,4,1
1,NewOrder,1771508435.088931,29875,13,1
2,Payment,1771508435.090790,11909,21,1
1,NewOrder,1771508435.092332,17845,7,1
2,Payment,1771508435.093167,6863,15,1
1,NewOrder,1771508435.093805,17992,4,1
1,NewOrder,1771508435.094357,21328,18,1
2,Payment,1771508435.096592,7670,5,1
4,Delivery,1771508435.097112,40450,1,1
2,Payment,1771508435.097151,5113,8,1
1,NewOrder,1771508435.097190,48690,0,1
1,NewOrder,1771508435.097204,26092,19,1
2,Payment,1771508435.098939,11887,9,1
2,Payment,1771508435.099405,16625,14,1
2,Payment,1771508435.099432,24851,10,1
1,NewOrder,1771508435.099439,27149,2,1
1,NewOrder,1771508435.099449,21217,23,1
1,NewOrder,1771508435.100042,21489,15,1
2,Payment,1771508435.101536,25755,11,1
5,StockLevel,1771508435.102288,11603,8,1
4,Delivery,1771508435.102713,36941,21,1
1,NewOrder,1771508435.102828,30053,3,1
2,Payment,1771508435.103648,15655,12,1
1,NewOrder,1771508435.104274,26407,5,1
2,Payment,1771508435.105176,8291,6,1
2,Payment,1771508435.110188,23090,7,1
2,Payment,1771508435.110848,11188,9,1
1,NewOrder,1771508435.111819,28351,4,1
1,NewOrder,1771508435.112677,23285,20,1
2,Payment,1771508435.113488,24451,6,1
1,NewOrder,1771508435.113912,30105,8,1
2,Payment,1771508435.115705,5464,18,1
1,NewOrder,1771508435.116047,25159,14,1
1,NewOrder,1771508435.116075,15870,17,1
2,Payment,1771508435.118822,8400,13,1
2,Payment,1771508435.119325,11584,12,1
1,NewOrder,1771508435.120683,19429,23,1
1,NewOrder,1771508435.121189,27612,18,1
1,NewOrder,1771508435.121543,44240,15,1
1,NewOrder,1771508435.122042,36818,9,1
2,Payment,1771508435.123314,6817,19,1
2,Payment,1771508435.124303,6485,10,1
1,NewOrder,1771508435.126604,36125,2,1
2,Payment,1771508435.127241,7703,13,1
2,Payment,1771508435.127303,8355,11,1
2,Payment,1771508435.130142,6058,19,1
1,NewOrder,1771508435.130699,23110,5,1
1,NewOrder,1771508435.130804,24472,10,1
1,NewOrder,1771508435.130932,15864,12,1
1,NewOrder,1771508435.131961,35020,17,1
4,Delivery,1771508435.132905,5107,3,1
2,Payment,1771508435.133298,13128,7,1
1,NewOrder,1771508435.134960,27054,13,1
2,Payment,1771508435.135674,4876,11,1
3,OrderStatus,1771508435.135979,6942,20,1
2,Payment,1771508435.136218,8153,19,1
1,NewOrder,1771508435.137576,37873,1,1
2,Payment,1771508435.137956,5402,6,1
2,Payment,1771508435.138033,6309,3,1
2,Payment,1771508435.139316,23715,22,1
2,Payment,1771508435.139664,6786,21,1
2,Payment,1771508435.140134,12858,23,1
1,NewOrder,1771508435.140192,19560,4,1
2,Payment,1771508435.140561,8625,11,1
2,Payment,1771508435.141221,18861,14,1
1,NewOrder,1771508435.142932,29116,20,1
1,NewOrder,1771508435.143374,20654,6,1
2,Payment,1771508435.144030,14288,8,1
2,Payment,1771508435.144357,10897,3,1
1,NewOrder,1771508435.144383,43406,19,1
2,Payment,1771508435.145889,13018,0,1
2,Payment,1771508435.146440,5403,7,1
1,NewOrder,1771508435.146461,5067,21,1
4,Delivery,1771508435.146814,37057,12,1
1,NewOrder,1771508435.148827,23626,18,1
3,OrderStatus,1771508435.149208,2379,11,1
2,Payment,1771508435.151545,14046,21,1
2,Payment,1771508435.151609,2690,11,1
2,Payment,1771508435.151854,4406,7,1
2,Payment,1771508435.153010,7912,23,1
1,NewOrder,1771508435.153829,17486,5,1
2,Payment,1771508435.154310,8468,11,1
2,Payment,1771508435.155265,7813,3,1
2,Payment,1771508435.155294,9752,10,1
1,NewOrder,1771508435.156281,23320,7,1
1,NewOrder,1771508435.158341,38798,8,1
2,Payment,1771508435.158871,9522,9,1
2,Payment,1771508435.158924,8976,0,1
1,NewOrder,1771508435.159761,22814,4,1
2,Payment,1771508435.160096,10513,14,1
1,NewOrder,1771508435.160933,41292,23,1
2,Payment,1771508435.162025,10390,13,1
2,Payment,1771508435.162748,8381,2,1
2,Payment,1771508435.162797,11052,11,1
2,Payment,1771508435.163045,4221,22,1
1,NewOrder,1771508435.163087,38628,3,1
2,Payment,1771508435.164049,8049,6,1
1,NewOrder,1771508435.165056,16420,10,1
1,NewOrder,1771508435.165598,17580,21,1
1,NewOrder,1771508435.165789,36503,15,1
2,Payment,1771508435.167007,10064,17,1
2,Payment,1771508435.167282,4782,22,1
1,NewOrder,1771508435.167908,39448,0,1
2,Payment,1771508435.168399,13191,9,1
1,NewOrder,1771508435.170630,28732,14,1
2,Payment,1771508435.171140,11360,2,1
1,NewOrder,1771508435.171325,39413,5,1
1,NewOrder,1771508435.172066,37885,20,1
2,Payment,1771508435.172075,5920,22,1
2,Payment,1771508435.172119,20627,6,1
2,Payment,1771508435.172423,8754,13,1
1,NewOrder,1771508435.172473,36045,18,1
1,NewOrder,1771508435.173864,4861,11,1
2,Payment,1771508435.175470,11240,1,1
1,NewOrder,1771508435.177089,38621,17,1
1,NewOrder,1771508435.178011,21866,22,1
1,NewOrder,1771508435.178745,9021,11,1
2,Payment,1771508435.179617,10542,7,1
1,NewOrder,1771508435.181197,26201,13,1
2,Payment,1771508435.181494,15066,10,1
2,Payment,1771508435.181602,13053,9,1
2,Payment,1771508435.182513,10697,2,1
1,NewOrder,1771508435.182588,32187,4,1
2,Payment,1771508435.183038,9304,16,1
1,NewOrder,1771508435.183188,44749,21,1
1,NewOrder,1771508435.183892,5328,12,1
2,Payment,1771508435.186725,9370,1,1
1,NewOrder,1771508435.187786,4920,11,1
1,NewOrder,1771508435.187802,16732,19,1
3,OrderStatus,1771508435.189239,2653,12,1
2,Payment,1771508435.190175,13250,7,1
3,OrderStatus,1771508435.191916,6098,12,1
2,Payment,1771508435.192354,9826,16,1
2,Payment,1771508435.192722,8345,11,1
4,Delivery,1771508435.192763,9509,6,1
1,NewOrder,1771508435.193232,17173,2,1
2,Payment,1771508435.194667,15656,9,1
2,Payment,1771508435.196116,6416,1,1
2,Payment,1771508435.196577,8885,10,1
2,Payment,1771508435.197152,10882,8,1
2,Payment,1771508435.198031,7032,12,1
1,NewOrder,1771508435.199378,28520,14,1
2,Payment,1771508435.199898,6967,22,1
2,Payment,1771508435.201078,14118,11,1
1,NewOrder,1771508435.201722,34373,3,1
2,Payment,1771508435.202187,7187,16,1
1,NewOrder,1771508435.202243,36319,23,1
1,NewOrder,1771508435.202290,25118,6,1
2,Payment,1771508435.202306,14544,15,1
1,NewOrder,1771508435.202549,39207,1,1
2,Payment,1771508435.203444,9189,7,1
2,Payment,1771508435.204552,7360,19,1
4,Delivery,1771508435.205072,16178,12,1
2,Payment,1771508435.205481,11926,10,1
2,Payment,1771508435.206878,8822,22,1
1,NewOrder,1771508435.207368,21352,0,1
2,Payment,1771508435.207418,7864,13,1
2,Payment,1771508435.208046,11215,8,1
1,NewOrder,1771508435.208531,25851,18,1
1,NewOrder,1771508435.209382,37775,16,1
2,Payment,1771508435.209970,16701,20,1
2,Payment,1771508435.210331,12764,9,1
2,Payment,1771508435.210420,10117,2,1
2,Payment,1771508435.210747,12015,5,1
1,NewOrder,1771508435.211927,35191,19,1
4,Delivery,1771508435.212652,18886,7,1
1,NewOrder,1771508435.214797,38922,4,1
2,Payment,1771508435.215206,6299,11,1
2,Payment,1771508435.215303,5832,13,1
1,NewOrder,1771508435.215719,31307,22,1
2,Payment,1771508435.215725,7931,17,1
1,NewOrder,1771508435.216860,21060,15,1
3,OrderStatus,1771508435.217423,2810,10,1
2,Payment,1771508435.219272,5357,8,1
1,NewOrder,1771508435.220245,40444,10,1
2,Payment,1771508435.220557,13809,2,1
2,Payment,1771508435.221155,14896,13,1
2,Payment,1771508435.221277,17136,12,1
1,NewOrder,1771508435.221525,23723,11,1
1,NewOrder,1771508435.222775,19354,5,1
1,NewOrder,1771508435.223108,12377,9,1
2,Payment,1771508435.223677,10277,17,1
1,NewOrder,1771508435.224639,18069,8,1
1,NewOrder,1771508435.226690,39604,20,1
5,StockLevel,1771508435.227425,16371,6,1
5,StockLevel,1771508435.227911,17038,14,1
2,Payment,1771508435.227954,8969,21,1
2,Payment,1771508435.228730,13902,0,1
2,Payment,1771508435.231555,6440,7,1
1,NewOrder,1771508435.233981,38456,17,1
1,NewOrder,1771508435.234376,36872,2,1
4,Delivery,1771508435.234401,16347,18,1
2,Payment,1771508435.235501,13360,9,1
2,Payment,1771508435.236070,6023,13,1
3,OrderStatus,1771508435.236122,6220,3,1
5,StockLevel,1771508435.236942,19636,21,1
2,Payment,1771508435.237934,9582,15,1
2,Payment,1771508435.238012,8633,7,1
1,NewOrder,1771508435.238428,9043,12,1
2,Payment,1771508435.238579,4687,23,1
1,NewOrder,1771508435.241780,20672,1,1
2,Payment,1771508435.242111,7285,13,1
3,OrderStatus,1771508435.242154,4393,5,1
2,Payment,1771508435.242354,8751,3,1
2,Payment,1771508435.242642,5006,0,1
2,Payment,1771508435.242719,8456,8,1
1,NewOrder,1771508435.243281,24977,23,1
1,NewOrder,1771508435.243807,42213,6,1
1,NewOrder,1771508435.244967,33927,14,1
2,Payment,1771508435.245297,10569,11,1
1,NewOrder,1771508435.246571,39490,5,1
1,NewOrder,1771508435.246666,35623,7,1
1,NewOrder,1771508435.247038,25881,22,1
1,NewOrder,1771508435.247130,35117,19,1
2,Payment,1771508435.247174,12384,16,1
2,Payment,1771508435.247479,7741,12,1
1,NewOrder,1771508435.247528,34819,15,1
2,Payment,1771508435.247657,9662,0,1
2,Payment,1771508435.248877,5232,9,1
2,Payment,1771508435.249412,8714,13,1
1,NewOrder,1771508435.250760,20195,18,1
1,NewOrder,1771508435.251125,39184,3,1
1,NewOrder,1771508435.251193,39552,8,1
2,Payment,1771508435.253732,8318,4,1
5,StockLevel,1771508435.254129,21676,9,1
1,NewOrder,1771508435.255230,30374,12,1
1,NewOrder,1771508435.255873,26494,11,1
1,NewOrder,1771508435.256605,29805,21,1
1,NewOrder,1771508435.257327,19176,0,1
2,Payment,1771508435.258142,5566,13,1
1,NewOrder,1771508435.259584,20463,16,1
1,NewOrder,1771508435.260704,21602,10,1
2,Payment,1771508435.262076,5846,4,1
2,Payment,1771508435.262468,8461,1,1
2,Payment,1771508435.263727,6269,13,1
1,NewOrder,1771508435.266316,28254,20,1
1,NewOrder,1771508435.267935,27371,4,1
1,NewOrder,1771508435.268264,23299,23,1
1,NewOrder,1771508435.270021,23970,13,1
1,NewOrder,1771508435.270942,19961,1,1
1,NewOrder,1771508435.270974,26461,18,1
5,StockLevel,1771508435.271258,18192,2,1
2,Payment,1771508435.272463,9694,17,1
2,Payment,1771508435.272935,6285,22,1
2,Payment,1771508435.275826,10115,9,1
4,Delivery,1771508435.276530,14671,0,1
5,StockLevel,1771508435.278920,19552,14,1
1,NewOrder,1771508435.279246,38724,22,1
2,Payment,1771508435.280063,10659,16,1
1,NewOrder,1771508435.282183,13114,17,1
1,NewOrder,1771508435.282274,31150,19,1
2,Payment,1771508435.282303,12944,7,1
1,NewOrder,1771508435.282327,31235,10,1
1,NewOrder,1771508435.282361,18132,15,1
2,Payment,1771508435.282379,22281,11,1
2,Payment,1771508435.285624,9732,12,1
2,Payment,1771508435.285959,6635,9,1
5,StockLevel,1771508435.286038,9119,6,1
2,Payment,1771508435.286074,12832,5,1
2,Payment,1771508435.286436,8940,21,1
2,Payment,1771508435.289467,12112,2,1
2,Payment,1771508435.290340,13694,3,1
2,Payment,1771508435.290734,6009,16,1
1,NewOrder,1771508435.290759,25508,8,1
3,OrderStatus,1771508435.290930,6402,1,1
1,NewOrder,1771508435.291215,16856,0,1
1,NewOrder,1771508435.291575,26224,23,1
2,Payment,1771508435.292607,10667,9,1
1,NewOrder,1771508435.294009,31937,13,1
1,NewOrder,1771508435.294581,21211,20,1
5,StockLevel,1771508435.295175,16351,6,1
2,Payment,1771508435.295269,11966,7,1
2,Payment,1771508435.295319,10354,4,1
1,NewOrder,1771508435.295324,24896,17,1
1,NewOrder,1771508435.295384,36351,12,1
2,Payment,1771508435.295388,4649,21,1
5,StockLevel,1771508435.296752,13843,16,1
1,NewOrder,1771508435.297347,31456,1,1
2,Payment,1771508435.297453,5750,18,1
2,Payment,1771508435.298493,14409,14,1
1,NewOrder,1771508435.298916,26591,5,1
1,NewOrder,1771508435.300062,37727,21,1
1,NewOrder,1771508435.300511,22578,15,1
5,StockLevel,1771508435.301601,8839,2,1
2,Payment,1771508435.303220,13593,18,1
1,NewOrder,1771508435.303288,18771,9,1
1,NewOrder,1771508435.304050,25710,3,1
2,Payment,1771508435.304672,4739,11,1
2,Payment,1771508435.305682,3336,4,1
2,Payment,1771508435.307257,3628,7,1
4,Delivery,1771508435.308085,15340,0,1
2,Payment,1771508435.309026,6886,4,1
2,Payment,1771508435.309437,3847,11,1
2,Payment,1771508435.310462,8165,2,1
1,NewOrder,1771508435.310610,18986,16,1
2,Payment,1771508435.310904,5729,7,1
2,Payment,1771508435.311549,10426,6,1
1,NewOrder,1771508435.312928,41913,14,1
1,NewOrder,1771508435.313296,8644,11,1
2,Payment,1771508435.313448,7784,19,1
1,NewOrder,1771508435.313589,40656,10,1
3,OrderStatus,1771508435.315810,8078,20,1
2,Payment,1771508435.315928,6610,4,1
2,Payment,1771508435.316283,8374,8,1
2,Payment,1771508435.316651,22872,7,1
1,NewOrder,1771508435.316840,24319,18,1
1,NewOrder,1771508435.317818,28546,23,1
1,NewOrder,1771508435.317996,22684,22,1
2,Payment,1771508435.318641,8992,2,1
2,Payment,1771508435.320237,8923,17,1
1,NewOrder,1771508435.321257,30498,19,1
4,Delivery,1771508435.321956,131203,11,1
5,StockLevel,1771508435.321988,11629,6,1
2,Payment,1771508435.322077,7558,9,1
5,StockLevel,1771508435.322558,12453,4,1
5,StockLevel,1771508435.323105,14482,15,1
1,NewOrder,1771508435.323442,28280,0,1
1,NewOrder,1771508435.323913,13908,20,1
2,Payment,1771508435.324673,7407,8,1
2,Payment,1771508435.325527,7543,5,1
2,Payment,1771508435.325958,11407,13,1
2,Payment,1771508435.327660,7298,2,1
2,Payment,1771508435.328830,8907,1,1
2,Payment,1771508435.329176,9702,17,1
2,Payment,1771508435.329614,13640,16,1
2,Payment,1771508435.329655,6608,9,1
3,OrderStatus,1771508435.329774,7165,3,1
2,Payment,1771508435.331749,14224,12,1
2,Payment,1771508435.332105,5966,8,1
2,Payment,1771508435.333096,13759,5,1
2,Payment,1771508435.333631,11823,6,1
1,NewOrder,1771508435.334973,28497,2,1
1,NewOrder,1771508435.335037,43094,4,1
3,OrderStatus,1771508435.336283,11681,9,1
2,Payment,1771508435.336957,11787,3,1
1,NewOrder,1771508435.337393,35150,13,1
1,NewOrder,1771508435.337601,35878,15,1
1,NewOrder,1771508435.337747,26936,1,1
1,NewOrder,1771508435.337806,33645,21,1
2,Payment,1771508435.337841,18700,20,1
2,Payment,1771508435.338083,2975,8,1
5,StockLevel,1771508435.338902,23775,17,1
1,NewOrder,1771508435.339536,11870,7,1
5,StockLevel,1771508435.340695,32234,22,1
2,Payment,1771508435.341073,1652,8,1
1,NewOrder,1771508435.341173,34640,18,1
1,NewOrder,1771508435.342750,30757,8,1
2,Payment,1771508435.343268,7521,16,1
2,Payment,1771508435.345481,5888,6,1
1,NewOrder,1771508435.345987,32735,12,1
1,NewOrder,1771508435.346382,18771,23,1
2,Payment,1771508435.346880,7875,5,1
1,NewOrder,1771508435.347975,31360,9,1
2,Payment,1771508435.348762,10334,3,1
1,NewOrder,1771508435.350815,19567,16,1
2,Payment,1771508435.351384,9896,6,1
1,NewOrder,1771508435.351427,29343,7,1
1,NewOrder,1771508435.351735,23559,0,1
1,NewOrder,1771508435.351772,35288,19,1
1,NewOrder,1771508435.354271,31420,10,1
5,StockLevel,1771508435.354772,25758,5,1
1,NewOrder,1771508435.354857,23894,14,1
2,Payment,1771508435.356565,9022,20,1
4,Delivery,1771508435.359113,53187,3,1
1,NewOrder,1771508435.361297,18492,6,1
1,NewOrder,1771508435.362703,21962,17,1
2,Payment,1771508435.363487,7311,2,1
5,StockLevel,1771508435.364710,26205,1,1
1,NewOrder,1771508435.365169,26021,23,1
2,Payment,1771508435.365602,8537,20,1
2,Payment,1771508435.370401,5747,16,1
1,NewOrder,1771508435.370812,20972,2,1
2,Payment,1771508435.371462,5397,21,1
2,Payment,1771508435.372570,8754,13,1
1,NewOrder,1771508435.372937,35091,22,1
2,Payment,1771508435.373496,9617,15,1
1,NewOrder,1771508435.373524,37363,8,1
1,NewOrder,1771508435.374156,37538,20,1
1,NewOrder,1771508435.375320,23423,0,1
2,Payment,1771508435.375838,8734,18,1
2,Payment,1771508435.376163,18971,16,1
3,OrderStatus,1771508435.376872,7505,21,1
2,Payment,1771508435.378147,6002,4,1
2,Payment,1771508435.378748,13765,12,1
3,OrderStatus,1771508435.378770,6264,14,1
1,NewOrder,1771508435.379362,29188,9,1
1,NewOrder,1771508435.379815,26361,6,1
2,Payment,1771508435.380543,6889,5,1
1,NewOrder,1771508435.380785,30489,7,1
2,Payment,1771508435.381338,17301,13,1
1,NewOrder,1771508435.383130,21054,15,1
2,Payment,1771508435.384175,8981,4,1
1,NewOrder,1771508435.384401,34170,21,1
1,NewOrder,1771508435.384585,24735,18,1
2,Payment,1771508435.384681,15345,17,1
1,NewOrder,1771508435.385043,34209,14,1
2,Payment,1771508435.385704,11095,10,1
2,Payment,1771508435.387077,7634,19,1
5,StockLevel,1771508435.387451,22739,5,1
1,NewOrder,1771508435.390930,26722,1,1
2,Payment,1771508435.391204,12528,23,1
1,NewOrder,1771508435.391810,36556,2,1
4,Delivery,1771508435.392527,16088,12,1
5,StockLevel,1771508435.393174,14084,4,1
5,StockLevel,1771508435.394730,21810,19,1
2,Payment,1771508435.395154,6862,16,1
1,NewOrder,1771508435.396814,22874,10,1
1,NewOrder,1771508435.398658,15484,13,1
2,Payment,1771508435.398758,9757,0,1
3,OrderStatus,1771508435.400038,1093,17,1
1,NewOrder,1771508435.401141,26622,17,1
2,Payment,1771508435.402041,2091,16,1
2,Payment,1771508435.403743,7627,23,1
2,Payment,1771508435.404150,4344,16,1
2,Payment,1771508435.404206,7060,15,1
2,Payment,1771508435.406196,6082,6,1
1,NewOrder,1771508435.407274,33691,4,1
1,NewOrder,1771508435.408039,37804,22,1
2,Payment,1771508435.408511,4902,16,1
1,NewOrder,1771508435.408530,32392,0,1
1,NewOrder,1771508435.408562,37806,9,1
2,Payment,1771508435.408636,8286,12,1
3,OrderStatus,1771508435.409329,8288,18,1
1,NewOrder,1771508435.410213,26026,5,1
2,Payment,1771508435.410904,9867,8,1
2,Payment,1771508435.411281,7604,15,1
2,Payment,1771508435.411290,11003,7,1
1,NewOrder,1771508435.411384,25181,23,1
1,NewOrder,1771508435.411711,35699,20,1
1,NewOrder,1771508435.412290,25223,6,1
1,NewOrder,1771508435.412326,34079,3,1
1,NewOrder,1771508435.413430,20369,16,1
4,Delivery,1771508435.414159,46316,13,1
2,Payment,1771508435.416554,8277,19,1
2,Payment,1771508435.416939,8553,12,1
4,Delivery,1771508435.417629,17587,18,1
2,Payment,1771508435.417668,7911,1,1
1,NewOrder,1771508435.418588,21445,21,1
2,Payment,1771508435.418904,9254,15,1
1,NewOrder,1771508435.419262,20720,14,1
2,Payment,1771508435.419715,8479,10,1
1,NewOrder,1771508435.420784,26260,8,1
2,Payment,1771508435.422311,8498,7,1
3,OrderStatus,1771508435.424857,9454,19,1
1,NewOrder,1771508435.425508,23396,12,1
1,NewOrder,1771508435.425597,25073,1,1
2,Payment,1771508435.427775,8740,17,1
3,OrderStatus,1771508435.428177,5929,15,1
1,NewOrder,1771508435.428213,21081,10,1
1,NewOrder,1771508435.428381,28730,2,1
2,Payment,1771508435.430829,3427,7,1
3,OrderStatus,1771508435.433825,9243,16,1
1,NewOrder,1771508435.434119,15473,15,1
2,Payment,1771508435.434273,6973,7,1
2,Payment,1771508435.434333,9128,19,1
2,Payment,1771508435.435225,18903,18,1
2,Payment,1771508435.436250,8236,5,1
1,NewOrder,1771508435.436524,24080,17,1
5,StockLevel,1771508435.436592,21466,23,1
1,NewOrder,1771508435.437529,27252,6,1
2,Payment,1771508435.440008,11341,14,1
1,NewOrder,1771508435.440052,33000,21,1
2,Payment,1771508435.440946,6858,0,1
1,NewOrder,1771508435.440981,30098,4,1
2,Payment,1771508435.441292,5089,7,1
1,NewOrder,1771508435.443083,36836,16,1
2,Payment,1771508435.443473,9268,19,1
2,Payment,1771508435.444499,10583,5,1
1,NewOrder,1771508435.445853,33922,22,1
2,Payment,1771508435.446381,6768,9,1
1,NewOrder,1771508435.446400,37567,7,1
1,NewOrder,1771508435.446432,25185,3,1
2,Payment,1771508435.447056,8429,8,1
2,Payment,1771508435.447428,8808,20,1
1,NewOrder,1771508435.447816,31665,0,1
2,Payment,1771508435.448919,11044,12,1
2,Payment,1771508435.449312,8641,10,1
1,NewOrder,1771508435.449602,25671,15,1
1,NewOrder,1771508435.450687,35189,1,1
2,Payment,1771508435.451370,12125,14,1
1,NewOrder,1771508435.452761,32676,19,1
1,NewOrder,1771508435.453165,23220,9,1
1,NewOrder,1771508435.453171,32685,11,1
2,Payment,1771508435.454137,3785,18,1
2,Payment,1771508435.455102,7347,5,1
1,NewOrder,1771508435.455496,37576,8,1
3,OrderStatus,1771508435.456258,10809,20,1
2,Payment,1771508435.457120,8389,2,1
1,NewOrder,1771508435.457928,5520,18,1
2,Payment,1771508435.457987,7986,10,1
2,Payment,1771508435.458074,9790,23,1
1,NewOrder,1771508435.459982,20756,12,1
1,NewOrder,1771508435.460496,30102,13,1
1,NewOrder,1771508435.460615,30015,17,1
4,Delivery,1771508435.462461,116464,5,1
1,NewOrder,1771508435.463482,38213,18,1
1,NewOrder,1771508435.463524,22263,14,1
4,Delivery,1771508435.464796,18255,6,1
2,Payment,1771508435.465521,7448,2,1
2,Payment,1771508435.465992,6278,10,1
1,NewOrder,1771508435.467090,22923,20,1
1,NewOrder,1771508435.467875,26155,23,1
1,NewOrder,1771508435.471089,33040,4,1
1,NewOrder,1771508435.471636,24016,3,1
2,Payment,1771508435.472282,7517,10,1
2,Payment,1771508435.472977,8072,2,1
1,NewOrder,1771508435.473079,22565,21,1
2,Payment,1771508435.475293,9172,15,1
5,StockLevel,1771508435.476406,16522,9,1
2,Payment,1771508435.479497,8006,0,1
2,Payment,1771508435.479793,6108,22,1
2,Payment,1771508435.479815,6971,10,1
1,NewOrder,1771508435.479933,14528,16,1
1,NewOrder,1771508435.480762,27480,12,1
2,Payment,1771508435.481061,7968,2,1
3,OrderStatus,1771508435.483071,6536,6,1
1,NewOrder,1771508435.483985,38395,7,1
1,NewOrder,1771508435.484477,31435,15,1
1,NewOrder,1771508435.485454,29683,19,1
1,NewOrder,1771508435.485803,33625,14,1
2,Payment,1771508435.485885,6055,11,1
2,Payment,1771508435.485895,10149,1,1
2,Payment,1771508435.485914,12161,22,1
2,Payment,1771508435.486797,7613,10,1
2,Payment,1771508435.487518,6906,0,1
2,Payment,1771508435.489041,8202,2,1
1,NewOrder,1771508435.489627,24838,6,1
1,NewOrder,1771508435.490030,26734,20,1
1,NewOrder,1771508435.490607,23863,13,1
2,Payment,1771508435.490645,4289,17,1
1,NewOrder,1771508435.491960,24371,11,1
1,NewOrder,1771508435.492946,29808,9,1
2,Payment,1771508435.493099,8200,8,1
1,NewOrder,1771508435.494040,19676,23,1
1,NewOrder,1771508435.494435,39455,10,1
1,NewOrder,1771508435.494447,20057,0,1
2,Payment,1771508435.494470,7213,16,1
1,NewOrder,1771508435.494948,23778,17,1
2,Payment,1771508435.495666,7213,3,1
2,Payment,1771508435.495667,7589,21,1
1,NewOrder,1771508435.496061,16853,1,1
4,Delivery,1771508435.497253,82107,2,1
1,NewOrder,1771508435.498092,18206,22,1
1,NewOrder,1771508435.501319,28908,8,1
1,NewOrder,1771508435.501694,19588,16,1
2,Payment,1771508435.501711,9649,18,1
4,Delivery,1771508435.502894,76561,3,1
1,NewOrder,1771508435.503276,17643,21,1
2,Payment,1771508435.504137,10883,4,1
2,Payment,1771508435.508259,6853,12,1
4,Delivery,1771508435.511381,14241,18,1
2,Payment,1771508435.512932,6405,1,1
1,NewOrder,1771508435.513744,27570,23,1
2,Payment,1771508435.514482,5724,13,1
1,NewOrder,1771508435.514494,20277,6,1
1,NewOrder,1771508435.514562,20517,0,1
2,Payment,1771508435.515029,7316,4,1
1,NewOrder,1771508435.515117,15885,12,1
1,NewOrder,1771508435.515154,19902,19,1
1,NewOrder,1771508435.515930,29244,15,1
2,Payment,1771508435.516311,8864,22,1
1,NewOrder,1771508435.516346,27839,11,1
2,Payment,1771508435.516784,10553,20,1
1,NewOrder,1771508435.518740,21641,17,1
1,NewOrder,1771508435.519356,21025,1,1
1,NewOrder,1771508435.519452,15001,14,1
2,Payment,1771508435.520217,5325,13,1
1,NewOrder,1771508435.520932,37207,21,1
2,Payment,1771508435.521306,5660,16,1
5,StockLevel,1771508435.522357,15803,4,1
2,Payment,1771508435.522403,7339,7,1
2,Payment,1771508435.522780,8803,9,1
2,Payment,1771508435.525185,7311,22,1
1,NewOrder,1771508435.525549,31429,13,1
1,NewOrder,1771508435.525645,32562,18,1
1,NewOrder,1771508435.526991,15282,16,1
1,NewOrder,1771508435.527361,40393,20,1
1,NewOrder,1771508435.529769,27655,7,1
2,Payment,1771508435.530253,6952,8,1
2,Payment,1771508435.531012,7108,12,1
1,NewOrder,1771508435.531607,21446,9,1
2,Payment,1771508435.532504,7454,22,1
2,Payment,1771508435.533908,9935,10,1
2,Payment,1771508435.534473,8389,14,1
5,StockLevel,1771508435.534784,13126,6,1
4,Delivery,1771508435.535075,32726,19,1
1,NewOrder,1771508435.535087,31808,0,1
1,NewOrder,1771508435.537222,23943,8,1
5,StockLevel,1771508435.538135,21367,12,1
2,Payment,1771508435.538179,10054,4,1
1,NewOrder,1771508435.539972,38107,22,1
2,Payment,1771508435.540397,10478,1,1
2,Payment,1771508435.540407,4181,17,1
1,NewOrder,1771508435.541329,27925,23,1
1,NewOrder,1771508435.542286,25447,16,1
1,NewOrder,1771508435.542884,24542,14,1
4,Delivery,1771508435.543868,59402,10,1
5,StockLevel,1771508435.544210,21682,11,1
2,Payment,1771508435.544603,5790,17,1
2,Payment,1771508435.545186,9656,15,1
1,NewOrder,1771508435.547936,24074,6,1
2,Payment,1771508435.548259,9118,4,1
2,Payment,1771508435.550408,6953,17,1
5,StockLevel,1771508435.550894,19925,1,1
1,NewOrder,1771508435.553066,23794,9,1
1,NewOrder,1771508435.554862,22331,15,1
2,Payment,1771508435.556987,6058,13,1
1,NewOrder,1771508435.557375,19462,17,1
1,NewOrder,1771508435.557398,18997,4,1
3,OrderStatus,1771508435.557446,9601,7,1
1,NewOrder,1771508435.558148,20333,21,1
2,Payment,1771508435.558219,8230,18,1
5,StockLevel,1771508435.559512,17059,12,1
5,StockLevel,1771508435.561198,18799,8,1
1,NewOrder,1771508435.563065,46088,13,1
1,NewOrder,1771508435.565919,21320,11,1
1,NewOrder,1771508435.566474,35369,18,1
4,Delivery,1771508435.566910,12545,0,1
2,Payment,1771508435.567061,6329,7,1
1,NewOrder,1771508435.567449,42589,14,1
1,NewOrder,1771508435.567748,36357,16,1
1,NewOrder,1771508435.567782,32028,20,1
1,NewOrder,1771508435.567820,49260,19,1
1,NewOrder,1771508435.569286,29214,23,1
2,Payment,1771508435.570835,7597,1,1
1,NewOrder,1771508435.572023,36305,6,1
5,StockLevel,1771508435.573408,24666,7,1
1,NewOrder,1771508435.576407,22062,4,1
2,Payment,1771508435.576596,18808,12,1
2,Payment,1771508435.576863,14901,17,1
1,NewOrder,1771508435.576882,45536,9,1
1,NewOrder,1771508435.577220,20239,15,1
1,NewOrder,1771508435.578087,22613,22,1
1,NewOrder,1771508435.578439,26261,1,1
2,Payment,1771508435.578534,6860,21,1
4,Delivery,1771508435.578941,73512,5,1
1,NewOrder,1771508435.579385,5595,2,1
3,OrderStatus,1771508435.579475,1779,0,1
1,NewOrder,1771508435.579479,5190,3,1
5,StockLevel,1771508435.580010,16424,8,1
1,NewOrder,1771508435.581292,25488,0,1
1,NewOrder,1771508435.584685,9743,3,1
3,OrderStatus,1771508435.584997,1870,2,1
1,NewOrder,1771508435.585413,15073,21,1
1,NewOrder,1771508435.586886,7505,2,1
1,NewOrder,1771508435.587265,20694,11,1
2,Payment,1771508435.591787,11592,17,1
3,OrderStatus,1771508435.594407,1773,2,1
2,Payment,1771508435.594454,3519,3,1
2,Payment,1771508435.595436,2502,12,1
4,Delivery,1771508435.596205,56808,2,1
2,Payment,1771508435.596459,6760,8,1
4,Delivery,1771508435.597478,83063,15,1
2,Payment,1771508435.597953,6856,12,1
3,OrderStatus,1771508435.598000,2074,3,1
4,Delivery,1771508435.598100,5504,7,1
1,NewOrder,1771508435.598491,19118,4,1
1,NewOrder,1771508435.598514,31660,23,1
1,NewOrder,1771508435.599831,21463,20,1
2,Payment,1771508435.600092,2590,3,1
2,Payment,1771508435.600505,9279,21,1
1,NewOrder,1771508435.600716,20857,22,1
4,Delivery,1771508435.601868,15681,18,1
1,NewOrder,1771508435.602698,5600,3,1
2,Payment,1771508435.603234,7455,8,1
1,NewOrder,1771508435.603296,18254,10,1
1,NewOrder,1771508435.603406,31389,17,1
1,NewOrder,1771508435.603619,26999,7,1
1,NewOrder,1771508435.604121,29582,16,1
1,NewOrder,1771508435.604713,25837,1,1
4,Delivery,1771508435.604834,76159,12,1
1,NewOrder,1771508435.606792,34290,0,1
2,Payment,1771508435.608005,9644,11,1
3,OrderStatus,1771508435.608315,1696,3,1
4,Delivery,1771508435.608342,14637,6,1
1,NewOrder,1771508435.609178,28038,13,1
4,Delivery,1771508435.609794,8042,21,1
1,NewOrder,1771508435.610027,18531,3,1
1,NewOrder,1771508435.610062,23740,14,1
1,NewOrder,1771508435.610697,15493,8,1
2,Payment,1771508435.617116,6399,19,1
2,Payment,1771508435.617568,7806,18,1
1,NewOrder,1771508435.617628,15774,4,1
1,NewOrder,1771508435.617678,32097,11,1
2,Payment,1771508435.617848,14110,21,1
1,NewOrder,1771508435.621327,31101,20,1
2,Payment,1771508435.621576,9014,10,1
1,NewOrder,1771508435.621599,32729,22,1
1,NewOrder,1771508435.622434,26930,9,1
2,Payment,1771508435.622998,13456,6,1
2,Payment,1771508435.623540,6913,19,1
2,Payment,1771508435.625398,8313,18,1
2,Payment,1771508435.626203,12924,8,1
2,Payment,1771508435.628584,5115,3,1
2,Payment,1771508435.630199,11841,23,1
2,Payment,1771508435.630480,5598,19,1
2,Payment,1771508435.630569,6538,1,1
2,Payment,1771508435.630605,4377,10,1
2,Payment,1771508435.630644,10333,7,1
2,Payment,1771508435.631972,6730,21,1
1,NewOrder,1771508435.633419,23105,4,1
1,NewOrder,1771508435.633730,46663,3,1
2,Payment,1771508435.633731,6895,18,1
1,NewOrder,1771508435.633735,24754,16,1
2,Payment,1771508435.633827,9534,14,1
2,Payment,1771508435.634811,10766,17,1
2,Payment,1771508435.635009,9904,10,1
2,Payment,1771508435.636092,8506,19,1
1,NewOrder,1771508435.636471,32077,6,1
1,NewOrder,1771508435.637128,29658,1,1
2,Payment,1771508435.637228,10035,13,1
2,Payment,1771508435.638717,14537,21,1
1,NewOrder,1771508435.639143,15935,8,1
1,NewOrder,1771508435.640642,30747,18,1
1,NewOrder,1771508435.640997,25372,7,1
2,Payment,1771508435.641104,9138,0,1
3,OrderStatus,1771508435.642053,1071,23,1
2,Payment,1771508435.643137,8713,23,1
1,NewOrder,1771508435.643369,51055,14,1
1,NewOrder,1771508435.644627,29492,19,1
2,Payment,1771508435.644931,5282,10,1
1,NewOrder,1771508435.645595,25437,17,1
1,NewOrder,1771508435.647278,39384,13,1
2,Payment,1771508435.649389,15257,9,1
1,NewOrder,1771508435.649789,22402,11,1
1,NewOrder,1771508435.650232,23858,10,1
1,NewOrder,1771508435.650273,25893,0,1
1,NewOrder,1771508435.651862,43321,23,1
1,NewOrder,1771508435.652446,23082,20,1
5,StockLevel,1771508435.652472,24168,5,1
2,Payment,1771508435.653032,2583,2,1
1,NewOrder,1771508435.653275,5673,21,1
2,Payment,1771508435.654341,4292,22,1
1,NewOrder,1771508435.655098,45278,8,1
2,Payment,1771508435.655626,2589,2,1
1,NewOrder,1771508435.656538,22409,4,1
2,Payment,1771508435.658229,2909,2,1
1,NewOrder,1771508435.658507,27728,16,1
1,NewOrder,1771508435.658643,41746,22,1
1,NewOrder,1771508435.658958,23083,21,1
2,Payment,1771508435.661154,1743,2,1
2,Payment,1771508435.662915,2089,2,1
1,NewOrder,1771508435.664661,30635,9,1
1,NewOrder,1771508435.665018,6359,2,1
2,Payment,1771508435.666387,6723,7,1
4,Delivery,1771508435.666804,57932,1,1
2,Payment,1771508435.668562,8440,6,1
2,Payment,1771508435.671050,10097,17,1
2,Payment,1771508435.671406,14127,18,1
2,Payment,1771508435.671410,2268,2,1
1,NewOrder,1771508435.672204,24082,11,1
3,OrderStatus,1771508435.673123,13492,7,1
1,NewOrder,1771508435.673694,5736,2,1
1,NewOrder,1771508435.674099,41753,10,1
2,Payment,1771508435.674133,12874,19,1
2,Payment,1771508435.675539,14642,20,1
5,StockLevel,1771508435.676182,23050,0,1
1,NewOrder,1771508435.676657,35473,5,1
2,Payment,1771508435.677012,8222,6,1
3,OrderStatus,1771508435.678963,10797,4,1
2,Payment,1771508435.679443,2325,2,1
1,NewOrder,1771508435.680402,34159,3,1
2,Payment,1771508435.680556,10600,15,1
2,Payment,1771508435.681010,1692,12,1
2,Payment,1771508435.681158,15151,17,1
1,NewOrder,1771508435.681776,4817,2,1
2,Payment,1771508435.682067,6270,21,1
5,StockLevel,1771508435.682711,1556,12,1
5,StockLevel,1771508435.684274,1279,12,1
5,StockLevel,1771508435.685260,20476,6,1
4,Delivery,1771508435.685555,14382,18,1
2,Payment,1771508435.685560,8063,12,1
1,NewOrder,1771508435.686249,47093,16,1
1,NewOrder,1771508435.686605,5615,2,1
4,Delivery,1771508435.686624,32639,7,1
2,Payment,1771508435.686673,13760,13,1
1,NewOrder,1771508435.687026,32425,19,1
1,NewOrder,1771508435.688350,9246,21,1
2,Payment,1771508435.689775,10651,4,1
1,NewOrder,1771508435.690193,46215,20,1
5,StockLevel,1771508435.691170,27473,15,1
1,NewOrder,1771508435.692234,26619,2,1
1,NewOrder,1771508435.693634,6700,12,1
1,NewOrder,1771508435.694437,42450,14,1
2,Payment,1771508435.695206,10898,23,1
4,Delivery,1771508435.695314,24527,9,1
2,Payment,1771508435.696310,16478,11,1
2,Payment,1771508435.696321,6005,17,1
1,NewOrder,1771508435.697622,5909,21,1
1,NewOrder,1771508435.699251,45131,0,1
2,Payment,1771508435.699949,17361,18,1
3,OrderStatus,1771508435.700347,1568,12,1
4,Delivery,1771508435.700391,19583,8,1
1,NewOrder,1771508435.700400,46302,22,1
4,Delivery,1771508435.700446,48033,13,1
1,NewOrder,1771508435.700447,31747,4,1
1,NewOrder,1771508435.701924,21854,12,1
2,Payment,1771508435.702340,1567,17,1
2,Payment,1771508435.703555,17529,21,1
1,NewOrder,1771508435.703919,11370,17,1
2,Payment,1771508435.705761,9181,6,1
2,Payment,1771508435.706115,13246,23,1
1,NewOrder,1771508435.712154,42106,5,1
2,Payment,1771508435.712804,17506,11,1
2,Payment,1771508435.714580,19166,3,1
2,Payment,1771508435.714965,10918,6,1
1,NewOrder,1771508435.715311,39043,17,1
2,Payment,1771508435.715868,16623,10,1
1,NewOrder,1771508435.717334,24255,18,1
2,Payment,1771508435.718658,8245,15,1
1,NewOrder,1771508435.718874,36173,2,1
3,OrderStatus,1771508435.719285,8335,7,1
2,Payment,1771508435.719376,9575,23,1
2,Payment,1771508435.719467,14897,19,1
1,NewOrder,1771508435.719862,23281,9,1
3,OrderStatus,1771508435.719996,2235,8,1
1,NewOrder,1771508435.721095,20417,21,1
2,Payment,1771508435.722252,12428,8,1
1,NewOrder,1771508435.723789,23286,12,1
1,NewOrder,1771508435.724751,25835,1,1
5,StockLevel,1771508435.725902,20650,6,1
1,NewOrder,1771508435.726918,29503,15,1
1,NewOrder,1771508435.727646,32905,7,1
3,OrderStatus,1771508435.728970,10132,23,1
1,NewOrder,1771508435.730330,29381,11,1
1,NewOrder,1771508435.732207,32705,4,1
2,Payment,1771508435.732515,4716,10,1
1,NewOrder,1771508435.733366,37742,16,1
1,NewOrder,1771508435.733771,18508,3,1
1,NewOrder,1771508435.734391,19841,19,1
2,Payment,1771508435.734704,6421,8,1
1,NewOrder,1771508435.736434,33333,20,1
2,Payment,1771508435.736904,5883,14,1
2,Payment,1771508435.737250,8328,10,1
1,NewOrder,1771508435.739115,26819,23,1
2,Payment,1771508435.741144,11745,8,1
2,Payment,1771508435.741525,8218,21,1
1,NewOrder,1771508435.741608,21730,18,1
1,NewOrder,1771508435.742805,34173,14,1
2,Payment,1771508435.743167,11969,9,1
1,NewOrder,1771508435.744407,42715,0,1
1,NewOrder,1771508435.745595,24572,10,1
2,Payment,1771508435.746566,12386,6,1
1,NewOrder,1771508435.746729,23394,22,1
4,Delivery,1771508435.747091,3696,12,1
4,Delivery,1771508435.748492,38679,13,1
5,StockLevel,1771508435.749761,14550,21,1
2,Payment,1771508435.750612,6965,1,1
4,Delivery,1771508435.750804,37605,12,1
1,NewOrder,1771508435.752302,24624,3,1
2,Payment,1771508435.752902,3895,8,1
2,Payment,1771508435.754257,8230,19,1
1,NewOrder,1771508435.754287,31550,5,1
1,NewOrder,1771508435.754365,38881,17,1
2,Payment,1771508435.755071,10493,2,1
2,Payment,1771508435.755152,8225,9,1
1,NewOrder,1771508435.756438,29761,15,1
1,NewOrder,1771508435.756821,6521,8,1
2,Payment,1771508435.757601,9648,1,1
4,Delivery,1771508435.758977,14046,6,1
2,Payment,1771508435.759726,6885,11,1
2,Payment,1771508435.760577,8290,7,1
1,NewOrder,1771508435.762505,20756,19,1
2,Payment,1771508435.763366,2796,18,1
2,Payment,1771508435.763368,13980,8,1
1,NewOrder,1771508435.763389,22785,9,1
2,Payment,1771508435.764336,9153,21,1
3,OrderStatus,1771508435.764927,7611,4,1
2,Payment,1771508435.765586,7837,2,1
2,Payment,1771508435.765945,10018,23,1
1,NewOrder,1771508435.766187,17910,18,1
2,Payment,1771508435.766632,6867,11,1
1,NewOrder,1771508435.767262,12194,1,1
1,NewOrder,1771508435.768891,31606,7,1
2,Payment,1771508435.769792,9178,20,1
1,NewOrder,1771508435.770146,31895,22,1
2,Payment,1771508435.770193,5321,10,1
2,Payment,1771508435.771127,8697,16,1
2,Payment,1771508435.772555,7472,4,1
1,NewOrder,1771508435.773049,29681,6,1
2,Payment,1771508435.773438,14571,2,1
1,NewOrder,1771508435.773513,14604,21,1
1,NewOrder,1771508435.773518,27575,11,1
2,Payment,1771508435.775537,6012,10,1
2,Payment,1771508435.775979,7790,23,1
1,NewOrder,1771508435.776943,37051,3,1
2,Payment,1771508435.776993,11359,14,1
2,Payment,1771508435.777358,2294,8,1
2,Payment,1771508435.778992,7183,20,1
2,Payment,1771508435.779470,10053,1,1
1,NewOrder,1771508435.779666,4069,8,1
2,Payment,1771508435.779850,11529,16,1
1,NewOrder,1771508435.780040,18228,4,1
2,Payment,1771508435.781573,5207,10,1
2,Payment,1771508435.783277,10598,19,1
2,Payment,1771508435.783749,4931,8,1
5,StockLevel,1771508435.783786,26555,23,1
1,NewOrder,1771508435.784117,19384,18,1
1,NewOrder,1771508435.785862,49992,5,1
1,NewOrder,1771508435.786188,48018,9,1
1,NewOrder,1771508435.786197,18438,20,1
5,StockLevel,1771508435.786215,13768,15,1
1,NewOrder,1771508435.786794,26822,10,1
2,Payment,1771508435.787134,15835,0,1
4,Delivery,1771508435.787197,36980,13,1
1,NewOrder,1771508435.788034,52542,2,1
1,NewOrder,1771508435.788128,16155,21,1
1,NewOrder,1771508435.788378,43620,14,1
2,Payment,1771508435.788429,5365,12,1
2,Payment,1771508435.788693,1599,8,1
4,Delivery,1771508435.789538,21891,1,1
1,NewOrder,1771508435.790306,5326,8,1
1,NewOrder,1771508435.791396,25612,16,1
2,Payment,1771508435.793256,20688,17,1
2,Payment,1771508435.793812,3357,12,1
2,Payment,1771508435.793900,15217,19,1
2,Payment,1771508435.795657,2923,8,1
2,Payment,1771508435.797195,2491,12,1
1,NewOrder,1771508435.798294,30384,4,1
2,Payment,1771508435.798597,2467,8,1
1,NewOrder,1771508435.799718,6010,12,1
2,Payment,1771508435.799999,16490,15,1
1,NewOrder,1771508435.800511,17751,7,1
2,Payment,1771508435.801084,2097,8,1
1,NewOrder,1771508435.801105,31784,11,1
2,Payment,1771508435.802057,9761,22,1
2,Payment,1771508435.802740,11226,6,1
5,StockLevel,1771508435.802979,19130,0,1
1,NewOrder,1771508435.803197,23646,8,1
2,Payment,1771508435.803519,10723,18,1
1,NewOrder,1771508435.804296,19497,21,1
2,Payment,1771508435.804650,16287,20,1
2,Payment,1771508435.805753,12919,12,1
2,Payment,1771508435.809143,10056,19,1
2,Payment,1771508435.810359,13795,23,1
2,Payment,1771508435.811448,7295,1,1
1,NewOrder,1771508435.811832,28212,22,1
1,NewOrder,1771508435.813627,29386,10,1
2,Payment,1771508435.813954,12940,17,1
1,NewOrder,1771508435.813981,32732,6,1
2,Payment,1771508435.814013,7453,3,1
2,Payment,1771508435.814258,18157,18,1
1,NewOrder,1771508435.816508,15923,15,1
2,Payment,1771508435.817023,15401,16,1
2,Payment,1771508435.818278,10375,7,1
1,NewOrder,1771508435.818688,6420,12,1
5,StockLevel,1771508435.818752,13395,1,1
1,NewOrder,1771508435.819218,34104,19,1
2,Payment,1771508435.820954,13880,20,1
2,Payment,1771508435.821483,7149,3,1
1,NewOrder,1771508435.822124,34687,0,1
1,NewOrder,1771508435.823808,27654,21,1
2,Payment,1771508435.824179,3998,23,1
1,NewOrder,1771508435.824186,40880,13,1
2,Payment,1771508435.825131,3836,12,1
5,StockLevel,1771508435.826856,31718,8,1
1,NewOrder,1771508435.826911,52341,17,1
2,Payment,1771508435.828188,13621,23,1
1,NewOrder,1771508435.828651,45774,3,1
2,Payment,1771508435.828678,3775,7,1
1,NewOrder,1771508435.828689,28838,4,1
1,NewOrder,1771508435.828985,6800,12,1
1,NewOrder,1771508435.832011,37833,14,1
1,NewOrder,1771508435.832164,29881,1,1
2,Payment,1771508435.832432,3749,18,1
1,NewOrder,1771508435.832435,32597,16,1
1,NewOrder,1771508435.832448,22167,15,1
1,NewOrder,1771508435.832464,41484,7,1
2,Payment,1771508435.832902,5419,11,1
2,Payment,1771508435.834219,12165,9,1
2,Payment,1771508435.834847,3835,20,1
5,StockLevel,1771508435.835801,1488,12,1
2,Payment,1771508435.835869,10872,5,1
2,Payment,1771508435.836194,4178,18,1
1,NewOrder,1771508435.837301,6051,12,1
2,Payment,1771508435.838336,12646,11,1
1,NewOrder,1771508435.838692,15439,20,1
2,Payment,1771508435.840061,13986,22,1
1,NewOrder,1771508435.840396,21315,18,1
1,NewOrder,1771508435.840590,30582,2,1
2,Payment,1771508435.841825,1906,23,1
2,Payment,1771508435.843039,10970,10,1
2,Payment,1771508435.843364,9064,12,1
2,Payment,1771508435.843744,1848,23,1
5,StockLevel,1771508435.845604,1981,23,1
1,NewOrder,1771508435.846409,22490,9,1
1,NewOrder,1771508435.846729,18882,6,1
2,Payment,1771508435.846757,6542,5,1
2,Payment,1771508435.847597,9824,23,1
3,OrderStatus,1771508435.850997,7418,11,1
4,Delivery,1771508435.851487,77877,21,1
2,Payment,1771508435.852452,12200,12,1
5,StockLevel,1771508435.853325,15357,5,1
1,NewOrder,1771508435.853343,16056,19,1
1,NewOrder,1771508435.854022,27773,10,1
3,OrderStatus,1771508435.854074,5616,22,1
2,Payment,1771508435.854147,5870,20,1
2,Payment,1771508435.854630,12469,15,1
2,Payment,1771508435.856828,6881,0,1
2,Payment,1771508435.857439,5067,23,1
1,NewOrder,1771508435.857545,22988,4,1
2,Payment,1771508435.858424,6666,11,1
3,OrderStatus,1771508435.858599,10511,8,1
1,NewOrder,1771508435.859705,28314,22,1
1,NewOrder,1771508435.860030,33970,20,1
3,OrderStatus,1771508435.861726,11601,18,1
1,NewOrder,1771508435.862070,32231,1,1
2,Payment,1771508435.862518,2425,23,1
2,Payment,1771508435.863730,5512,0,1
2,Payment,1771508435.864677,5057,12,1
1,NewOrder,1771508435.864961,5752,23,1
1,NewOrder,1771508435.865045,33431,16,1
2,Payment,1771508435.865093,6491,13,1
2,Payment,1771508435.865113,11796,11,1
2,Payment,1771508435.865635,13284,6,1
1,NewOrder,1771508435.867125,14643,15,1
2,Payment,1771508435.868708,6393,5,1
2,Payment,1771508435.868913,12071,9,1
1,NewOrder,1771508435.869133,45398,8,1
3,OrderStatus,1771508435.869279,6693,0,1
1,NewOrder,1771508435.869416,23656,19,1
2,Payment,1771508435.869757,4715,12,1
1,NewOrder,1771508435.869869,21547,14,1
2,Payment,1771508435.870726,1679,23,1
2,Payment,1771508435.871184,6916,2,1
1,NewOrder,1771508435.871610,26896,13,1
1,NewOrder,1771508435.872417,3890,23,1
1,NewOrder,1771508435.873343,28204,18,1
2,Payment,1771508435.873965,8609,7,1
1,NewOrder,1771508435.874440,37250,3,1
4,Delivery,1771508435.874490,30071,12,1
1,NewOrder,1771508435.875119,25469,5,1
1,NewOrder,1771508435.875989,22879,0,1
2,Payment,1771508435.876322,2197,23,1
2,Payment,1771508435.876923,7151,11,1
2,Payment,1771508435.878117,12759,2,1
2,Payment,1771508435.878541,2368,23,1
2,Payment,1771508435.878936,6941,6,1
3,OrderStatus,1771508435.879267,16236,17,1
1,NewOrder,1771508435.880559,27294,4,1
3,OrderStatus,1771508435.880925,1285,23,1
2,Payment,1771508435.880999,10384,9,1
2,Payment,1771508435.881793,6923,15,1
1,NewOrder,1771508435.881820,16528,10,1
1,NewOrder,1771508435.882227,15717,23,1
1,NewOrder,1771508435.882599,16191,7,1
2,Payment,1771508435.884100,5014,11,1
4,Delivery,1771508435.885903,11154,6,1
2,Payment,1771508435.888044,6235,22,1
1,NewOrder,1771508435.888734,23362,15,1
1,NewOrder,1771508435.889140,22492,11,1
1,NewOrder,1771508435.890893,28563,2,1
2,Payment,1771508435.891407,2626,9,1
2,Payment,1771508435.891444,7342,14,1
1,NewOrder,1771508435.893098,36359,19,1
2,Payment,1771508435.894026,7009,20,1
2,Payment,1771508435.894051,4848,9,1
2,Payment,1771508435.894304,4614,22,1
2,Payment,1771508435.894326,5505,1,1
1,NewOrder,1771508435.895517,50476,17,1
2,Payment,1771508435.897076,7873,6,1
2,Payment,1771508435.897972,12999,23,1
2,Payment,1771508435.898363,16547,10,1
2,Payment,1771508435.898487,9035,16,1
1,NewOrder,1771508435.898522,23015,13,1
1,NewOrder,1771508435.898801,34637,14,1
1,NewOrder,1771508435.898809,25680,7,1
1,NewOrder,1771508435.898885,22667,0,1
1,NewOrder,1771508435.898910,35168,9,1
1,NewOrder,1771508435.898933,25212,22,1
1,NewOrder,1771508435.899843,19645,1,1
1,NewOrder,1771508435.900602,20593,5,1
1,NewOrder,1771508435.901058,23912,20,1
1,NewOrder,1771508435.901563,28218,18,1
1,NewOrder,1771508435.904588,54534,12,1
2,Payment,1771508435.904966,7150,6,1
1,NewOrder,1771508435.907546,37274,16,1
5,StockLevel,1771508435.907865,13916,4,1
1,NewOrder,1771508435.910989,46889,23,1
1,NewOrder,1771508435.911642,34872,11,1
2,Payment,1771508435.911704,7334,3,1
2,Payment,1771508435.912107,9041,15,1
1,NewOrder,1771508435.912131,23010,6,1
2,Payment,1771508435.914543,11353,8,1
5,StockLevel,1771508435.914928,10113,10,1
1,NewOrder,1771508435.919054,21354,3,1
4,Delivery,1771508435.919470,34447,2,1
5,StockLevel,1771508435.919514,10305,1,1
4,Delivery,1771508435.921164,60793,15,1
1,NewOrder,1771508435.921219,26142,5,1
1,NewOrder,1771508435.921559,28005,13,1
2,Payment,1771508435.921571,9131,0,1
2,Payment,1771508435.921793,6932,4,1
1,NewOrder,1771508435.924170,20274,22,1
1,NewOrder,1771508435.924503,26454,7,1
1,NewOrder,1771508435.924994,26867,20,1
1,NewOrder,1771508435.925057,34641,10,1
1,NewOrder,1771508435.925919,36920,8,1
1,NewOrder,1771508435.928740,30910,4,1
2,Payment,1771508435.929377,6598,21,1
1,NewOrder,1771508435.929472,25155,19,1
2,Payment,1771508435.929809,7916,18,1
2,Payment,1771508435.929836,6246,1,1
2,Payment,1771508435.930724,7856,0,1
1,NewOrder,1771508435.933455,33005,14,1
1,NewOrder,1771508435.934094,31964,9,1
1,NewOrder,1771508435.935159,37766,6,1
1,NewOrder,1771508435.935991,21835,21,1
2,Payment,1771508435.936095,5292,1,1
2,Payment,1771508435.937738,3172,18,1
1,NewOrder,1771508435.938599,39494,0,1
1,NewOrder,1771508435.940434,35352,3,1
4,Delivery,1771508435.940924,11435,18,1
2,Payment,1771508435.941404,7074,1,1
1,NewOrder,1771508435.944464,18247,22,1
1,NewOrder,1771508435.944835,34169,16,1
3,OrderStatus,1771508435.946007,8305,17,1
2,Payment,1771508435.946528,7444,11,1
1,NewOrder,1771508435.947376,26212,5,1
2,Payment,1771508435.948496,4668,1,1
2,Payment,1771508435.949580,7720,13,1
1,NewOrder,1771508435.950970,22481,7,1
4,Delivery,1771508435.951878,2985,20,1
1,NewOrder,1771508435.952377,36347,18,1
2,Payment,1771508435.953175,9071,1,1
1,NewOrder,1771508435.953941,3911,2,1
2,Payment,1771508435.953982,9040,11,1
2,Payment,1771508435.954331,10767,17,1
2,Payment,1771508435.954639,8227,19,1
1,NewOrder,1771508435.954882,26984,20,1
5,StockLevel,1771508435.957326,16062,13,1
2,Payment,1771508435.957845,12494,21,1
4,Delivery,1771508435.957870,6097,2,1
2,Payment,1771508435.957893,6819,23,1
2,Payment,1771508435.959136,8459,12,1
1,NewOrder,1771508435.959662,30585,4,1
4,Delivery,1771508435.959724,71939,10,1
1,NewOrder,1771508435.962263,52905,1,1
3,OrderStatus,1771508435.962737,15978,22,1
1,NewOrder,1771508435.962865,36040,8,1
1,NewOrder,1771508435.962883,14824,19,1
2,Payment,1771508435.963036,16664,11,1
2,Payment,1771508435.963989,2396,2,1
2,Payment,1771508435.964725,7184,23,1
1,NewOrder,1771508435.965116,19963,17,1
2,Payment,1771508435.966073,16974,9,1
2,Payment,1771508435.966402,1596,2,1
1,NewOrder,1771508435.966472,24381,14,1
1,NewOrder,1771508435.967619,25943,12,1
1,NewOrder,1771508435.968012,6353,2,1
1,NewOrder,1771508435.970365,51710,21,1
1,NewOrder,1771508435.971934,6265,23,1
2,Payment,1771508435.972937,13008,6,1
2,Payment,1771508435.973413,7189,13,1
2,Payment,1771508435.973479,13923,7,1
1,NewOrder,1771508435.973601,41469,5,1
2,Payment,1771508435.974390,15092,2,1
2,Payment,1771508435.975812,15774,3,1
2,Payment,1771508435.977719,9114,19,1
2,Payment,1771508435.978109,19419,0,1
1,NewOrder,1771508435.978216,21994,23,1
1,NewOrder,1771508435.978734,52564,22,1
5,StockLevel,1771508435.979030,19170,16,1
5,StockLevel,1771508435.979718,19088,11,1
2,Payment,1771508435.980619,11378,13,1
1,NewOrder,1771508435.981891,36478,20,1
2,Payment,1771508435.981983,7461,15,1
1,NewOrder,1771508435.983071,11618,9,1
2,Payment,1771508435.985093,8823,17,1
1,NewOrder,1771508435.985971,38439,6,1
2,Payment,1771508435.986850,4973,19,1
1,NewOrder,1771508435.987417,39396,7,1
4,Delivery,1771508435.988752,11495,18,1
1,NewOrder,1771508435.989469,37905,15,1
2,Payment,1771508435.989506,5590,2,1
1,NewOrder,1771508435.990262,36110,4,1
1,NewOrder,1771508435.990866,38191,14,1
1,NewOrder,1771508435.991603,50820,3,1
2,Payment,1771508435.991841,10596,19,1
2,Payment,1771508435.992011,4555,13,1
1,NewOrder,1771508435.993576,48265,12,1
1,NewOrder,1771508435.993941,44876,17,1
1,NewOrder,1771508435.994702,50012,9,1
2,Payment,1771508435.995109,5126,2,1
1,NewOrder,1771508435.996588,43197,13,1
2,Payment,1771508435.997539,17462,0,1
1,NewOrder,1771508435.998217,45761,16,1
2,Payment,1771508435.998833,20874,11,1
1,NewOrder,1771508435.998916,46517,8,1
1,NewOrder,1771508436.000225,34783,23,1
1,NewOrder,1771508436.000249,18510,2,1
2,Payment,1771508436.000276,22707,18,1
2,Payment,1771508436.002449,22313,19,1
2,Payment,1771508436.015021,1931,0,1
1,NewOrder,1771508436.015085,34128,5,1
2,Payment,1771508436.015193,9732,1,1
1,NewOrder,1771508436.016963,4714,0,1
1,NewOrder,1771508436.018395,34350,20,1
2,Payment,1771508436.018775,8225,2,1
1,NewOrder,1771508436.019724,35257,11,1
2,Payment,1771508436.021688,8461,0,1
1,NewOrder,1771508436.022089,26143,21,1
1,NewOrder,1771508436.022999,33924,18,1
4,Delivery,1771508436.024422,8158,6,1
1,NewOrder,1771508436.024778,20383,19,1
1,NewOrder,1771508436.024950,17766,1,1
5,StockLevel,1771508436.026387,13993,4,1
2,Payment,1771508436.026834,2742,7,1
5,StockLevel,1771508436.027011,11876,2,1
1,NewOrder,1771508436.027390,33071,15,1
1,NewOrder,1771508436.029074,37877,14,1
2,Payment,1771508436.029586,2041,7,1
1,NewOrder,1771508436.030163,31547,0,1
2,Payment,1771508436.031321,6852,22,1
1,NewOrder,1771508436.031649,15232,7,1
2,Payment,1771508436.031675,6055,10,1
1,NewOrder,1771508436.032597,16894,6,1
2,Payment,1771508436.035034,6091,23,1
4,Delivery,1771508436.037744,49246,10,1
2,Payment,1771508436.038198,7003,22,1
1,NewOrder,1771508436.038842,29369,17,1
2,Payment,1771508436.038900,7187,2,1
2,Payment,1771508436.039809,13149,13,1
1,NewOrder,1771508436.040398,21024,4,1
1,NewOrder,1771508436.041143,24596,23,1
2,Payment,1771508436.041854,12783,12,1
2,Payment,1771508436.042432,12954,3,1
2,Payment,1771508436.042723,10763,1,1
2,Payment,1771508436.044004,12027,16,1
2,Payment,1771508436.044738,5923,9,1
1,NewOrder,1771508436.045187,28793,19,1
2,Payment,1771508436.045226,6100,22,1
1,NewOrder,1771508436.045451,39744,8,1
1,NewOrder,1771508436.046112,39947,2,1
1,NewOrder,1771508436.046906,17708,7,1
1,NewOrder,1771508436.048257,14507,21,1
1,NewOrder,1771508436.049228,38680,5,1
2,Payment,1771508436.049509,9872,6,1
2,Payment,1771508436.050674,10177,9,1
3,OrderStatus,1771508436.051352,13356,22,1
1,NewOrder,1771508436.052771,24691,20,1
2,Payment,1771508436.052984,14015,13,1
3,OrderStatus,1771508436.053511,5692,1,1
1,NewOrder,1771508436.054660,32484,12,1
4,Delivery,1771508436.054998,32391,11,1
1,NewOrder,1771508436.055400,31712,3,1
3,OrderStatus,1771508436.056056,4495,16,1
2,Payment,1771508436.056939,5001,18,1
1,NewOrder,1771508436.059220,36733,1,1
2,Payment,1771508436.059398,8012,6,1
2,Payment,1771508436.060487,8772,15,1
5,StockLevel,1771508436.060576,15995,16,1
1,NewOrder,1771508436.060865,30544,9,1
4,Delivery,1771508436.061440,53440,4,1
2,Payment,1771508436.061736,16882,0,1
2,Payment,1771508436.061966,4541,18,1
2,Payment,1771508436.062778,7053,21,1
1,NewOrder,1771508436.064640,33992,7,1
2,Payment,1771508436.064734,6748,22,1
3,OrderStatus,1771508436.065763,7712,23,1
1,NewOrder,1771508436.066526,17689,18,1
2,Payment,1771508436.066964,8215,14,1
1,NewOrder,1771508436.067025,38424,13,1
1,NewOrder,1771508436.067427,39511,6,1
1,NewOrder,1771508436.068236,25194,17,1
1,NewOrder,1771508436.069296,17584,15,1
2,Payment,1771508436.069854,7053,21,1
1,NewOrder,1771508436.071495,29741,22,1
1,NewOrder,1771508436.073499,19541,23,1
1,NewOrder,1771508436.074004,37244,19,1
2,Payment,1771508436.075192,7756,14,1
1,NewOrder,1771508436.076593,20770,16,1
1,NewOrder,1771508436.076918,36548,21,1
5,StockLevel,1771508436.077487,21113,20,1
1,NewOrder,1771508436.078631,38562,0,1
1,NewOrder,1771508436.082970,20163,14,1
1,NewOrder,1771508436.084249,28765,18,1
1,NewOrder,1771508436.085220,32425,8,1
1,NewOrder,1771508436.086085,34383,2,1
2,Payment,1771508436.086894,9373,15,1
1,NewOrder,1771508436.087017,31121,10,1
1,NewOrder,1771508436.087124,19780,3,1
2,Payment,1771508436.087158,10871,12,1
2,Payment,1771508436.087410,2141,11,1
1,NewOrder,1771508436.087930,42395,5,1
1,NewOrder,1771508436.089569,6659,11,1
1,NewOrder,1771508436.091435,41881,9,1
2,Payment,1771508436.093067,8077,23,1
2,Payment,1771508436.093444,7366,17,1
2,Payment,1771508436.095978,6069,1,1
1,NewOrder,1771508436.096243,23243,11,1
1,NewOrder,1771508436.096282,21816,15,1
2,Payment,1771508436.097379,8719,16,1
2,Payment,1771508436.098055,4581,12,1
2,Payment,1771508436.098618,8697,20,1
2,Payment,1771508436.098644,5745,7,1
1,NewOrder,1771508436.100824,29940,17,1
2,Payment,1771508436.101153,8375,23,1
1,NewOrder,1771508436.101261,35552,22,1
2,Payment,1771508436.102069,5252,1,1
4,Delivery,1771508436.102650,14963,12,1
1,NewOrder,1771508436.103150,25164,14,1
1,NewOrder,1771508436.104399,33009,7,1
2,Payment,1771508436.105472,8116,13,1
1,NewOrder,1771508436.106123,31279,16,1
1,NewOrder,1771508436.106918,37523,3,1
2,Payment,1771508436.106962,6675,6,1
2,Payment,1771508436.107328,8114,20,1
2,Payment,1771508436.107347,6870,1,1
1,NewOrder,1771508436.109548,22817,23,1
2,Payment,1771508436.111261,14872,19,1
1,NewOrder,1771508436.113033,26239,18,1
2,Payment,1771508436.113490,10374,21,1
1,NewOrder,1771508436.113604,26485,13,1
2,Payment,1771508436.113663,7659,6,1
2,Payment,1771508436.114229,5731,1,1
1,NewOrder,1771508436.114901,33914,4,1
2,Payment,1771508436.115455,6369,20,1
1,NewOrder,1771508436.117220,42275,0,1
2,Payment,1771508436.117629,8198,12,1
5,StockLevel,1771508436.117671,15703,8,1
1,NewOrder,1771508436.118110,36904,15,1
1,NewOrder,1771508436.118162,25588,10,1
2,Payment,1771508436.119502,3732,11,1
2,Payment,1771508436.119979,8752,1,1
1,NewOrder,1771508436.120484,36116,2,1
1,NewOrder,1771508436.121332,21933,6,1
1,NewOrder,1771508436.121837,20457,20,1
1,NewOrder,1771508436.123248,11969,11,1
1,NewOrder,1771508436.123882,31132,21,1
2,Payment,1771508436.125841,7382,12,1
1,NewOrder,1771508436.126158,22255,19,1
2,Payment,1771508436.128331,7242,14,1
2,Payment,1771508436.128756,8159,1,1
2,Payment,1771508436.130351,9641,5,1
1,NewOrder,1771508436.130776,16950,17,1
2,Payment,1771508436.132377,7293,23,1
2,Payment,1771508436.133243,6875,12,1
2,Payment,1771508436.133323,8260,9,1
3,OrderStatus,1771508436.133384,8497,8,1
2,Payment,1771508436.135244,8022,11,1
3,OrderStatus,1771508436.135598,7146,14,1
3,OrderStatus,1771508436.136825,6023,22,1
2,Payment,1771508436.136941,5948,1,1
2,Payment,1771508436.137413,9488,16,1
3,OrderStatus,1771508436.137433,15447,7,1
2,Payment,1771508436.139298,7155,18,1
1,NewOrder,1771508436.139689,14398,23,1
2,Payment,1771508436.140009,6869,5,1
1,NewOrder,1771508436.140115,22845,13,1
2,Payment,1771508436.140144,8643,12,1
1,NewOrder,1771508436.141599,21774,9,1
2,Payment,1771508436.141899,6985,8,1
1,NewOrder,1771508436.142310,21078,20,1
1,NewOrder,1771508436.142769,27810,14,1
1,NewOrder,1771508436.142861,28304,22,1
2,Payment,1771508436.142900,5943,1,1
1,NewOrder,1771508436.143282,14860,11,1
4,Delivery,1771508436.143291,54332,6,1
4,Delivery,1771508436.143765,53349,10,1
3,OrderStatus,1771508436.144454,7734,3,1
2,Payment,1771508436.146478,5467,18,1
1,NewOrder,1771508436.146904,28247,5,1
2,Payment,1771508436.146916,6242,16,1
1,NewOrder,1771508436.147749,24398,17,1
2,Payment,1771508436.148428,8723,19,1
1,NewOrder,1771508436.148799,26395,12,1
1,NewOrder,1771508436.148830,23619,4,1
1,NewOrder,1771508436.148869,29491,1,1
1,NewOrder,1771508436.148909,20819,8,1
1,NewOrder,1771508436.151960,29059,18,1
5,StockLevel,1771508436.152203,20920,3,1
1,NewOrder,1771508436.152905,26597,7,1
1,NewOrder,1771508436.153175,19574,16,1
1,NewOrder,1771508436.154098,18764,23,1
1,NewOrder,1771508436.155041,17378,15,1
4,Delivery,1771508436.155043,61226,21,1
1,NewOrder,1771508436.156614,16610,2,1
2,Payment,1771508436.157167,7899,19,1
2,Payment,1771508436.158181,7288,11,1
1,NewOrder,1771508436.159522,13739,0,1
1,NewOrder,1771508436.162986,17549,13,1
5,StockLevel,1771508436.163397,18203,9,1
2,Payment,1771508436.163405,13473,20,1
2,Payment,1771508436.165092,13674,19,1
1,NewOrder,1771508436.165496,19791,11,1
3,OrderStatus,1771508436.169748,5569,8,1
2,Payment,1771508436.170604,6244,14,1
2,Payment,1771508436.171189,9743,22,1
2,Payment,1771508436.172174,7804,17,1
1,NewOrder,1771508436.172437,38328,15,1
2,Payment,1771508436.172464,5372,4,1
2,Payment,1771508436.172775,9212,16,1
2,Payment,1771508436.172887,9621,23,1
2,Payment,1771508436.173149,8493,3,1
5,StockLevel,1771508436.173240,14139,2,1
5,StockLevel,1771508436.173305,18684,0,1
1,NewOrder,1771508436.175167,20371,5,1
4,Delivery,1771508436.175219,11201,12,1
2,Payment,1771508436.175343,7299,8,1
1,NewOrder,1771508436.176873,34402,14,1
2,Payment,1771508436.176902,7123,20,1
2,Payment,1771508436.177853,7393,4,1
1,NewOrder,1771508436.178386,34096,1,1
2,Payment,1771508436.178791,8548,19,1
2,Payment,1771508436.179513,13579,7,1
1,NewOrder,1771508436.179995,26053,17,1
2,Payment,1771508436.180545,5190,13,1
2,Payment,1771508436.180957,4882,22,1
1,NewOrder,1771508436.181036,41283,18,1
2,Payment,1771508436.181625,12880,9,1
2,Payment,1771508436.181666,5082,3,1
1,NewOrder,1771508436.181999,33862,16,1
1,NewOrder,1771508436.182522,21231,23,1
1,NewOrder,1771508436.182667,26227,8,1
1,NewOrder,1771508436.184037,39694,20,1
5,StockLevel,1771508436.185289,17092,4,1
2,Payment,1771508436.185303,12322,11,1
2,Payment,1771508436.185761,5210,13,1
1,NewOrder,1771508436.185865,29539,22,1
1,NewOrder,1771508436.186442,30882,12,1
1,NewOrder,1771508436.186773,54160,3,1
2,Payment,1771508436.187353,2593,19,1
2,Payment,1771508436.187401,10333,2,1
1,NewOrder,1771508436.189960,3496,19,1
2,Payment,1771508436.190980,6775,13,1
1,NewOrder,1771508436.192015,58317,0,1
2,Payment,1771508436.193120,10221,7,1
1,NewOrder,1771508436.193471,4031,19,1
2,Payment,1771508436.194518,5736,9,1
1,NewOrder,1771508436.195548,51427,5,1
1,NewOrder,1771508436.197131,24182,10,1
1,NewOrder,1771508436.197527,4084,19,1
1,NewOrder,1771508436.197643,9299,6,1
1,NewOrder,1771508436.197644,4786,11,1
2,Payment,1771508436.197759,18135,2,1
2,Payment,1771508436.197781,18443,13,1
1,NewOrder,1771508436.200266,25116,9,1
2,Payment,1771508436.201625,2057,19,1
2,Payment,1771508436.202406,17219,4,1
1,NewOrder,1771508436.202455,6824,11,1
5,StockLevel,1771508436.203355,16292,7,1
1,NewOrder,1771508436.203697,7491,19,1
2,Payment,1771508436.203780,10274,23,1
2,Payment,1771508436.206064,13217,17,1
1,NewOrder,1771508436.206958,20035,6,1
2,Payment,1771508436.208916,14199,8,1
1,NewOrder,1771508436.209304,6460,11,1
1,NewOrder,1771508436.210779,19934,15,1
1,NewOrder,1771508436.211204,5003,19,1
2,Payment,1771508436.211300,11714,14,1
2,Payment,1771508436.212507,8708,1,1
2,Payment,1771508436.214079,5655,23,1
2,Payment,1771508436.215430,7138,22,1
1,NewOrder,1771508436.215787,4277,11,1
2,Payment,1771508436.215889,11022,16,1
1,NewOrder,1771508436.215920,30573,2,1
5,StockLevel,1771508436.216222,1757,19,1
2,Payment,1771508436.216241,11986,13,1
2,Payment,1771508436.216295,11028,21,1
1,NewOrder,1771508436.217355,23602,12,1
2,Payment,1771508436.217993,6391,19,1
1,NewOrder,1771508436.219298,35982,17,1
1,NewOrder,1771508436.219636,16135,4,1
1,NewOrder,1771508436.219673,28903,7,1
2,Payment,1771508436.219744,11462,23,1
4,Delivery,1771508436.220089,72918,11,1
2,Payment,1771508436.221240,5720,1,1
1,NewOrder,1771508436.221339,23563,10,1
1,NewOrder,1771508436.222344,26887,18,1
4,Delivery,1771508436.222593,44581,22,1
1,NewOrder,1771508436.223028,33343,14,1
1,NewOrder,1771508436.223129,28951,8,1
4,Delivery,1771508436.223743,44012,20,1
2,Payment,1771508436.224412,5141,19,1
2,Payment,1771508436.225399,7709,9,1
1,NewOrder,1771508436.226927,20024,16,1
1,NewOrder,1771508436.226986,25865,1,1
1,NewOrder,1771508436.227007,25165,6,1
2,Payment,1771508436.227342,6435,21,1
2,Payment,1771508436.228252,2995,13,1
4,Delivery,1771508436.229578,38136,19,1
2,Payment,1771508436.230736,10568,15,1
1,NewOrder,1771508436.231221,22603,23,1
2,Payment,1771508436.231261,7706,13,1
2,Payment,1771508436.233125,7406,9,1
2,Payment,1771508436.233802,7205,21,1
2,Payment,1771508436.235796,5229,4,1
4,Delivery,1771508436.238982,18920,13,1
1,NewOrder,1771508436.240545,30453,9,1
1,NewOrder,1771508436.240958,35580,3,1
2,Payment,1771508436.240972,8103,12,1
1,NewOrder,1771508436.241032,16175,21,1
1,NewOrder,1771508436.241042,18384,4,1
2,Payment,1771508436.241315,10754,15,1
1,NewOrder,1771508436.244928,15906,10,1
4,Delivery,1771508436.246519,32671,2,1
2,Payment,1771508436.246975,7184,16,1
2,Payment,1771508436.246993,8748,5,1
2,Payment,1771508436.248601,7230,7,1
1,NewOrder,1771508436.249100,27686,12,1
5,StockLevel,1771508436.249258,12119,18,1
1,NewOrder,1771508436.250356,24444,0,1
2,Payment,1771508436.252086,4332,15,1
2,Payment,1771508436.252104,5742,8,1
2,Payment,1771508436.252196,7614,6,1
4,Delivery,1771508436.252874,26728,1,1
1,NewOrder,1771508436.253851,10434,23,1
2,Payment,1771508436.254191,6106,16,1
1,NewOrder,1771508436.255296,31250,17,1
2,Payment,1771508436.255766,8059,5,1
2,Payment,1771508436.255856,6321,7,1
1,NewOrder,1771508436.256386,34978,14,1
2,Payment,1771508436.256437,5637,15,1
2,Payment,1771508436.257233,4492,21,1
2,Payment,1771508436.257870,10766,8,1
2,Payment,1771508436.257913,7799,13,1
2,Payment,1771508436.259451,6638,4,1
1,NewOrder,1771508436.259835,24826,6,1
1,NewOrder,1771508436.260322,24755,16,1
2,Payment,1771508436.260847,5488,10,1
2,Payment,1771508436.261394,6717,18,1
4,Delivery,1771508436.261736,6067,21,1
1,NewOrder,1771508436.262100,3922,15,1
2,Payment,1771508436.262203,8444,7,1
1,NewOrder,1771508436.263844,28823,5,1
1,NewOrder,1771508436.264309,30245,23,1
2,Payment,1771508436.265726,7850,13,1
1,NewOrder,1771508436.266037,23605,15,1
2,Payment,1771508436.266113,8515,4,1
1,NewOrder,1771508436.266349,52608,10,1
2,Payment,1771508436.267198,11575,22,1
2,Payment,1771508436.267737,12513,19,1
4,Delivery,1771508436.267777,9146,20,1
2,Payment,1771508436.267825,15358,21,1
4,Delivery,1771508436.268124,9208,18,1
4,Delivery,1771508436.268659,24783,8,1
2,Payment,1771508436.270662,2549,7,1
3,OrderStatus,1771508436.271012,7894,9,1
1,NewOrder,1771508436.273226,39420,7,1
2,Payment,1771508436.273587,8948,13,1
1,NewOrder,1771508436.274653,47729,4,1
1,NewOrder,1771508436.274825,37785,0,1
1,NewOrder,1771508436.276563,37105,3,1
2,Payment,1771508436.276811,7312,12,1
1,NewOrder,1771508436.276939,39170,20,1
1,NewOrder,1771508436.277350,39030,18,1
2,Payment,1771508436.278786,16688,22,1
1,NewOrder,1771508436.278931,24092,9,1
5,StockLevel,1771508436.279215,13247,2,1
2,Payment,1771508436.279618,1875,1,1
1,NewOrder,1771508436.280265,6547,19,1
1,NewOrder,1771508436.281509,4609,1,1
4,Delivery,1771508436.282548,20108,13,1
2,Payment,1771508436.283208,5073,21,1
1,NewOrder,1771508436.284138,36642,12,1
1,NewOrder,1771508436.284684,33640,6,1
4,Delivery,1771508436.285103,17896,16,1
1,NewOrder,1771508436.286131,31266,1,1
1,NewOrder,1771508436.286571,27606,17,1
1,NewOrder,1771508436.286836,6164,19,1
1,NewOrder,1771508436.288307,28175,21,1
2,Payment,1771508436.289667,13097,15,1
1,NewOrder,1771508436.291380,29919,14,1
1,NewOrder,1771508436.292478,42073,2,1
2,Payment,1771508436.292685,7779,5,1
3,OrderStatus,1771508436.293012,1551,19,1
1,NewOrder,1771508436.293032,35961,11,1
2,Payment,1771508436.293463,2331,8,1
1,NewOrder,1771508436.294582,29084,23,1
1,NewOrder,1771508436.294585,4185,19,1
2,Payment,1771508436.295500,13173,22,1
1,NewOrder,1771508436.295820,6026,8,1
2,Payment,1771508436.298785,12248,19,1
2,Payment,1771508436.300489,8626,5,1
1,NewOrder,1771508436.301864,3469,8,1
2,Payment,1771508436.302673,11396,13,1
2,Payment,1771508436.302790,9345,15,1
1,NewOrder,1771508436.303013,6782,16,1
1,NewOrder,1771508436.303039,40708,9,1
2,Payment,1771508436.305359,1872,8,1
2,Payment,1771508436.307245,3435,8,1
2,Payment,1771508436.308685,7718,22,1
1,NewOrder,1771508436.309144,34507,5,1
2,Payment,1771508436.309820,10649,16,1
2,Payment,1771508436.310694,1891,8,1
2,Payment,1771508436.311056,7947,19,1
3,OrderStatus,1771508436.312161,6751,15,1
2,Payment,1771508436.312597,1909,8,1
2,Payment,1771508436.312637,11839,0,1
1,NewOrder,1771508436.312676,28232,7,1
1,NewOrder,1771508436.313683,36542,3,1
5,StockLevel,1771508436.314093,14736,13,1
4,Delivery,1771508436.314187,73618,17,1
1,NewOrder,1771508436.314532,18339,8,1
1,NewOrder,1771508436.316134,27440,20,1
2,Payment,1771508436.316407,9634,18,1
2,Payment,1771508436.316416,7691,22,1
2,Payment,1771508436.316495,5420,21,1
2,Payment,1771508436.317421,10290,1,1
2,Payment,1771508436.318339,7364,6,1
2,Payment,1771508436.318937,5719,15,1
1,NewOrder,1771508436.318974,21801,10,1
1,NewOrder,1771508436.319020,37658,19,1
1,NewOrder,1771508436.320495,19283,16,1
1,NewOrder,1771508436.320806,41624,12,1
2,Payment,1771508436.321324,15620,14,1
2,Payment,1771508436.321940,9302,21,1
3,OrderStatus,1771508436.322408,10082,4,1
5,StockLevel,1771508436.323678,16378,23,1
2,Payment,1771508436.324132,5475,22,1
4,Delivery,1771508436.324490,16123,0,1
2,Payment,1771508436.324673,9659,15,1
2,Payment,1771508436.325728,7934,6,1
1,NewOrder,1771508436.326067,17053,18,1
2,Payment,1771508436.327728,4098,1,1
2,Payment,1771508436.328856,14920,13,1
1,NewOrder,1771508436.329007,31478,11,1
1,NewOrder,1771508436.329631,17972,22,1
1,NewOrder,1771508436.331266,27740,21,1
3,OrderStatus,1771508436.331841,6476,1,1
2,Payment,1771508436.332506,8374,4,1
1,NewOrder,1771508436.332882,54521,8,1
1,NewOrder,1771508436.333673,38991,6,1
2,Payment,1771508436.334346,11092,15,1
2,Payment,1771508436.334578,8945,2,1
5,StockLevel,1771508436.336969,16794,14,1
3,OrderStatus,1771508436.338333,4648,1,1
1,NewOrder,1771508436.339803,32395,16,1
2,Payment,1771508436.340081,7062,23,1
2,Payment,1771508436.340629,7575,0,1
1,NewOrder,1771508436.340797,26323,10,1
2,Payment,1771508436.340905,9845,4,1
1,NewOrder,1771508436.340934,20003,7,1
1,NewOrder,1771508436.342997,32404,1,1
1,NewOrder,1771508436.343131,17782,18,1
1,NewOrder,1771508436.343550,26257,2,1
2,Payment,1771508436.343599,9284,20,1
1,NewOrder,1771508436.343668,25020,5,1
3,OrderStatus,1771508436.343762,7270,9,1
1,NewOrder,1771508436.343788,31887,13,1
1,NewOrder,1771508436.345464,31925,15,1
1,NewOrder,1771508436.347168,23012,23,1
2,Payment,1771508436.347628,7678,22,1
1,NewOrder,1771508436.348230,39615,0,1
1,NewOrder,1771508436.350248,35320,3,1
5,StockLevel,1771508436.350766,6902,4,1
4,Delivery,1771508436.351056,45491,9,1
2,Payment,1771508436.352909,5228,20,1
1,NewOrder,1771508436.353788,36007,14,1
2,Payment,1771508436.355322,5648,22,1
1,NewOrder,1771508436.356692,34779,19,1
3,OrderStatus,1771508436.357694,5523,4,1
2,Payment,1771508436.358149,6039,20,1
2,Payment,1771508436.359031,6565,21,1
1,NewOrder,1771508436.360510,21228,11,1
1,NewOrder,1771508436.360930,26864,18,1
4,Delivery,1771508436.360950,36062,7,1
1,NewOrder,1771508436.360985,28791,22,1
1,NewOrder,1771508436.362455,34224,12,1
1,NewOrder,1771508436.363232,20322,4,1
2,Payment,1771508436.364202,6002,20,1
1,NewOrder,1771508436.365614,18760,21,1
2,Payment,1771508436.367147,7431,10,1
2,Payment,1771508436.368711,7417,5,1
1,NewOrder,1771508436.369822,35907,2,1
2,Payment,1771508436.370205,9859,23,1
2,Payment,1771508436.370219,7950,20,1
3,OrderStatus,1771508436.372209,7838,16,1
2,Payment,1771508436.372689,8558,6,1
1,NewOrder,1771508436.374604,25572,10,1
2,Payment,1771508436.375419,8914,1,1
2,Payment,1771508436.375689,6431,13,1
1,NewOrder,1771508436.376139,27477,5,1
1,NewOrder,1771508436.377406,5744,15,1
2,Payment,1771508436.378195,9729,20,1
1,NewOrder,1771508436.380063,20056,16,1
1,NewOrder,1771508436.380089,15099,23,1
1,NewOrder,1771508436.381294,30149,6,1
1,NewOrder,1771508436.381754,22657,11,1
1,NewOrder,1771508436.382130,44375,13,1
2,Payment,1771508436.383167,4668,15,1
2,Payment,1771508436.383564,7497,4,1
2,Payment,1771508436.384347,4004,1,1
2,Payment,1771508436.384402,7826,21,1
2,Payment,1771508436.385594,12378,3,1
2,Payment,1771508436.387428,12051,8,1
4,Delivery,1771508436.387808,10299,18,1
1,NewOrder,1771508436.387831,43162,17,1
1,NewOrder,1771508436.387860,24512,15,1
5,StockLevel,1771508436.387871,7777,0,1
2,Payment,1771508436.387949,6816,20,1
2,Payment,1771508436.388370,7556,1,1
2,Payment,1771508436.389790,7752,22,1
1,NewOrder,1771508436.389813,35377,14,1
1,NewOrder,1771508436.391073,25271,4,1
1,NewOrder,1771508436.391490,14386,19,1
1,NewOrder,1771508436.392253,16527,21,1
2,Payment,1771508436.394789,5510,20,1
2,Payment,1771508436.395200,9908,23,1
1,NewOrder,1771508436.395661,25537,0,1
1,NewOrder,1771508436.395941,33125,1,1
2,Payment,1771508436.396560,8359,9,1
1,NewOrder,1771508436.396704,38015,12,1
2,Payment,1771508436.397033,4047,7,1
2,Payment,1771508436.397567,9308,22,1
2,Payment,1771508436.397986,4776,3,1
1,NewOrder,1771508436.398121,19462,18,1
1,NewOrder,1771508436.399497,22065,8,1
2,Payment,1771508436.400135,11204,16,1
1,NewOrder,1771508436.400187,16061,10,1
1,NewOrder,1771508436.400314,22900,20,1
2,Payment,1771508436.401092,5435,7,1
2,Payment,1771508436.402775,8913,3,1
2,Payment,1771508436.403641,10314,5,1
2,Payment,1771508436.404423,11462,11,1
2,Payment,1771508436.404934,13343,9,1
1,NewOrder,1771508436.405127,37278,23,1
1,NewOrder,1771508436.405739,36168,2,1
1,NewOrder,1771508436.405890,34789,19,1
2,Payment,1771508436.406542,15136,7,1
1,NewOrder,1771508436.406899,32237,22,1
2,Payment,1771508436.408805,6596,21,1
1,NewOrder,1771508436.411353,24199,16,1
2,Payment,1771508436.411469,8349,6,1
1,NewOrder,1771508436.411705,34668,3,1
2,Payment,1771508436.412383,5723,15,1
3,OrderStatus,1771508436.413981,7025,5,1
1,NewOrder,1771508436.415427,31748,21,1
2,Payment,1771508436.415916,11024,11,1
1,NewOrder,1771508436.416273,26085,10,1
1,NewOrder,1771508436.416369,29644,4,1
2,Payment,1771508436.417600,7048,18,1
2,Payment,1771508436.418131,6919,15,1
2,Payment,1771508436.418289,5205,9,1
2,Payment,1771508436.419836,9850,6,1
1,NewOrder,1771508436.421030,35519,5,1
2,Payment,1771508436.421217,8561,0,1
2,Payment,1771508436.421587,9725,8,1
4,Delivery,1771508436.421692,3641,7,1
2,Payment,1771508436.423239,9795,20,1
5,StockLevel,1771508436.423510,16123,9,1
1,NewOrder,1771508436.424660,34363,18,1
2,Payment,1771508436.425075,8699,15,1
1,NewOrder,1771508436.425202,30407,14,1
1,NewOrder,1771508436.425348,4929,7,1
1,NewOrder,1771508436.426516,25434,13,1
2,Payment,1771508436.426949,6468,11,1
2,Payment,1771508436.429088,7782,1,1
2,Payment,1771508436.429711,5367,6,1
1,NewOrder,1771508436.429798,26724,0,1
1,NewOrder,1771508436.430301,3490,7,1
1,NewOrder,1771508436.431017,22282,17,1
1,NewOrder,1771508436.431327,23412,8,1
1,NewOrder,1771508436.433050,31233,20,1
1,NewOrder,1771508436.433434,19104,11,1
2,Payment,1771508436.433800,6570,15,1
1,NewOrder,1771508436.433817,15874,7,1
2,Payment,1771508436.434731,7557,12,1
1,NewOrder,1771508436.435093,31230,6,1
2,Payment,1771508436.435580,8383,16,1
2,Payment,1771508436.436888,6598,1,1
2,Payment,1771508436.439163,5374,22,1
3,OrderStatus,1771508436.439648,10955,9,1
1,NewOrder,1771508436.440402,17878,15,1
2,Payment,1771508436.440701,5659,19,1
1,NewOrder,1771508436.441929,25552,2,1
2,Payment,1771508436.442313,9545,12,1
1,NewOrder,1771508436.442375,10826,10,1
2,Payment,1771508436.442431,5568,23,1
2,Payment,1771508436.443499,7664,1,1
2,Payment,1771508436.443982,9838,16,1
3,OrderStatus,1771508436.444551,7066,22,1
4,Delivery,1771508436.446036,50448,4,1
1,NewOrder,1771508436.446378,21480,19,1
5,StockLevel,1771508436.446395,19899,3,1
2,Payment,1771508436.447192,8832,21,1
1,NewOrder,1771508436.448024,28226,23,1
1,NewOrder,1771508436.449705,34203,7,1
1,NewOrder,1771508436.450628,41498,9,1
2,Payment,1771508436.451188,6287,1,1
2,Payment,1771508436.451632,6373,22,1
1,NewOrder,1771508436.451870,35538,12,1
1,NewOrder,1771508436.451967,25451,13,1
1,NewOrder,1771508436.452550,19583,11,1
2,Payment,1771508436.453211,9352,10,1
1,NewOrder,1771508436.453312,39198,17,1
1,NewOrder,1771508436.453838,35551,16,1
1,NewOrder,1771508436.454769,32919,8,1
1,NewOrder,1771508436.455624,26553,14,1
1,NewOrder,1771508436.456051,21834,21,1
2,Payment,1771508436.456538,8074,0,1
2,Payment,1771508436.456560,6556,5,1
1,NewOrder,1771508436.457485,31309,1,1
1,NewOrder,1771508436.458019,30490,22,1
2,Payment,1771508436.458305,9523,15,1
2,Payment,1771508436.459034,6173,18,1
2,Payment,1771508436.462580,6185,10,1
2,Payment,1771508436.463133,8873,5,1
2,Payment,1771508436.464293,7302,20,1
1,NewOrder,1771508436.464626,26849,0,1
1,NewOrder,1771508436.465233,26974,18,1
1,NewOrder,1771508436.466306,26806,3,1
2,Payment,1771508436.466339,8440,6,1
2,Payment,1771508436.467495,8308,2,1
2,Payment,1771508436.467848,5807,15,1
2,Payment,1771508436.467880,7493,19,1
1,NewOrder,1771508436.468777,23771,10,1
2,Payment,1771508436.471607,9352,20,1
1,NewOrder,1771508436.472022,28626,5,1
2,Payment,1771508436.472150,9100,11,1
1,NewOrder,1771508436.473665,18861,15,1
2,Payment,1771508436.474796,8562,6,1
1,NewOrder,1771508436.475389,30246,19,1
2,Payment,1771508436.475813,8106,2,1
1,NewOrder,1771508436.476272,31054,23,1
2,Payment,1771508436.477434,9015,13,1
2,Payment,1771508436.477897,7917,21,1
1,NewOrder,1771508436.480973,33260,20,1
1,NewOrder,1771508436.481294,19319,11,1
1,NewOrder,1771508436.482188,22664,14,1
1,NewOrder,1771508436.483375,18249,6,1
2,Payment,1771508436.483925,10816,7,1
2,Payment,1771508436.483933,5496,2,1
1,NewOrder,1771508436.485825,15500,21,1
2,Payment,1771508436.486466,7105,13,1
2,Payment,1771508436.487434,8017,12,1
2,Payment,1771508436.487714,9276,8,1
2,Payment,1771508436.488535,6254,22,1
2,Payment,1771508436.488819,5501,1,1
1,NewOrder,1771508436.489402,35435,16,1
5,StockLevel,1771508436.489453,16240,2,1
3,OrderStatus,1771508436.491496,8324,0,1
1,NewOrder,1771508436.492139,29187,9,1
1,NewOrder,1771508436.492213,27736,18,1
1,NewOrder,1771508436.492537,26877,17,1
1,NewOrder,1771508436.492555,27292,15,1
2,Payment,1771508436.492574,6377,10,1
2,Payment,1771508436.493125,7812,3,1
2,Payment,1771508436.493582,6952,13,1
2,Payment,1771508436.494335,10112,1,1
1,NewOrder,1771508436.494756,16164,7,1
2,Payment,1771508436.494816,5333,22,1
2,Payment,1771508436.495463,9418,12,1
2,Payment,1771508436.496495,9462,4,1
3,OrderStatus,1771508436.497015,6003,8,1
1,NewOrder,1771508436.498963,27713,10,1
1,NewOrder,1771508436.499839,24514,0,1
1,NewOrder,1771508436.500175,26176,22,1
1,NewOrder,1771508436.500559,22179,13,1
1,NewOrder,1771508436.500626,26235,11,1
2,Payment,1771508436.500660,11587,5,1
4,Delivery,1771508436.500955,41148,3,1
2,Payment,1771508436.501340,6915,21,1
1,NewOrder,1771508436.501635,19255,6,1
1,NewOrder,1771508436.503033,21833,8,1
2,Payment,1771508436.504464,6064,1,1
3,OrderStatus,1771508436.504870,10447,14,1
3,OrderStatus,1771508436.504900,7407,12,1
2,Payment,1771508436.505652,5290,19,1
1,NewOrder,1771508436.505717,31158,2,1
4,Delivery,1771508436.505974,36799,4,1
2,Payment,1771508436.507349,6508,23,1
1,NewOrder,1771508436.508271,34448,21,1
1,NewOrder,1771508436.510546,18228,1,1
2,Payment,1771508436.510932,5733,7,1
1,NewOrder,1771508436.510952,31800,19,1
5,StockLevel,1771508436.512256,13824,5,1
1,NewOrder,1771508436.512332,34233,12,1
1,NewOrder,1771508436.513881,30431,23,1
2,Payment,1771508436.514258,5561,20,1
1,NewOrder,1771508436.515343,28540,14,1
2,Payment,1771508436.516690,4530,7,1
1,NewOrder,1771508436.519431,23010,17,1
2,Payment,1771508436.519841,5101,20,1
2,Payment,1771508436.519866,5775,15,1
2,Payment,1771508436.519975,7049,18,1
2,Payment,1771508436.520913,6777,6,1
3,OrderStatus,1771508436.521230,8688,7,1
2,Payment,1771508436.521353,8035,9,1
1,NewOrder,1771508436.522758,41339,13,1
1,NewOrder,1771508436.524378,25695,0,1
1,NewOrder,1771508436.524851,25169,16,1
3,OrderStatus,1771508436.524880,8015,8,1
1,NewOrder,1771508436.524959,25232,20,1
1,NewOrder,1771508436.525652,23893,15,1
2,Payment,1771508436.526092,9452,5,1
1,NewOrder,1771508436.526376,29968,22,1
2,Payment,1771508436.526689,9310,10,1
1,NewOrder,1771508436.526888,32188,11,1
1,NewOrder,1771508436.527036,35199,18,1
1,NewOrder,1771508436.527715,29121,6,1
5,StockLevel,1771508436.528799,17213,1,1
1,NewOrder,1771508436.529411,23901,9,1
1,NewOrder,1771508436.529944,28577,7,1
1,NewOrder,1771508436.532912,36642,8,1
1,NewOrder,1771508436.535569,26289,5,1
1,NewOrder,1771508436.536024,34546,10,1
1,NewOrder,1771508436.536894,31796,2,1
4,Delivery,1771508436.542129,42088,3,1
2,Payment,1771508436.542466,9163,17,1
2,Payment,1771508436.542733,10046,21,1
1,NewOrder,1771508436.542777,28661,19,1
2,Payment,1771508436.542795,1967,4,1
1,NewOrder,1771508436.543910,31374,14,1
2,Payment,1771508436.544338,12433,23,1
1,NewOrder,1771508436.544778,8523,4,1
5,StockLevel,1771508436.546038,15905,1,1
4,Delivery,1771508436.546583,14350,12,1
1,NewOrder,1771508436.549571,28504,15,1
1,NewOrder,1771508436.550036,18675,16,1
2,Payment,1771508436.550098,9008,0,1
1,NewOrder,1771508436.550206,35105,20,1
5,StockLevel,1771508436.551646,17648,17,1
5,StockLevel,1771508436.552792,16436,21,1
1,NewOrder,1771508436.553327,15090,4,1
1,NewOrder,1771508436.553338,31943,9,1
2,Payment,1771508436.556358,8968,22,1
2,Payment,1771508436.556796,9870,23,1
2,Payment,1771508436.556862,5738,6,1
2,Payment,1771508436.558543,6688,7,1
2,Payment,1771508436.559101,12740,11,1
2,Payment,1771508436.559131,5467,0,1
1,NewOrder,1771508436.560958,17890,12,1
1,NewOrder,1771508436.561882,28101,5,1
2,Payment,1771508436.561968,8904,1,1
1,NewOrder,1771508436.562251,18994,18,1
3,OrderStatus,1771508436.562618,6106,6,1
1,NewOrder,1771508436.564124,25520,13,1
1,NewOrder,1771508436.564614,19064,0,1
2,Payment,1771508436.565256,4196,7,1
1,NewOrder,1771508436.565349,34070,22,1
2,Payment,1771508436.566691,2026,23,1
1,NewOrder,1771508436.568443,25858,4,1
1,NewOrder,1771508436.568705,27123,2,1
1,NewOrder,1771508436.568726,22026,16,1
3,OrderStatus,1771508436.568734,2110,23,1
1,NewOrder,1771508436.568738,35079,6,1
1,NewOrder,1771508436.569244,16798,21,1
2,Payment,1771508436.569306,9509,17,1
1,NewOrder,1771508436.569468,15467,7,1
1,NewOrder,1771508436.569566,25644,8,1
1,NewOrder,1771508436.570588,25915,10,1
2,Payment,1771508436.570854,5738,23,1
4,Delivery,1771508436.570890,13971,1,1
2,Payment,1771508436.571448,7455,19,1
2,Payment,1771508436.571862,5250,11,1
1,NewOrder,1771508436.575310,24724,14,1
2,Payment,1771508436.576609,8359,23,1
1,NewOrder,1771508436.577136,33456,11,1
1,NewOrder,1771508436.578089,33539,15,1
1,NewOrder,1771508436.578829,31398,17,1
1,NewOrder,1771508436.578864,21217,12,1
1,NewOrder,1771508436.578916,33586,19,1
1,NewOrder,1771508436.581289,33194,18,1
1,NewOrder,1771508436.583703,38919,0,1
1,NewOrder,1771508436.584239,19914,3,1
1,NewOrder,1771508436.584878,16264,1,1
1,NewOrder,1771508436.584951,26302,7,1
2,Payment,1771508436.584993,7531,23,1
1,NewOrder,1771508436.585293,21414,9,1
1,NewOrder,1771508436.585325,24515,20,1
1,NewOrder,1771508436.586052,33533,21,1
1,NewOrder,1771508436.589657,34516,13,1
2,Payment,1771508436.589998,10997,5,1
1,NewOrder,1771508436.590778,34059,16,1
2,Payment,1771508436.592541,5156,23,1
2,Payment,1771508436.594325,8651,4,1
2,Payment,1771508436.595233,9821,8,1
1,NewOrder,1771508436.595843,32154,2,1
1,NewOrder,1771508436.596529,21496,10,1
2,Payment,1771508436.597714,6844,23,1
2,Payment,1771508436.599436,8730,22,1
2,Payment,1771508436.600047,8074,14,1
1,NewOrder,1771508436.600107,20168,12,1
1,NewOrder,1771508436.601021,23226,5,1
1,NewOrder,1771508436.601168,25481,1,1
2,Payment,1771508436.602992,5205,4,1
2,Payment,1771508436.603842,8088,6,1
1,NewOrder,1771508436.604167,19649,3,1
5,StockLevel,1771508436.604576,17845,23,1
2,Payment,1771508436.605079,13489,8,1
1,NewOrder,1771508436.606722,32861,9,1
1,NewOrder,1771508436.608138,30405,14,1
2,Payment,1771508436.608179,6149,22,1
2,Payment,1771508436.608213,6587,4,1
2,Payment,1771508436.609865,8617,20,1
1,NewOrder,1771508436.610241,23215,17,1
1,NewOrder,1771508436.610604,25069,11,1
1,NewOrder,1771508436.611270,28864,7,1
1,NewOrder,1771508436.611638,25014,15,1
5,StockLevel,1771508436.611956,14625,6,1
3,OrderStatus,1771508436.612530,6602,19,1
3,OrderStatus,1771508436.614346,5442,22,1
1,NewOrder,1771508436.614496,21622,18,1
1,NewOrder,1771508436.614813,17060,4,1
2,Payment,1771508436.618050,10721,10,1
2,Payment,1771508436.618507,6792,20,1
2,Payment,1771508436.618581,7283,8,1
5,StockLevel,1771508436.619150,14644,19,1
2,Payment,1771508436.619596,8401,21,1
3,OrderStatus,1771508436.619802,6273,22,1
2,Payment,1771508436.620300,6304,12,1
5,StockLevel,1771508436.622433,4242,23,1
2,Payment,1771508436.622645,7263,0,1
1,NewOrder,1771508436.623841,20702,3,1
1,NewOrder,1771508436.624195,20754,13,1
1,NewOrder,1771508436.624273,39702,5,1
2,Payment,1771508436.624851,7893,16,1
1,NewOrder,1771508436.625344,20949,20,1
2,Payment,1771508436.626215,7652,8,1
2,Payment,1771508436.626253,5986,22,1
2,Payment,1771508436.626605,13006,6,1
1,NewOrder,1771508436.626619,28750,12,1
1,NewOrder,1771508436.626668,23402,1,1
1,NewOrder,1771508436.626688,28358,23,1
2,Payment,1771508436.628102,6429,21,1
1,NewOrder,1771508436.628104,27827,2,1
2,Payment,1771508436.628837,7259,10,1
2,Payment,1771508436.630075,6557,0,1
1,NewOrder,1771508436.631897,23490,4,1
2,Payment,1771508436.632257,11012,22,1
2,Payment,1771508436.632767,6328,16,1
2,Payment,1771508436.633472,8258,17,1
1,NewOrder,1771508436.633811,29450,19,1
1,NewOrder,1771508436.633886,26126,8,1
1,NewOrder,1771508436.634554,19629,21,1
1,NewOrder,1771508436.635695,31079,11,1
5,StockLevel,1771508436.636118,13360,10,1
2,Payment,1771508436.636131,9068,18,1
2,Payment,1771508436.636659,8251,0,1
1,NewOrder,1771508436.636678,17067,15,1
2,Payment,1771508436.638555,10121,14,1
3,OrderStatus,1771508436.639119,8954,16,1
1,NewOrder,1771508436.639605,34671,9,1
1,NewOrder,1771508436.639635,25941,6,1
2,Payment,1771508436.640153,5821,7,1
2,Payment,1771508436.641746,8738,17,1
2,Payment,1771508436.643289,6290,22,1
1,NewOrder,1771508436.644560,40631,3,1
1,NewOrder,1771508436.644920,29927,0,1
5,StockLevel,1771508436.644975,21060,13,1
2,Payment,1771508436.645211,6132,18,1
1,NewOrder,1771508436.645991,29808,7,1
2,Payment,1771508436.646325,6684,20,1
1,NewOrder,1771508436.648099,30683,16,1
1,NewOrder,1771508436.648701,34445,14,1
1,NewOrder,1771508436.649491,28705,10,1
1,NewOrder,1771508436.649595,19353,22,1
2,Payment,1771508436.650091,7782,1,1
5,StockLevel,1771508436.650502,18258,17,1
1,NewOrder,1771508436.651357,28677,18,1
2,Payment,1771508436.653025,6340,20,1
1,NewOrder,1771508436.653765,25028,15,1
1,NewOrder,1771508436.654197,20594,21,1
1,NewOrder,1771508436.655068,20722,23,1
2,Payment,1771508436.655380,6183,12,1
2,Payment,1771508436.655399,6553,4,1
1,NewOrder,1771508436.655950,39813,2,1
1,NewOrder,1771508436.657887,21801,1,1
1,NewOrder,1771508436.659391,28702,20,1
1,NewOrder,1771508436.660023,29414,8,1
1,NewOrder,1771508436.661576,27489,12,1
2,Payment,1771508436.661967,6664,4,1
2,Payment,1771508436.663289,8268,19,1
1,NewOrder,1771508436.663987,38822,5,1
2,Payment,1771508436.665602,7423,6,1
4,Delivery,1771508436.666046,22545,13,1
1,NewOrder,1771508436.666799,40208,11,1
2,Payment,1771508436.668644,7508,4,1
1,NewOrder,1771508436.668772,23429,17,1
4,Delivery,1771508436.668966,46091,22,1
2,Payment,1771508436.671575,5356,19,1
2,Payment,1771508436.673046,10461,6,1
5,StockLevel,1771508436.674288,17632,9,1
1,NewOrder,1771508436.674815,22814,21,1
1,NewOrder,1771508436.674871,38381,0,1
1,NewOrder,1771508436.675814,28884,7,1
2,Payment,1771508436.675818,5935,23,1
2,Payment,1771508436.676176,5277,4,1
1,NewOrder,1771508436.676956,16093,19,1
1,NewOrder,1771508436.678210,22990,10,1
5,StockLevel,1771508436.678821,17108,16,1
3,OrderStatus,1771508436.678822,8164,15,1
1,NewOrder,1771508436.679703,19298,1,1
2,Payment,1771508436.680060,9377,18,1
1,NewOrder,1771508436.681478,36851,4,1
5,StockLevel,1771508436.681767,13733,23,1
2,Payment,1771508436.683161,6613,14,1
2,Payment,1771508436.683540,5544,6,1
1,NewOrder,1771508436.685202,35621,3,1
1,NewOrder,1771508436.687009,19955,15,1
2,Payment,1771508436.688114,6362,20,1
1,NewOrder,1771508436.688614,33548,13,1
1,NewOrder,1771508436.689089,36991,12,1
1,NewOrder,1771508436.689097,30802,6,1
2,Payment,1771508436.689451,9138,18,1
2,Payment,1771508436.689464,7071,8,1
2,Payment,1771508436.689800,7450,14,1
1,NewOrder,1771508436.691935,31567,9,1
1,NewOrder,1771508436.692216,23771,17,1
1,NewOrder,1771508436.693074,16083,19,1
1,NewOrder,1771508436.694498,25377,20,1
3,OrderStatus,1771508436.695523,5496,23,1
1,NewOrder,1771508436.695781,30200,2,1
2,Payment,1771508436.695946,8341,16,1
1,NewOrder,1771508436.696544,38530,8,1
2,Payment,1771508436.697295,9677,14,1
2,Payment,1771508436.697651,6202,21,1
2,Payment,1771508436.698613,7531,18,1
1,NewOrder,1771508436.699016,20519,1,1
1,NewOrder,1771508436.701035,31444,23,1
1,NewOrder,1771508436.701211,21511,10,1
2,Payment,1771508436.702819,13528,5,1
1,NewOrder,1771508436.703865,18865,21,1
1,NewOrder,1771508436.704315,36248,16,1
1,NewOrder,1771508436.704719,30532,7,1
1,NewOrder,1771508436.706169,14595,18,1
2,Payment,1771508436.706997,9095,15,1
2,Payment,1771508436.706998,5878,14,1
1,NewOrder,1771508436.707032,31155,11,1
2,Payment,1771508436.709182,7293,19,1
2,Payment,1771508436.712892,10883,14,1
1,NewOrder,1771508436.713295,21210,0,1
2,Payment,1771508436.715072,7462,22,1
4,Delivery,1771508436.715998,67842,17,1
1,NewOrder,1771508436.716113,17535,15,1
2,Payment,1771508436.716360,7041,5,1
2,Payment,1771508436.716502,9120,19,1
1,NewOrder,1771508436.718341,16882,4,1
2,Payment,1771508436.719545,9981,1,1
2,Payment,1771508436.719900,8433,20,1
1,NewOrder,1771508436.719913,37025,6,1
2,Payment,1771508436.720788,9638,18,1
2,Payment,1771508436.720848,11633,3,1
1,NewOrder,1771508436.722188,19542,13,1
5,StockLevel,1771508436.722549,17665,22,1
5,StockLevel,1771508436.722735,15461,10,1
2,Payment,1771508436.722756,11799,21,1
1,NewOrder,1771508436.723411,39055,5,1
1,NewOrder,1771508436.723527,26746,9,1
2,Payment,1771508436.723801,7836,14,1
1,NewOrder,1771508436.725648,31556,19,1
1,NewOrder,1771508436.725994,33974,2,1
1,NewOrder,1771508436.726106,36769,12,1
2,Payment,1771508436.728354,7780,20,1
2,Payment,1771508436.729551,5542,1,1
1,NewOrder,1771508436.730450,26874,18,1
3,OrderStatus,1771508436.731660,8687,14,1
1,NewOrder,1771508436.732508,34094,23,1
1,NewOrder,1771508436.732510,14203,3,1
1,NewOrder,1771508436.733670,12331,15,1
2,Payment,1771508436.734523,8202,0,1
1,NewOrder,1771508436.734579,15169,21,1
1,NewOrder,1771508436.735090,24915,8,1
3,OrderStatus,1771508436.735108,5310,1,1
2,Payment,1771508436.735234,6049,4,1
2,Payment,1771508436.735266,6387,7,1
1,NewOrder,1771508436.736150,27908,20,1
1,NewOrder,1771508436.738199,29273,11,1
1,NewOrder,1771508436.738210,21769,10,1
2,Payment,1771508436.740228,10403,22,1
1,NewOrder,1771508436.740358,29014,14,1
4,Delivery,1771508436.740435,21485,1,1
1,NewOrder,1771508436.740590,27371,16,1
2,Payment,1771508436.741299,8809,4,1
1,NewOrder,1771508436.741668,27348,7,1
2,Payment,1771508436.741741,6626,13,1
2,Payment,1771508436.742742,9500,0,1
1,NewOrder,1771508436.746018,22315,15,1
2,Payment,1771508436.746738,7682,3,1
1,NewOrder,1771508436.748382,32157,13,1
2,Payment,1771508436.749773,6524,21,1
2,Payment,1771508436.750134,9188,4,1
1,NewOrder,1771508436.750299,33922,9,1
2,Payment,1771508436.750645,7562,22,1
2,Payment,1771508436.752256,5555,0,1
1,NewOrder,1771508436.754443,37812,3,1
2,Payment,1771508436.756322,7241,21,1
2,Payment,1771508436.756963,10969,6,1
1,NewOrder,1771508436.757229,33234,19,1
2,Payment,1771508436.757351,7863,18,1
3,OrderStatus,1771508436.757823,6870,0,1
1,NewOrder,1771508436.758231,34386,22,1
2,Payment,1771508436.759334,5422,4,1
4,Delivery,1771508436.759992,2534,2,1
1,NewOrder,1771508436.759999,30441,10,1
1,NewOrder,1771508436.760030,29861,8,1
1,NewOrder,1771508436.761931,29413,1,1
1,NewOrder,1771508436.762474,25934,5,1
3,OrderStatus,1771508436.762545,7951,2,1
2,Payment,1771508436.762900,7721,12,1
2,Payment,1771508436.763588,5740,21,1
1,NewOrder,1771508436.764071,22495,20,1
2,Payment,1771508436.764718,9248,0,1
2,Payment,1771508436.764767,6403,4,1
2,Payment,1771508436.765238,5798,18,1
2,Payment,1771508436.766627,6250,23,1
4,Delivery,1771508436.767498,65125,11,1
4,Delivery,1771508436.767947,65133,6,1
2,Payment,1771508436.767986,8766,16,1
2,Payment,1771508436.768355,9870,15,1
1,NewOrder,1771508436.769042,32950,7,1
1,NewOrder,1771508436.769339,24064,21,1
5,StockLevel,1771508436.769387,17859,14,1
1,NewOrder,1771508436.770521,21424,2,1
1,NewOrder,1771508436.770647,35455,12,1
1,NewOrder,1771508436.771055,16805,18,1
2,Payment,1771508436.771196,9364,4,1
2,Payment,1771508436.772891,7174,23,1
1,NewOrder,1771508436.773991,18302,0,1
1,NewOrder,1771508436.776777,18523,16,1
2,Payment,1771508436.778250,5096,15,1
5,StockLevel,1771508436.780089,13355,23,1
1,NewOrder,1771508436.780565,29998,13,1
1,NewOrder,1771508436.780584,20285,4,1
1,NewOrder,1771508436.783363,32516,15,1
2,Payment,1771508436.783864,6929,17,1
2,Payment,1771508436.784246,6227,9,1
2,Payment,1771508436.786593,5632,20,1
2,Payment,1771508436.787263,6832,14,1
1,NewOrder,1771508436.787885,30929,18,1
4,Delivery,1771508436.788434,71564,5,1
1,NewOrder,1771508436.789921,36204,8,1
1,NewOrder,1771508436.790465,15046,10,1
2,Payment,1771508436.790476,4760,19,1
2,Payment,1771508436.790499,6909,9,1
2,Payment,1771508436.790814,6181,17,1
1,NewOrder,1771508436.791356,34788,1,1
2,Payment,1771508436.791972,7063,2,1
1,NewOrder,1771508436.792242,27004,20,1
1,NewOrder,1771508436.792268,22324,3,1
2,Payment,1771508436.792319,9191,0,1
2,Payment,1771508436.792628,6053,22,1
2,Payment,1771508436.793421,8473,21,1
1,NewOrder,1771508436.793458,32129,23,1
1,NewOrder,1771508436.794107,25061,14,1
1,NewOrder,1771508436.795257,17989,19,1
2,Payment,1771508436.795318,7154,16,1
2,Payment,1771508436.797008,10608,17,1
3,OrderStatus,1771508436.797422,6976,9,1
2,Payment,1771508436.798706,7676,22,1
1,NewOrder,1771508436.799062,36716,2,1
4,Delivery,1771508436.800885,60115,4,1
2,Payment,1771508436.801525,4596,0,1
1,NewOrder,1771508436.801915,27906,21,1
2,Payment,1771508436.802019,7959,7,1
2,Payment,1771508436.802489,7976,16,1
1,NewOrder,1771508436.804424,29603,9,1
1,NewOrder,1771508436.805536,26724,10,1
2,Payment,1771508436.806115,7756,12,1
1,NewOrder,1771508436.806137,15780,0,1
5,StockLevel,1771508436.806391,17973,22,1
2,Payment,1771508436.807641,8671,17,1
2,Payment,1771508436.809997,5825,7,1
1,NewOrder,1771508436.810490,36959,16,1
1,NewOrder,1771508436.810576,31654,13,1
2,Payment,1771508436.813277,7841,19,1
3,OrderStatus,1771508436.813890,9642,12,1
1,NewOrder,1771508436.814616,23657,3,1
1,NewOrder,1771508436.815833,18256,7,1
1,NewOrder,1771508436.815904,17722,15,1
2,Payment,1771508436.816334,5970,17,1
2,Payment,1771508436.818839,5273,18,1
2,Payment,1771508436.819181,7492,14,1
5,StockLevel,1771508436.819273,13469,20,1
1,NewOrder,1771508436.821143,12995,19,1
2,Payment,1771508436.821928,7305,0,1
1,NewOrder,1771508436.822323,28913,17,1
1,NewOrder,1771508436.823555,31615,12,1
1,NewOrder,1771508436.824122,18517,18,1
2,Payment,1771508436.824377,5971,22,1
1,NewOrder,1771508436.825599,18930,23,1
2,Payment,1771508436.826150,7522,8,1
2,Payment,1771508436.826157,5208,1,1
2,Payment,1771508436.826682,5983,14,1
2,Payment,1771508436.829250,10488,0,1
2,Payment,1771508436.829841,6377,21,1
1,NewOrder,1771508436.830372,22562,22,1
2,Payment,1771508436.831390,11222,1,1
1,NewOrder,1771508436.832285,14635,10,1
1,NewOrder,1771508436.832645,29913,11,1
1,NewOrder,1771508436.832680,27651,14,1
3,OrderStatus,1771508436.832757,4897,20,1
2,Payment,1771508436.833102,3037,6,1
1,NewOrder,1771508436.833640,31081,15,1
2,Payment,1771508436.833686,11228,8,1
3,OrderStatus,1771508436.834039,10539,9,1
2,Payment,1771508436.834113,13232,7,1
1,NewOrder,1771508436.834151,13704,19,1
1,NewOrder,1771508436.835790,29596,2,1
5,StockLevel,1771508436.836153,1757,6,1
2,Payment,1771508436.836231,4339,21,1
2,Payment,1771508436.837668,5828,20,1
1,NewOrder,1771508436.837934,7074,6,1
1,NewOrder,1771508436.838285,40008,3,1
2,Payment,1771508436.839752,10432,0,1
1,NewOrder,1771508436.840596,28535,21,1
2,Payment,1771508436.842242,9029,13,1
2,Payment,1771508436.842629,8926,1,1
1,NewOrder,1771508436.842661,19853,18,1
2,Payment,1771508436.843524,7050,20,1
5,StockLevel,1771508436.844554,12930,23,1
1,NewOrder,1771508436.844601,37340,9,1
2,Payment,1771508436.844930,9881,8,1
1,NewOrder,1771508436.845033,13517,6,1
1,NewOrder,1771508436.846946,18818,10,1
1,NewOrder,1771508436.847373,27299,7,1
2,Payment,1771508436.847472,8674,16,1
1,NewOrder,1771508436.847866,37129,19,1
5,StockLevel,1771508436.850209,16845,0,1
2,Payment,1771508436.850592,6605,20,1
4,Delivery,1771508436.851253,68990,17,1
1,NewOrder,1771508436.851287,28699,13,1
1,NewOrder,1771508436.851577,23763,1,1
1,NewOrder,1771508436.852950,28472,22,1
2,Payment,1771508436.854836,7743,8,1
2,Payment,1771508436.855194,6798,12,1
2,Payment,1771508436.856171,7393,16,1
1,NewOrder,1771508436.857222,23799,20,1
1,NewOrder,1771508436.857509,23441,23,1
1,NewOrder,1771508436.858567,28970,6,1
1,NewOrder,1771508436.860020,21228,5,1
2,Payment,1771508436.860345,8465,14,1
1,NewOrder,1771508436.861022,8079,4,1
2,Payment,1771508436.862017,9467,12,1
1,NewOrder,1771508436.862542,35044,18,1
1,NewOrder,1771508436.862584,21068,11,1
1,NewOrder,1771508436.862604,30447,8,1
1,NewOrder,1771508436.863581,18717,16,1
1,NewOrder,1771508436.864738,18828,15,1
5,StockLevel,1771508436.865400,16878,2,1
2,Payment,1771508436.865776,9585,10,1
1,NewOrder,1771508436.867079,27013,0,1
1,NewOrder,1771508436.868834,34690,14,1
2,Payment,1771508436.869117,1410,4,1
2,Payment,1771508436.869144,8247,21,1
1,NewOrder,1771508436.870541,5432,4,1
2,Payment,1771508436.871509,6760,12,1
2,Payment,1771508436.874696,16313,7,1
4,Delivery,1771508436.875365,22000,1,1
2,Payment,1771508436.875374,8155,10,1
4,Delivery,1771508436.875991,21054,4,1
1,NewOrder,1771508436.877423,18785,21,1
2,Payment,1771508436.878294,5530,12,1
2,Payment,1771508436.878319,4804,3,1
1,NewOrder,1771508436.880010,23540,13,1
1,NewOrder,1771508436.880975,16502,23,1
1,NewOrder,1771508436.881046,33154,20,1
2,Payment,1771508436.881286,6694,5,1
1,NewOrder,1771508436.881449,14784,22,1
2,Payment,1771508436.881956,6982,9,1
4,Delivery,1771508436.882294,15151,2,1
1,NewOrder,1771508436.882309,34576,16,1
4,Delivery,1771508436.883146,14349,3,1
3,OrderStatus,1771508436.883544,6950,10,1
1,NewOrder,1771508436.883591,17891,15,1
1,NewOrder,1771508436.883675,31926,11,1
2,Payment,1771508436.883836,6750,12,1
1,NewOrder,1771508436.885019,17812,19,1
2,Payment,1771508436.887562,12080,6,1
2,Payment,1771508436.887993,7326,5,1
4,Delivery,1771508436.888952,44582,9,1
2,Payment,1771508436.890518,13412,10,1
2,Payment,1771508436.890601,8991,12,1
2,Payment,1771508436.891029,10848,7,1
1,NewOrder,1771508436.893066,35962,8,1
2,Payment,1771508436.894113,13259,0,1
1,NewOrder,1771508436.895329,27043,5,1
2,Payment,1771508436.896235,6795,21,1
1,NewOrder,1771508436.896259,26442,22,1
2,Payment,1771508436.897070,12622,4,1
1,NewOrder,1771508436.897380,4576,1,1
5,StockLevel,1771508436.897465,7967,2,1
1,NewOrder,1771508436.897491,40804,23,1
1,NewOrder,1771508436.897516,23307,3,1
1,NewOrder,1771508436.897600,36744,18,1
2,Payment,1771508436.899602,8374,12,1
2,Payment,1771508436.899666,13575,6,1
2,Payment,1771508436.901507,8248,15,1
1,NewOrder,1771508436.901889,7424,7,1
2,Payment,1771508436.901970,9236,1,1
2,Payment,1771508436.902851,8073,19,1
1,NewOrder,1771508436.903040,23511,21,1
1,NewOrder,1771508436.903534,40550,14,1
1,NewOrder,1771508436.903574,37778,13,1
1,NewOrder,1771508436.903947,26785,10,1
1,NewOrder,1771508436.905452,19873,2,1
2,Payment,1771508436.907397,10734,0,1
5,StockLevel,1771508436.907987,17900,12,1
2,Payment,1771508436.909329,8125,7,1
2,Payment,1771508436.909717,4378,4,1
2,Payment,1771508436.909769,7642,15,1
1,NewOrder,1771508436.910938,27248,19,1
1,NewOrder,1771508436.911230,18029,1,1
1,NewOrder,1771508436.913285,27519,6,1
2,Payment,1771508436.914120,7804,4,1
1,NewOrder,1771508436.914225,20083,20,1
2,Payment,1771508436.915627,6699,11,1
4,Delivery,1771508436.916898,3895,16,1
1,NewOrder,1771508436.917436,22423,15,1
5,StockLevel,1771508436.917470,16721,7,1
1,NewOrder,1771508436.918156,41079,0,1
2,Payment,1771508436.920260,6327,17,1
2,Payment,1771508436.920814,8054,16,1
2,Payment,1771508436.920848,5082,3,1
1,NewOrder,1771508436.921936,18413,4,1
1,NewOrder,1771508436.922351,36939,11,1
2,Payment,1771508436.922399,6199,5,1
1,NewOrder,1771508436.922719,17618,22,1
2,Payment,1771508436.925353,9725,2,1
5,StockLevel,1771508436.925911,15977,12,1
2,Payment,1771508436.925948,11289,3,1
1,NewOrder,1771508436.926564,33641,21,1
5,StockLevel,1771508436.926597,15446,17,1
2,Payment,1771508436.928625,10412,5,1
1,NewOrder,1771508436.928894,32608,16,1
1,NewOrder,1771508436.929053,28677,8,1
1,NewOrder,1771508436.929290,24379,1,1
1,NewOrder,1771508436.930755,22978,10,1
2,Payment,1771508436.933561,7280,9,1
2,Payment,1771508436.934213,8196,7,1
2,Payment,1771508436.934323,5925,20,1
1,NewOrder,1771508436.934359,20182,18,1
3,OrderStatus,1771508436.935094,8231,2,1
2,Payment,1771508436.937279,5722,3,1
2,Payment,1771508436.938196,10312,19,1
1,NewOrder,1771508436.938321,15318,23,1
2,Payment,1771508436.939061,6312,5,1
2,Payment,1771508436.939884,8078,15,1
4,Delivery,1771508436.940273,32279,20,1
1,NewOrder,1771508436.940364,18844,4,1
1,NewOrder,1771508436.940365,18861,22,1
2,Payment,1771508436.940829,12270,6,1
4,Delivery,1771508436.940868,40487,9,1
2,Payment,1771508436.941365,8144,13,1
2,Payment,1771508436.941906,11628,12,1
2,Payment,1771508436.942054,13420,17,1
2,Payment,1771508436.942424,12369,7,1
1,NewOrder,1771508436.943010,33389,3,1
1,NewOrder,1771508436.943353,32218,2,1
4,Delivery,1771508436.944101,37743,14,1
3,OrderStatus,1771508436.945420,11093,5,1
1,NewOrder,1771508436.947979,19218,15,1
2,Payment,1771508436.948532,5222,19,1
5,StockLevel,1771508436.949533,17015,13,1
2,Payment,1771508436.953115,10048,6,1
2,Payment,1771508436.953548,5179,12,1
1,NewOrder,1771508436.953664,24857,23,1
2,Payment,1771508436.953695,5471,1,1
1,NewOrder,1771508436.953758,23460,10,1
2,Payment,1771508436.953770,6060,19,1
1,NewOrder,1771508436.954566,19916,18,1
1,NewOrder,1771508436.954805,18819,7,1
1,NewOrder,1771508436.955488,31632,17,1
2,Payment,1771508436.956539,7332,5,1
1,NewOrder,1771508436.957744,21587,8,1
2,Payment,1771508436.958739,8945,12,1
2,Payment,1771508436.959182,8069,1,1
2,Payment,1771508436.959234,17580,4,1
1,NewOrder,1771508436.959252,32236,22,1
2,Payment,1771508436.959261,9478,0,1
2,Payment,1771508436.959300,7076,11,1
2,Payment,1771508436.959843,7442,19,1
1,NewOrder,1771508436.960217,27766,21,1
2,Payment,1771508436.961519,7631,16,1
1,NewOrder,1771508436.963177,51931,6,1
2,Payment,1771508436.963885,9022,5,1
1,NewOrder,1771508436.966397,20269,11,1
4,Delivery,1771508436.966575,15636,13,1
5,StockLevel,1771508436.967211,16330,15,1
5,StockLevel,1771508436.967277,11799,1,1
1,NewOrder,1771508436.967298,15751,19,1
2,Payment,1771508436.967708,9072,12,1
2,Payment,1771508436.968761,6081,0,1
2,Payment,1771508436.969166,9836,16,1
1,NewOrder,1771508436.972566,27154,20,1
3,OrderStatus,1771508436.972932,7586,5,1
1,NewOrder,1771508436.973634,29642,7,1
1,NewOrder,1771508436.974509,16762,18,1
2,Payment,1771508436.974866,4178,0,1
1,NewOrder,1771508436.975582,22905,2,1
2,Payment,1771508436.976411,13860,3,1
1,NewOrder,1771508436.976804,27608,12,1
2,Payment,1771508436.976839,15287,4,1
1,NewOrder,1771508436.977243,31059,10,1
2,Payment,1771508436.978535,6466,23,1
2,Payment,1771508436.979011,3064,16,1
1,NewOrder,1771508436.979056,33192,0,1
1,NewOrder,1771508436.979100,29999,1,1
1,NewOrder,1771508436.979354,41295,8,1
1,NewOrder,1771508436.980530,38898,5,1
5,StockLevel,1771508436.981370,19382,9,1
2,Payment,1771508436.981856,9426,14,1
3,OrderStatus,1771508436.982100,8582,16,1
1,NewOrder,1771508436.982225,6202,13,1
2,Payment,1771508436.983064,4880,19,1
2,Payment,1771508436.983566,9513,15,1
2,Payment,1771508436.985026,4367,23,1
2,Payment,1771508436.986691,7683,11,1
2,Payment,1771508436.987147,7596,17,1
1,NewOrder,1771508436.987958,39392,19,1
1,NewOrder,1771508436.988008,38557,21,1
1,NewOrder,1771508436.988443,37078,13,1
4,Delivery,1771508436.989418,126171,23,1
1,NewOrder,1771508436.990289,24144,3,1
1,NewOrder,1771508436.990708,30842,16,1
1,NewOrder,1771508436.991298,20313,14,1
2,Payment,1771508436.991298,8848,18,1
1,NewOrder,1771508436.991512,22306,22,1
1,NewOrder,1771508436.992141,5369,4,1
2,Payment,1771508436.993104,8334,15,1
2,Payment,1771508436.994394,7956,11,1
5,StockLevel,1771508436.994757,16451,17,1
2,Payment,1771508436.997526,7631,4,1
2,Payment,1771508436.998511,8200,2,1
1,NewOrder,1771508436.999747,17036,20,1
1,NewOrder,1771508437.000160,37413,18,1
2,Payment,1771508437.000778,9727,9,1
1,NewOrder,1771508437.001452,29158,15,1
1,NewOrder,1771508437.002370,22790,11,1
3,OrderStatus,1771508437.003291,5899,7,1
2,Payment,1771508437.004437,8316,12,1
2,Payment,1771508437.005182,7980,4,1
1,NewOrder,1771508437.006728,18821,2,1
1,NewOrder,1771508437.008314,27870,10,1
5,StockLevel,1771508437.009118,16683,1,1
2,Payment,1771508437.009199,8172,7,1
2,Payment,1771508437.010519,8654,9,1
1,NewOrder,1771508437.011233,33731,17,1
2,Payment,1771508437.011638,7566,14,1
2,Payment,1771508437.012273,6281,0,1
2,Payment,1771508437.012787,9916,12,1
2,Payment,1771508437.013179,10884,4,1
2,Payment,1771508437.013833,10201,22,1
1,NewOrder,1771508437.014443,38990,3,1
1,NewOrder,1771508437.015134,32187,6,1
5,StockLevel,1771508437.016809,16224,20,1
2,Payment,1771508437.017395,9145,7,1
1,NewOrder,1771508437.018570,27395,0,1
5,StockLevel,1771508437.019188,13077,9,1
2,Payment,1771508437.019220,10878,14,1
1,NewOrder,1771508437.019440,35105,5,1
1,NewOrder,1771508437.020674,28690,8,1
1,NewOrder,1771508437.021568,30129,16,1
2,Payment,1771508437.022727,8657,12,1
2,Payment,1771508437.024046,5279,22,1
1,NewOrder,1771508437.024075,17461,4,1
4,Delivery,1771508437.025180,68436,11,1
1,NewOrder,1771508437.025534,30344,13,1
2,Payment,1771508437.025560,8770,2,1
1,NewOrder,1771508437.025825,32039,1,1
2,Payment,1771508437.026551,5424,7,1
3,OrderStatus,1771508437.026578,6133,21,1
1,NewOrder,1771508437.027366,26684,19,1
1,NewOrder,1771508437.029340,25968,22,1
1,NewOrder,1771508437.030132,40354,14,1
1,NewOrder,1771508437.030635,23468,15,1
1,NewOrder,1771508437.031397,30554,12,1
2,Payment,1771508437.031989,5964,7,1
1,NewOrder,1771508437.032279,24043,9,1
2,Payment,1771508437.032734,6230,21,1
1,NewOrder,1771508437.033047,23727,20,1
2,Payment,1771508437.034354,7755,2,1
2,Payment,1771508437.036197,9199,10,1
1,NewOrder,1771508437.037589,33549,18,1
1,NewOrder,1771508437.037966,25320,7,1
2,Payment,1771508437.038989,6392,21,1
2,Payment,1771508437.041550,8596,4,1
1,NewOrder,1771508437.042127,26514,2,1
1,NewOrder,1771508437.044975,34581,17,1
1,NewOrder,1771508437.045406,30805,21,1
5,StockLevel,1771508437.045417,15042,10,1
1,NewOrder,1771508437.045987,27628,0,1
2,Payment,1771508437.047333,7124,6,1
2,Payment,1771508437.049377,6849,8,1
3,OrderStatus,1771508437.050170,4883,4,1
2,Payment,1771508437.051714,8887,16,1
4,Delivery,1771508437.053449,42069,3,1
2,Payment,1771508437.054065,4346,19,1
2,Payment,1771508437.054117,8354,15,1
2,Payment,1771508437.054467,10320,6,1
1,NewOrder,1771508437.054557,24337,5,1
2,Payment,1771508437.055078,4911,4,1
2,Payment,1771508437.055332,5236,22,1
2,Payment,1771508437.055892,9436,13,1
2,Payment,1771508437.056239,10412,8,1
1,NewOrder,1771508437.056346,24594,9,1
2,Payment,1771508437.056786,5634,20,1
2,Payment,1771508437.057874,6153,1,1
2,Payment,1771508437.058428,7853,19,1
2,Payment,1771508437.060014,9598,4,1
2,Payment,1771508437.060471,8137,10,1
2,Payment,1771508437.060585,7601,22,1
2,Payment,1771508437.060617,6593,16,1
2,Payment,1771508437.061976,8417,12,1
4,Delivery,1771508437.062433,53815,20,1
1,NewOrder,1771508437.062485,19080,15,1
1,NewOrder,1771508437.063311,26887,7,1
1,NewOrder,1771508437.064042,30307,1,1
1,NewOrder,1771508437.064805,28411,6,1
2,Payment,1771508437.065340,6965,13,1
1,NewOrder,1771508437.066298,28591,19,1
1,NewOrder,1771508437.066660,33120,8,1
2,Payment,1771508437.067236,8527,16,1
1,NewOrder,1771508437.068199,24987,22,1
2,Payment,1771508437.068625,5738,10,1
2,Payment,1771508437.068655,8331,2,1
1,NewOrder,1771508437.069638,30324,4,1
1,NewOrder,1771508437.070409,22017,12,1
1,NewOrder,1771508437.070502,29250,14,1
2,Payment,1771508437.071164,6302,18,1
1,NewOrder,1771508437.072330,28735,13,1
1,NewOrder,1771508437.073641,39867,0,1
2,Payment,1771508437.074377,5279,10,1
5,StockLevel,1771508437.075789,17774,16,1
2,Payment,1771508437.076236,5776,21,1
1,NewOrder,1771508437.077011,20623,2,1
2,Payment,1771508437.077483,5910,18,1
2,Payment,1771508437.078919,7938,5,1
5,StockLevel,1771508437.079583,15963,17,1
1,NewOrder,1771508437.079681,26111,10,1
2,Payment,1771508437.080966,8590,9,1
2,Payment,1771508437.081580,6543,15,1
1,NewOrder,1771508437.082037,23669,21,1
2,Payment,1771508437.083408,5419,18,1
2,Payment,1771508437.086876,6728,5,1
2,Payment,1771508437.088148,5482,15,1
1,NewOrder,1771508437.088841,28395,18,1
3,OrderStatus,1771508437.089571,7607,9,1
1,NewOrder,1771508437.090223,26965,7,1
1,NewOrder,1771508437.092450,37777,12,1
1,NewOrder,1771508437.093210,18491,22,1
5,StockLevel,1771508437.093241,14471,6,1
2,Payment,1771508437.093589,7749,16,1
1,NewOrder,1771508437.093631,33874,5,1
2,Payment,1771508437.093635,5713,11,1
2,Payment,1771508437.093652,6281,15,1
1,NewOrder,1771508437.094360,30652,1,1
1,NewOrder,1771508437.094914,20229,19,1
1,NewOrder,1771508437.095542,16873,3,1
2,Payment,1771508437.095561,7735,17,1
1,NewOrder,1771508437.097204,24713,9,1
2,Payment,1771508437.097648,7436,2,1
2,Payment,1771508437.099358,15420,11,1
1,NewOrder,1771508437.099778,38285,14,1
1,NewOrder,1771508437.099804,27658,8,1
5,StockLevel,1771508437.099958,10492,15,1
2,Payment,1771508437.099987,6545,4,1
1,NewOrder,1771508437.101090,37372,13,1
2,Payment,1771508437.101353,15457,16,1
2,Payment,1771508437.103315,15623,17,1
1,NewOrder,1771508437.105094,25057,2,1
1,NewOrder,1771508437.105732,28227,21,1
1,NewOrder,1771508437.105805,37161,10,1
4,Delivery,1771508437.106541,55599,4,1
1,NewOrder,1771508437.107738,36813,6,1
1,NewOrder,1771508437.110475,33638,15,1
2,Payment,1771508437.111713,6780,22,1
1,NewOrder,1771508437.112440,28849,3,1
5,StockLevel,1771508437.113523,15551,0,1
2,Payment,1771508437.114805,11135,11,1
1,NewOrder,1771508437.115157,46122,19,1
3,OrderStatus,1771508437.115602,13038,23,1
2,Payment,1771508437.116270,4135,20,1
2,Payment,1771508437.116825,9076,16,1
2,Payment,1771508437.117214,12569,7,1
1,NewOrder,1771508437.117256,41669,18,1
2,Payment,1771508437.118504,16590,22,1
1,NewOrder,1771508437.118963,4173,17,1
1,NewOrder,1771508437.120417,4985,20,1
2,Payment,1771508437.121942,9698,9,1
2,Payment,1771508437.123163,4593,17,1
1,NewOrder,1771508437.125038,40608,1,1
1,NewOrder,1771508437.125418,6926,20,1
5,StockLevel,1771508437.125920,13417,16,1
2,Payment,1771508437.125958,9093,11,1
1,NewOrder,1771508437.127488,14572,8,1
2,Payment,1771508437.127533,6207,5,1
2,Payment,1771508437.127781,2327,17,1
4,Delivery,1771508437.128666,63132,23,1
2,Payment,1771508437.129089,7573,0,1
1,NewOrder,1771508437.129808,34889,7,1
2,Payment,1771508437.130121,2545,17,1
3,OrderStatus,1771508437.130199,5363,2,1
1,NewOrder,1771508437.130241,18854,12,1
1,NewOrder,1771508437.131661,12914,9,1
1,NewOrder,1771508437.132355,11104,20,1
2,Payment,1771508437.132683,2747,17,1
4,Delivery,1771508437.133759,29207,5,1
4,Delivery,1771508437.133972,58193,21,1
1,NewOrder,1771508437.135078,24733,11,1
5,StockLevel,1771508437.135106,18669,22,1
1,NewOrder,1771508437.135447,10485,17,1
1,NewOrder,1771508437.135581,27010,2,1
2,Payment,1771508437.136674,8778,0,1
2,Payment,1771508437.138074,6966,14,1
1,NewOrder,1771508437.138476,20504,13,1
3,OrderStatus,1771508437.139349,5851,16,1
1,NewOrder,1771508437.141315,34219,3,1
2,Payment,1771508437.142084,6453,8,1
1,NewOrder,1771508437.142980,19566,10,1
2,Payment,1771508437.143473,9592,20,1
2,Payment,1771508437.144133,9862,15,1
2,Payment,1771508437.144564,11167,6,1
2,Payment,1771508437.144588,9514,9,1
4,Delivery,1771508437.145052,31097,14,1
4,Delivery,1771508437.145221,31336,16,1
1,NewOrder,1771508437.145469,24250,0,1
1,NewOrder,1771508437.145943,7726,17,1
4,Delivery,1771508437.148554,60119,8,1
1,NewOrder,1771508437.149113,30628,12,1
1,NewOrder,1771508437.153090,34098,20,1
1,NewOrder,1771508437.153682,8891,17,1
1,NewOrder,1771508437.153789,17083,22,1
2,Payment,1771508437.154010,6101,15,1
2,Payment,1771508437.154120,4048,9,1
2,Payment,1771508437.155743,4378,6,1
2,Payment,1771508437.158188,6911,9,1
2,Payment,1771508437.158939,5093,18,1
1,NewOrder,1771508437.158994,35530,13,1
2,Payment,1771508437.159828,13810,11,1
1,NewOrder,1771508437.160129,15365,15,1
2,Payment,1771508437.160145,6766,6,1
1,NewOrder,1771508437.161294,23720,19,1
2,Payment,1771508437.162154,6106,4,1
2,Payment,1771508437.162556,6763,10,1
1,NewOrder,1771508437.162588,26431,17,1
2,Payment,1771508437.162609,8623,2,1
1,NewOrder,1771508437.162983,5828,5,1
1,NewOrder,1771508437.164044,22154,18,1
2,Payment,1771508437.164708,7392,7,1
1,NewOrder,1771508437.165113,39702,9,1
1,NewOrder,1771508437.165660,43000,1,1
1,NewOrder,1771508437.166924,17703,6,1
2,Payment,1771508437.168275,6908,4,1
1,NewOrder,1771508437.168827,18534,5,1
1,NewOrder,1771508437.169335,22391,10,1
2,Payment,1771508437.169746,8411,0,1
2,Payment,1771508437.170885,6759,22,1
1,NewOrder,1771508437.171244,33871,2,1
2,Payment,1771508437.172113,7450,7,1
2,Payment,1771508437.173650,7651,11,1
1,NewOrder,1771508437.175197,32846,4,1
1,NewOrder,1771508437.175509,38144,15,1
2,Payment,1771508437.175546,9453,3,1
2,Payment,1771508437.176160,15059,14,1
3,OrderStatus,1771508437.176573,1488,16,1
2,Payment,1771508437.177658,7324,22,1
1,NewOrder,1771508437.178078,10039,16,1
1,NewOrder,1771508437.178176,32420,0,1
2,Payment,1771508437.179586,7052,7,1
2,Payment,1771508437.179756,13211,12,1
2,Payment,1771508437.181315,7349,11,1
2,Payment,1771508437.184640,7982,6,1
2,Payment,1771508437.184991,6766,22,1
2,Payment,1771508437.185013,9530,3,1
3,OrderStatus,1771508437.185031,6123,19,1
1,NewOrder,1771508437.186208,36170,18,1
2,Payment,1771508437.186662,8341,7,1
1,NewOrder,1771508437.187198,28374,20,1
1,NewOrder,1771508437.187389,39343,5,1
1,NewOrder,1771508437.188131,22875,16,1
5,StockLevel,1771508437.188682,18127,11,1
2,Payment,1771508437.189036,13085,17,1
3,OrderStatus,1771508437.191168,11253,19,1
2,Payment,1771508437.191245,7788,14,1
1,NewOrder,1771508437.191739,41476,10,1
2,Payment,1771508437.191768,5898,22,1
2,Payment,1771508437.191823,8094,23,1
1,NewOrder,1771508437.192182,5875,21,1
1,NewOrder,1771508437.192633,22575,6,1
1,NewOrder,1771508437.192992,10523,12,1
1,NewOrder,1771508437.194537,17019,13,1
2,Payment,1771508437.194556,5101,3,1
1,NewOrder,1771508437.195019,35454,7,1
1,NewOrder,1771508437.197682,27824,22,1
2,Payment,1771508437.198072,3402,21,1
4,Delivery,1771508437.199059,32223,14,1
1,NewOrder,1771508437.199670,36248,3,1
1,NewOrder,1771508437.199932,30432,23,1
1,NewOrder,1771508437.201492,7140,21,1
5,StockLevel,1771508437.202136,16364,17,1
3,OrderStatus,1771508437.202435,9482,19,1
2,Payment,1771508437.203539,7434,12,1
1,NewOrder,1771508437.204830,24750,9,1
5,StockLevel,1771508437.205127,12955,2,1
1,NewOrder,1771508437.206841,31690,11,1
1,NewOrder,1771508437.208064,23298,4,1
1,NewOrder,1771508437.208649,21693,21,1
1,NewOrder,1771508437.208680,21860,1,1
1,NewOrder,1771508437.208689,23074,8,1
1,NewOrder,1771508437.210615,27831,0,1
2,Payment,1771508437.210982,6301,12,1
1,NewOrder,1771508437.211021,31857,16,1
3,OrderStatus,1771508437.211566,7405,13,1
1,NewOrder,1771508437.211931,30919,19,1
1,NewOrder,1771508437.213666,33212,15,1
2,Payment,1771508437.215228,11484,6,1
1,NewOrder,1771508437.215597,21702,20,1
2,Payment,1771508437.217311,9374,12,1
1,NewOrder,1771508437.218106,22096,2,1
3,OrderStatus,1771508437.218513,8398,17,1
1,NewOrder,1771508437.218989,32755,13,1
1,NewOrder,1771508437.222396,37228,18,1
2,Payment,1771508437.225521,7458,22,1
1,NewOrder,1771508437.226711,23448,12,1
1,NewOrder,1771508437.226738,23499,6,1
5,StockLevel,1771508437.226750,15751,5,1
2,Payment,1771508437.226923,10336,17,1
2,Payment,1771508437.229600,7726,9,1
2,Payment,1771508437.230367,12384,21,1
1,NewOrder,1771508437.230387,29133,23,1
1,NewOrder,1771508437.230498,31006,7,1
2,Payment,1771508437.230556,7744,1,1
1,NewOrder,1771508437.231302,35338,14,1
1,NewOrder,1771508437.231378,21303,4,1
2,Payment,1771508437.231775,8266,8,1
2,Payment,1771508437.232994,5258,22,1
2,Payment,1771508437.233226,20969,10,1
2,Payment,1771508437.235932,5791,3,1
1,NewOrder,1771508437.237288,16935,17,1
1,NewOrder,1771508437.237315,34465,20,1
2,Payment,1771508437.237356,5425,9,1
2,Payment,1771508437.238263,6588,22,1
5,StockLevel,1771508437.238325,13781,1,1
1,NewOrder,1771508437.238470,28201,0,1
2,Payment,1771508437.238546,11552,11,1
2,Payment,1771508437.240068,6845,8,1
2,Payment,1771508437.240228,8399,2,1
2,Payment,1771508437.241733,9903,3,1
5,StockLevel,1771508437.242529,15683,5,1
2,Payment,1771508437.242765,5903,21,1
1,NewOrder,1771508437.242797,20743,9,1
1,NewOrder,1771508437.242860,26737,19,1
4,Delivery,1771508437.242894,60076,16,1
1,NewOrder,1771508437.244863,26857,22,1
1,NewOrder,1771508437.246903,31365,15,1
2,Payment,1771508437.246934,14441,8,1
2,Payment,1771508437.248652,7428,2,1
2,Payment,1771508437.248694,4027,21,1
1,NewOrder,1771508437.250123,32870,11,1
2,Payment,1771508437.250176,9370,12,1
1,NewOrder,1771508437.250262,22656,6,1
3,OrderStatus,1771508437.251651,5010,3,1
1,NewOrder,1771508437.251770,19974,13,1
2,Payment,1771508437.252122,9338,1,1
2,Payment,1771508437.252719,19945,4,1
2,Payment,1771508437.252733,4487,21,1
2,Payment,1771508437.254213,3036,10,1
2,Payment,1771508437.254237,9184,17,1
1,NewOrder,1771508437.256097,26966,2,1
2,Payment,1771508437.256674,8199,3,1
1,NewOrder,1771508437.257245,22098,21,1
2,Payment,1771508437.257278,7505,10,1
2,Payment,1771508437.258239,11436,5,1
4,Delivery,1771508437.259545,61440,23,1
2,Payment,1771508437.259572,9969,12,1
2,Payment,1771508437.259638,6865,18,1
2,Payment,1771508437.261389,8069,8,1
2,Payment,1771508437.261485,18074,1,1
1,NewOrder,1771508437.261530,26778,7,1
1,NewOrder,1771508437.263436,12710,17,1
3,OrderStatus,1771508437.263557,4750,9,1
2,Payment,1771508437.264793,7807,10,1
1,NewOrder,1771508437.264898,39608,3,1
1,NewOrder,1771508437.266532,35459,18,1
1,NewOrder,1771508437.266659,36285,14,1
1,NewOrder,1771508437.266695,33723,0,1
2,Payment,1771508437.268320,16822,9,1
2,Payment,1771508437.269473,8734,8,1
2,Payment,1771508437.269558,3327,12,1
2,Payment,1771508437.269622,7756,19,1
1,NewOrder,1771508437.269699,22117,5,1
2,Payment,1771508437.271734,9455,22,1
1,NewOrder,1771508437.271756,29953,13,1
1,NewOrder,1771508437.271806,16550,20,1
2,Payment,1771508437.272612,3472,10,1
2,Payment,1771508437.272678,4605,4,1
1,NewOrder,1771508437.272902,26127,12,1
2,Payment,1771508437.272943,15094,6,1
2,Payment,1771508437.276095,4817,10,1
1,NewOrder,1771508437.276171,24960,17,1
2,Payment,1771508437.277297,7912,4,1
1,NewOrder,1771508437.277392,33362,19,1
1,NewOrder,1771508437.278224,10988,8,1
2,Payment,1771508437.278294,8401,15,1
2,Payment,1771508437.279356,13785,21,1
3,OrderStatus,1771508437.279582,1905,1,1
1,NewOrder,1771508437.280925,5696,10,1
2,Payment,1771508437.281214,15270,22,1
1,NewOrder,1771508437.281507,14906,1,1
4,Delivery,1771508437.283004,70568,11,1
2,Payment,1771508437.283089,9991,2,1
2,Payment,1771508437.285165,6561,9,1
4,Delivery,1771508437.285226,35845,4,1
2,Payment,1771508437.286633,13764,10,1
5,StockLevel,1771508437.286712,12307,15,1
2,Payment,1771508437.288048,6561,6,1
1,NewOrder,1771508437.288320,26883,7,1
1,NewOrder,1771508437.288382,22400,20,1
1,NewOrder,1771508437.289238,36672,8,1
1,NewOrder,1771508437.291750,27936,9,1
2,Payment,1771508437.291844,8550,5,1
1,NewOrder,1771508437.293099,37712,2,1
2,Payment,1771508437.293158,7195,21,1
5,StockLevel,1771508437.294620,7016,6,1
2,Payment,1771508437.296427,7947,1,1
2,Payment,1771508437.296508,6445,22,1
1,NewOrder,1771508437.299036,34748,15,1
1,NewOrder,1771508437.299044,33033,12,1
4,Delivery,1771508437.300363,21025,21,1
2,Payment,1771508437.300422,6281,5,1
2,Payment,1771508437.300426,3862,10,1
2,Payment,1771508437.300445,10219,0,1
1,NewOrder,1771508437.301142,20858,17,1
1,NewOrder,1771508437.301647,39381,6,1
1,NewOrder,1771508437.301736,37655,13,1
2,Payment,1771508437.302006,6783,18,1
2,Payment,1771508437.302959,9614,14,1
2,Payment,1771508437.302964,9580,22,1
1,NewOrder,1771508437.302996,41583,16,1
1,NewOrder,1771508437.304306,6394,10,1
2,Payment,1771508437.304399,10192,1,1
2,Payment,1771508437.304520,15090,3,1
1,NewOrder,1771508437.306718,23963,5,1
3,OrderStatus,1771508437.308803,7199,18,1
1,NewOrder,1771508437.310678,22942,0,1
1,NewOrder,1771508437.310725,6036,10,1
2,Payment,1771508437.310779,8912,19,1
1,NewOrder,1771508437.310807,30304,20,1
5,StockLevel,1771508437.312569,1918,22,1
1,NewOrder,1771508437.312598,38633,14,1
3,OrderStatus,1771508437.314512,2928,22,1
2,Payment,1771508437.314616,8358,1,1
2,Payment,1771508437.315219,6314,7,1
2,Payment,1771508437.316020,13185,18,1
1,NewOrder,1771508437.316771,7493,10,1
1,NewOrder,1771508437.317464,40279,22,1
1,NewOrder,1771508437.319621,26903,3,1
2,Payment,1771508437.319706,4465,9,1
1,NewOrder,1771508437.319716,21317,19,1
1,NewOrder,1771508437.321012,20074,23,1
1,NewOrder,1771508437.321097,21989,4,1
1,NewOrder,1771508437.321408,7828,21,1
1,NewOrder,1771508437.321546,19521,7,1
2,Payment,1771508437.322011,8681,17,1
2,Payment,1771508437.322989,6183,1,1
2,Payment,1771508437.324184,3472,9,1
2,Payment,1771508437.324289,6431,10,1
2,Payment,1771508437.325928,13428,8,1
2,Payment,1771508437.327669,7876,9,1
2,Payment,1771508437.329187,4238,1,1
1,NewOrder,1771508437.329230,18375,18,1
2,Payment,1771508437.329279,7905,21,1
1,NewOrder,1771508437.330711,22799,17,1
3,OrderStatus,1771508437.330711,7051,5,1
1,NewOrder,1771508437.330735,6412,10,1
1,NewOrder,1771508437.330826,27537,2,1
1,NewOrder,1771508437.332102,36428,12,1
1,NewOrder,1771508437.333436,18999,1,1
1,NewOrder,1771508437.333647,29112,0,1
2,Payment,1771508437.333800,7342,15,1
2,Payment,1771508437.335564,7432,9,1
2,Payment,1771508437.337161,9245,10,1
1,NewOrder,1771508437.337210,20498,21,1
2,Payment,1771508437.337782,6831,5,1
2,Payment,1771508437.339377,9344,8,1
2,Payment,1771508437.339417,5097,13,1
2,Payment,1771508437.341044,14677,6,1
1,NewOrder,1771508437.341060,17803,19,1
1,NewOrder,1771508437.341093,21612,7,1
2,Payment,1771508437.341112,7677,23,1
1,NewOrder,1771508437.341135,23756,20,1
1,NewOrder,1771508437.341153,25587,15,1
2,Payment,1771508437.343022,19655,9,1
1,NewOrder,1771508437.343113,30921,4,1
1,NewOrder,1771508437.344530,23978,13,1
1,NewOrder,1771508437.344595,23955,16,1
1,NewOrder,1771508437.344640,23827,5,1
2,Payment,1771508437.346426,5973,10,1
2,Payment,1771508437.346537,6141,3,1
1,NewOrder,1771508437.347631,20782,18,1
2,Payment,1771508437.348742,10173,8,1
1,NewOrder,1771508437.348814,32572,23,1
2,Payment,1771508437.351246,12527,14,1
1,NewOrder,1771508437.352412,8584,10,1
2,Payment,1771508437.352461,8787,1,1
2,Payment,1771508437.352704,13956,3,1
1,NewOrder,1771508437.353528,25548,17,1
1,NewOrder,1771508437.353584,33223,11,1
1,NewOrder,1771508437.355737,14741,6,1
2,Payment,1771508437.357718,6113,21,1
1,NewOrder,1771508437.357768,29563,22,1
1,NewOrder,1771508437.358384,33782,2,1
1,NewOrder,1771508437.358877,27182,19,1
1,NewOrder,1771508437.358928,23101,8,1
2,Payment,1771508437.361010,5627,10,1
1,NewOrder,1771508437.361280,16814,1,1
4,Delivery,1771508437.362692,64048,9,1
1,NewOrder,1771508437.362730,25926,7,1
1,NewOrder,1771508437.362787,27489,0,1
1,NewOrder,1771508437.363784,35731,14,1
4,Delivery,1771508437.363855,38143,21,1
1,NewOrder,1771508437.364904,32744,20,1
1,NewOrder,1771508437.366662,6962,10,1
1,NewOrder,1771508437.366674,28070,3,1
1,NewOrder,1771508437.366765,20599,15,1
2,Payment,1771508437.368425,11614,18,1
2,Payment,1771508437.368495,4654,5,1
2,Payment,1771508437.368533,5127,13,1
2,Payment,1771508437.368541,6477,12,1
1,NewOrder,1771508437.368563,33786,16,1
1,NewOrder,1771508437.370502,28181,6,1
1,NewOrder,1771508437.373166,34566,5,1
4,Delivery,1771508437.373639,53893,10,1
2,Payment,1771508437.373680,7427,13,1
5,StockLevel,1771508437.374045,12609,4,1
2,Payment,1771508437.375032,8532,12,1
1,NewOrder,1771508437.378107,14755,1,1
2,Payment,1771508437.379101,6596,17,1
2,Payment,1771508437.380052,5118,18,1
1,NewOrder,1771508437.381135,17164,13,1
1,NewOrder,1771508437.381405,21452,23,1
1,NewOrder,1771508437.382055,35254,8,1
2,Payment,1771508437.383588,7650,12,1
2,Payment,1771508437.385187,5422,18,1
2,Payment,1771508437.385721,7606,17,1
3,OrderStatus,1771508437.386085,3673,19,1
3,OrderStatus,1771508437.386668,6430,4,1
5,StockLevel,1771508437.386817,17062,11,1
2,Payment,1771508437.387349,5986,22,1
2,Payment,1771508437.387389,7994,15,1
2,Payment,1771508437.388680,7362,7,1
1,NewOrder,1771508437.389772,26397,19,1
1,NewOrder,1771508437.390301,29243,0,1
1,NewOrder,1771508437.390622,22948,18,1
2,Payment,1771508437.391263,7382,12,1
5,StockLevel,1771508437.392191,13704,2,1
2,Payment,1771508437.392885,7740,1,1
4,Delivery,1771508437.393124,45791,4,1
2,Payment,1771508437.393355,3854,17,1
2,Payment,1771508437.393356,8120,22,1
1,NewOrder,1771508437.394769,30950,3,1
1,NewOrder,1771508437.395405,26989,15,1
1,NewOrder,1771508437.396066,24325,7,1
1,NewOrder,1771508437.397233,19387,17,1
1,NewOrder,1771508437.397673,28558,20,1
1,NewOrder,1771508437.398319,37999,13,1
1,NewOrder,1771508437.398660,19491,12,1
2,Payment,1771508437.398708,7486,6,1
2,Payment,1771508437.399531,8161,14,1
1,NewOrder,1771508437.400638,25676,1,1
2,Payment,1771508437.401504,5876,22,1
2,Payment,1771508437.402023,6977,21,1
1,NewOrder,1771508437.402361,28278,16,1
1,NewOrder,1771508437.402870,30032,23,1
2,Payment,1771508437.403904,6897,11,1
2,Payment,1771508437.405915,8050,2,1
2,Payment,1771508437.406220,6339,6,1
1,NewOrder,1771508437.407396,18794,22,1
2,Payment,1771508437.407705,6464,14,1
1,NewOrder,1771508437.407751,24513,5,1
2,Payment,1771508437.409024,7583,21,1
1,NewOrder,1771508437.410819,34678,11,1
1,NewOrder,1771508437.412576,25672,6,1
5,StockLevel,1771508437.413595,17900,18,1
5,StockLevel,1771508437.413991,12627,2,1
2,Payment,1771508437.414183,7236,14,1
1,NewOrder,1771508437.416194,18116,19,1
1,NewOrder,1771508437.416633,28842,21,1
1,NewOrder,1771508437.416642,18405,17,1
2,Payment,1771508437.417333,7632,8,1
3,OrderStatus,1771508437.418177,6633,12,1
1,NewOrder,1771508437.419558,19741,0,1
4,Delivery,1771508437.420416,8037,7,1
2,Payment,1771508437.421444,6328,14,1
2,Payment,1771508437.422416,9765,15,1
1,NewOrder,1771508437.424828,25518,12,1
2,Payment,1771508437.424983,10935,8,1
2,Payment,1771508437.425731,10940,3,1
5,StockLevel,1771508437.426205,12537,22,1
1,NewOrder,1771508437.426257,19723,20,1
4,Delivery,1771508437.426339,13013,1,1
1,NewOrder,1771508437.426630,40880,2,1
1,NewOrder,1771508437.426752,67503,9,1
1,NewOrder,1771508437.427553,8712,10,1
2,Payment,1771508437.427782,10518,14,1
1,NewOrder,1771508437.428474,23202,7,1
2,Payment,1771508437.430666,9032,16,1
2,Payment,1771508437.431510,6315,18,1
2,Payment,1771508437.432200,17478,15,1
2,Payment,1771508437.432292,5914,5,1
4,Delivery,1771508437.432914,53474,23,1
4,Delivery,1771508437.434325,52524,19,1
1,NewOrder,1771508437.435073,23652,17,1
2,Payment,1771508437.435944,6589,8,1
2,Payment,1771508437.436291,7860,10,1
2,Payment,1771508437.436343,6626,13,1
2,Payment,1771508437.436692,7831,3,1
2,Payment,1771508437.437851,5687,18,1
1,NewOrder,1771508437.438222,29257,5,1
1,NewOrder,1771508437.438273,26543,6,1
2,Payment,1771508437.438325,8946,14,1
2,Payment,1771508437.438752,6353,22,1
1,NewOrder,1771508437.438931,23235,4,1
1,NewOrder,1771508437.439309,22060,0,1
1,NewOrder,1771508437.439373,19761,1,1
1,NewOrder,1771508437.439714,36111,16,1
1,NewOrder,1771508437.442543,35759,8,1
2,Payment,1771508437.442986,9163,13,1
1,NewOrder,1771508437.443564,21036,18,1
1,NewOrder,1771508437.444163,4788,10,1
4,Delivery,1771508437.444538,41034,3,1
2,Payment,1771508437.445130,7023,22,1
1,NewOrder,1771508437.445501,19053,21,1
2,Payment,1771508437.445517,7690,11,1
1,NewOrder,1771508437.446007,22621,20,1
2,Payment,1771508437.447295,7543,14,1
1,NewOrder,1771508437.448964,48855,10,1
1,NewOrder,1771508437.449702,15899,15,1
3,OrderStatus,1771508437.450359,7323,12,1
3,OrderStatus,1771508437.451688,5379,7,1
2,Payment,1771508437.452163,6158,13,1
1,NewOrder,1771508437.452180,23946,22,1
2,Payment,1771508437.453231,7396,11,1
4,Delivery,1771508437.454855,36006,14,1
2,Payment,1771508437.457093,7115,7,1
1,NewOrder,1771508437.457707,25992,12,1
1,NewOrder,1771508437.458343,34600,13,1
1,NewOrder,1771508437.458750,19147,17,1
2,Payment,1771508437.459160,7567,1,1
2,Payment,1771508437.460653,12198,11,1
1,NewOrder,1771508437.461395,23076,0,1
1,NewOrder,1771508437.462184,16088,4,1
2,Payment,1771508437.464225,6263,7,1
1,NewOrder,1771508437.464570,13801,21,1
2,Payment,1771508437.464626,6538,18,1
1,NewOrder,1771508437.464832,19951,6,1
1,NewOrder,1771508437.465627,23139,15,1
2,Payment,1771508437.466741,5326,1,1
1,NewOrder,1771508437.467495,21650,5,1
1,NewOrder,1771508437.467535,24176,2,1
1,NewOrder,1771508437.468644,18174,20,1
2,Payment,1771508437.470513,5637,7,1
1,NewOrder,1771508437.471184,47297,18,1
3,OrderStatus,1771508437.472083,5625,1,1
4,Delivery,1771508437.472864,63217,11,1
2,Payment,1771508437.475850,9693,16,1
2,Payment,1771508437.476149,6668,22,1
2,Payment,1771508437.476165,6250,7,1
1,NewOrder,1771508437.477721,28225,1,1
1,NewOrder,1771508437.477922,34022,17,1
2,Payment,1771508437.478287,6575,4,1
3,OrderStatus,1771508437.478327,6531,8,1
1,NewOrder,1771508437.478396,24050,21,1
1,NewOrder,1771508437.482432,29495,7,1
1,NewOrder,1771508437.482826,40791,22,1
1,NewOrder,1771508437.483723,25666,12,1
2,Payment,1771508437.484484,9264,0,1
5,StockLevel,1771508437.484808,22033,6,1
2,Payment,1771508437.484871,9327,8,1
1,NewOrder,1771508437.484888,37362,4,1
1,NewOrder,1771508437.485564,30789,16,1
1,NewOrder,1771508437.485585,35018,3,1
2,Payment,1771508437.486403,14484,23,1
2,Payment,1771508437.486845,15891,20,1
4,Delivery,1771508437.486864,5253,19,1
1,NewOrder,1771508437.488791,37974,15,1
1,NewOrder,1771508437.489172,20518,5,1
1,NewOrder,1771508437.490873,35556,14,1
2,Payment,1771508437.491724,10271,2,1
2,Payment,1771508437.492126,12608,19,1
1,NewOrder,1771508437.492955,27614,13,1
1,NewOrder,1771508437.493774,29456,0,1
5,StockLevel,1771508437.494209,25117,8,1
2,Payment,1771508437.494269,15049,9,1
1,NewOrder,1771508437.497837,43393,10,1
2,Payment,1771508437.500913,10423,23,1
2,Payment,1771508437.502020,7417,2,1
1,NewOrder,1771508437.502474,19802,21,1
2,Payment,1771508437.502754,6158,20,1
1,NewOrder,1771508437.504757,11983,19,1
1,NewOrder,1771508437.505970,22695,1,1
1,NewOrder,1771508437.506867,23750,6,1
2,Payment,1771508437.508928,8582,20,1
1,NewOrder,1771508437.509332,33813,9,1
2,Payment,1771508437.509415,5689,12,1
1,NewOrder,1771508437.509463,23781,2,1
1,NewOrder,1771508437.509706,27968,5,1
1,NewOrder,1771508437.511352,29237,23,1
2,Payment,1771508437.511953,8185,7,1
5,StockLevel,1771508437.511956,14028,17,1
2,Payment,1771508437.515129,6460,12,1
1,NewOrder,1771508437.516365,22715,16,1
1,NewOrder,1771508437.516764,35979,19,1
2,Payment,1771508437.517534,6116,20,1
4,Delivery,1771508437.518498,8298,18,1
1,NewOrder,1771508437.519363,37938,8,1
2,Payment,1771508437.520151,5783,7,1
2,Payment,1771508437.520584,6822,13,1
3,OrderStatus,1771508437.520625,6590,3,1
2,Payment,1771508437.521603,7819,12,1
4,Delivery,1771508437.522278,58841,4,1
2,Payment,1771508437.522302,6721,21,1
1,NewOrder,1771508437.523241,30675,0,1
1,NewOrder,1771508437.523632,29964,22,1
1,NewOrder,1771508437.523668,19130,20,1
1,NewOrder,1771508437.525959,29632,7,1
4,Delivery,1771508437.526009,72263,17,1
2,Payment,1771508437.526445,8880,14,1
1,NewOrder,1771508437.526775,40584,15,1
1,NewOrder,1771508437.526813,22632,18,1
1,NewOrder,1771508437.527225,20000,3,1
1,NewOrder,1771508437.527418,42191,13,1
1,NewOrder,1771508437.528690,26865,1,1
1,NewOrder,1771508437.529034,34023,21,1
1,NewOrder,1771508437.529431,4940,12,1
1,NewOrder,1771508437.530627,30294,6,1
2,Payment,1771508437.533289,6557,2,1
2,Payment,1771508437.534384,2638,12,1
2,Payment,1771508437.535350,6429,14,1
1,NewOrder,1771508437.536106,21497,11,1
2,Payment,1771508437.537034,6702,12,1
1,NewOrder,1771508437.537701,25679,5,1
2,Payment,1771508437.539104,8229,16,1
2,Payment,1771508437.539858,6562,2,1
2,Payment,1771508437.540613,9319,23,1
1,NewOrder,1771508437.541256,29633,10,1
2,Payment,1771508437.541790,7208,14,1
4,Delivery,1771508437.542811,35798,20,1
1,NewOrder,1771508437.543171,17774,9,1
1,NewOrder,1771508437.543762,4260,12,1
4,Delivery,1771508437.546438,35088,2,1
2,Payment,1771508437.547238,6328,3,1
1,NewOrder,1771508437.547359,30372,16,1
2,Payment,1771508437.548034,3280,12,1
2,Payment,1771508437.549023,5689,14,1
1,NewOrder,1771508437.549459,29859,18,1
2,Payment,1771508437.549958,10107,23,1
2,Payment,1771508437.551332,12073,12,1
2,Payment,1771508437.552769,9115,19,1
2,Payment,1771508437.553583,4990,3,1
2,Payment,1771508437.553610,10134,22,1
2,Payment,1771508437.553941,7143,0,1
2,Payment,1771508437.554733,6332,14,1
1,NewOrder,1771508437.555565,27176,1,1
5,StockLevel,1771508437.555607,21201,7,1
1,NewOrder,1771508437.557314,25029,8,1
1,NewOrder,1771508437.557613,35592,11,1
4,Delivery,1771508437.558600,22982,3,1
2,Payment,1771508437.560077,9143,23,1
2,Payment,1771508437.560947,5425,6,1
1,NewOrder,1771508437.560971,39742,9,1
1,NewOrder,1771508437.561077,33764,14,1
1,NewOrder,1771508437.561095,14749,0,1
1,NewOrder,1771508437.561903,26065,19,1
2,Payment,1771508437.563070,11064,21,1
1,NewOrder,1771508437.563405,20172,5,1
1,NewOrder,1771508437.563429,3338,12,1
2,Payment,1771508437.563759,7495,22,1
5,StockLevel,1771508437.566387,12569,6,1
1,NewOrder,1771508437.566781,30320,12,1
1,NewOrder,1771508437.567372,25132,15,1
1,NewOrder,1771508437.569230,26061,23,1
1,NewOrder,1771508437.569623,5906,13,1
2,Payment,1771508437.570900,5952,10,1
5,StockLevel,1771508437.571281,13859,22,1
1,NewOrder,1771508437.574158,23358,21,1
1,NewOrder,1771508437.575554,39471,13,1
2,Payment,1771508437.575870,6914,0,1
2,Payment,1771508437.576833,6696,7,1
1,NewOrder,1771508437.576865,22265,10,1
5,StockLevel,1771508437.577747,22722,16,1
1,NewOrder,1771508437.578630,23870,20,1
4,Delivery,1771508437.578970,18157,6,1
1,NewOrder,1771508437.579332,17380,18,1
1,NewOrder,1771508437.581144,19179,4,1
2,Payment,1771508437.581543,2813,2,1
2,Payment,1771508437.581603,5439,3,1
1,NewOrder,1771508437.582368,36936,8,1
2,Payment,1771508437.582755,7962,1,1
3,OrderStatus,1771508437.582810,9974,0,1
2,Payment,1771508437.583543,7636,7,1
5,StockLevel,1771508437.583593,18691,5,1
1,NewOrder,1771508437.584371,7476,2,1
1,NewOrder,1771508437.585151,19353,22,1
2,Payment,1771508437.587057,5991,3,1
2,Payment,1771508437.587981,7293,19,1
1,NewOrder,1771508437.590742,32377,1,1
1,NewOrder,1771508437.591198,25511,7,1
2,Payment,1771508437.591866,4032,2,1
1,NewOrder,1771508437.592515,33681,15,1
4,Delivery,1771508437.592797,15320,0,1
1,NewOrder,1771508437.593063,15839,3,1
2,Payment,1771508437.593230,7889,11,1
1,NewOrder,1771508437.594854,34019,14,1
1,NewOrder,1771508437.595301,36707,19,1
1,NewOrder,1771508437.595308,20220,23,1
1,NewOrder,1771508437.595913,21589,2,1
1,NewOrder,1771508437.596725,26470,18,1
2,Payment,1771508437.597125,5957,12,1
2,Payment,1771508437.597138,5905,6,1
1,NewOrder,1771508437.597526,38945,21,1
2,Payment,1771508437.598282,6754,17,1
2,Payment,1771508437.599145,7684,10,1
1,NewOrder,1771508437.600335,21997,4,1
2,Payment,1771508437.600478,14964,16,1
1,NewOrder,1771508437.600738,16324,9,1
2,Payment,1771508437.601132,7341,11,1
5,StockLevel,1771508437.602300,14991,5,1
1,NewOrder,1771508437.602512,21113,20,1
1,NewOrder,1771508437.603060,18589,6,1
1,NewOrder,1771508437.603094,21831,12,1
1,NewOrder,1771508437.604519,34426,22,1
2,Payment,1771508437.605045,8146,17,1
1,NewOrder,1771508437.606854,31438,10,1
1,NewOrder,1771508437.608130,26942,0,1
1,NewOrder,1771508437.608487,31552,11,1
1,NewOrder,1771508437.608915,19999,3,1
2,Payment,1771508437.613202,8029,17,1
1,NewOrder,1771508437.615039,26745,13,1
2,Payment,1771508437.615459,7247,16,1
2,Payment,1771508437.615542,6076,23,1
2,Payment,1771508437.616730,6416,7,1
4,Delivery,1771508437.617075,37243,9,1
1,NewOrder,1771508437.617303,18144,5,1
1,NewOrder,1771508437.617529,25952,2,1
2,Payment,1771508437.619315,8583,8,1
2,Payment,1771508437.621256,7009,17,1
2,Payment,1771508437.621632,6666,23,1
4,Delivery,1771508437.621663,33065,6,1
2,Payment,1771508437.622345,6173,4,1
1,NewOrder,1771508437.622715,21076,16,1
2,Payment,1771508437.623138,6885,1,1
1,NewOrder,1771508437.623161,23928,7,1
1,NewOrder,1771508437.623207,36874,18,1
2,Payment,1771508437.623640,7914,20,1
1,NewOrder,1771508437.624936,29324,12,1
1,NewOrder,1771508437.626206,38384,15,1
1,NewOrder,1771508437.627911,30371,8,1
1,NewOrder,1771508437.628283,36964,17,1
1,NewOrder,1771508437.628311,25077,23,1
2,Payment,1771508437.628530,8615,4,1
2,Payment,1771508437.628889,5831,14,1
1,NewOrder,1771508437.628939,31122,3,1
1,NewOrder,1771508437.630046,25712,1,1
2,Payment,1771508437.631565,8086,20,1
1,NewOrder,1771508437.632020,28011,19,1
2,Payment,1771508437.634746,5317,14,1
1,NewOrder,1771508437.635085,20525,0,1
2,Payment,1771508437.635460,6773,5,1
1,NewOrder,1771508437.636486,31804,21,1
1,NewOrder,1771508437.637158,21758,4,1
1,NewOrder,1771508437.638308,30363,10,1
5,StockLevel,1771508437.638961,15427,22,1
2,Payment,1771508437.639662,7782,20,1
1,NewOrder,1771508437.640051,31580,11,1
1,NewOrder,1771508437.640075,37427,14,1
2,Payment,1771508437.641796,10985,13,1
2,Payment,1771508437.642248,7155,5,1
1,NewOrder,1771508437.643491,36925,2,1
3,OrderStatus,1771508437.643807,4578,16,1
2,Payment,1771508437.647103,8670,7,1
5,StockLevel,1771508437.647458,18555,20,1
1,NewOrder,1771508437.648398,30423,16,1
2,Payment,1771508437.649415,6449,5,1
2,Payment,1771508437.652808,9515,13,1
2,Payment,1771508437.653401,6230,23,1
2,Payment,1771508437.654270,9698,12,1
1,NewOrder,1771508437.654342,31750,9,1
1,NewOrder,1771508437.654398,29966,22,1
1,NewOrder,1771508437.654745,5283,6,1
1,NewOrder,1771508437.655623,32708,0,1
2,Payment,1771508437.655787,3912,7,1
2,Payment,1771508437.655788,4260,1,1
5,StockLevel,1771508437.655889,18489,5,1
4,Delivery,1771508437.658298,33226,8,1
1,NewOrder,1771508437.658930,22460,4,1
1,NewOrder,1771508437.659650,22118,23,1
1,NewOrder,1771508437.659712,21985,7,1
2,Payment,1771508437.660047,2622,6,1
1,NewOrder,1771508437.660047,16511,19,1
1,NewOrder,1771508437.660061,23030,1,1
2,Payment,1771508437.660071,11166,3,1
2,Payment,1771508437.660096,5701,18,1
2,Payment,1771508437.662349,8468,13,1
1,NewOrder,1771508437.662682,9643,6,1
2,Payment,1771508437.663982,8659,12,1
1,NewOrder,1771508437.664599,35155,15,1
1,NewOrder,1771508437.665276,22587,17,1
5,StockLevel,1771508437.665824,16710,18,1
1,NewOrder,1771508437.666030,22535,20,1
2,Payment,1771508437.668300,7558,21,1
1,NewOrder,1771508437.668688,19619,10,1
4,Delivery,1771508437.670833,21217,13,1
1,NewOrder,1771508437.671248,17031,3,1
5,StockLevel,1771508437.671656,14903,11,1
1,NewOrder,1771508437.672350,19822,6,1
2,Payment,1771508437.672659,3878,12,1
1,NewOrder,1771508437.674398,22153,5,1
2,Payment,1771508437.675878,5947,21,1
2,Payment,1771508437.676558,5357,12,1
2,Payment,1771508437.676573,6886,19,1
1,NewOrder,1771508437.677517,18438,14,1
2,Payment,1771508437.678848,6304,16,1
2,Payment,1771508437.680431,6268,2,1
1,NewOrder,1771508437.681402,25363,4,1
2,Payment,1771508437.681715,7921,7,1
1,NewOrder,1771508437.681784,31859,23,1
1,NewOrder,1771508437.681838,19348,21,1
1,NewOrder,1771508437.681930,34876,12,1
1,NewOrder,1771508437.682553,28615,18,1
2,Payment,1771508437.683104,8259,1,1
3,OrderStatus,1771508437.683471,5650,19,1
1,NewOrder,1771508437.684376,32923,22,1
2,Payment,1771508437.685168,6894,16,1
1,NewOrder,1771508437.686106,28807,9,1
2,Payment,1771508437.686574,6304,11,1
2,Payment,1771508437.686722,6530,2,1
5,StockLevel,1771508437.687876,15392,17,1
4,Delivery,1771508437.688295,32927,3,1
2,Payment,1771508437.688319,10678,10,1
2,Payment,1771508437.688343,11770,0,1
1,NewOrder,1771508437.688582,35637,20,1
2,Payment,1771508437.689133,7353,19,1
2,Payment,1771508437.689651,7879,7,1
2,Payment,1771508437.691378,6757,1,1
1,NewOrder,1771508437.691538,33077,8,1
2,Payment,1771508437.692079,4813,16,1
1,NewOrder,1771508437.692080,34293,13,1
1,NewOrder,1771508437.692184,27571,6,1
1,NewOrder,1771508437.692892,35029,11,1
2,Payment,1771508437.693284,8487,2,1
2,Payment,1771508437.695967,8688,14,1
1,NewOrder,1771508437.696513,16103,19,1
1,NewOrder,1771508437.696566,22718,5,1
1,NewOrder,1771508437.696906,19482,16,1
1,NewOrder,1771508437.697545,34141,7,1
1,NewOrder,1771508437.698146,30433,1,1
1,NewOrder,1771508437.699010,16502,10,1
1,NewOrder,1771508437.699769,22267,15,1
3,OrderStatus,1771508437.700124,1180,0,1
1,NewOrder,1771508437.701199,25655,21,1
2,Payment,1771508437.701316,6881,0,1
1,NewOrder,1771508437.701785,31467,2,1
1,NewOrder,1771508437.703284,29292,17,1
1,NewOrder,1771508437.704671,28616,14,1
4,Delivery,1771508437.706777,15312,4,1
1,NewOrder,1771508437.708211,37184,0,1
3,OrderStatus,1771508437.711186,7959,18,1
5,StockLevel,1771508437.712630,17452,19,1
3,OrderStatus,1771508437.713664,5762,23,1
1,NewOrder,1771508437.714929,25515,9,1
1,NewOrder,1771508437.715525,29983,10,1
2,Payment,1771508437.716413,7184,16,1
1,NewOrder,1771508437.716821,16809,12,1
3,OrderStatus,1771508437.717311,3255,22,1
1,NewOrder,1771508437.719159,23926,18,1
2,Payment,1771508437.719293,10420,5,1
2,Payment,1771508437.719443,7960,23,1
2,Payment,1771508437.719781,10382,6,1
1,NewOrder,1771508437.720579,28350,22,1
3,OrderStatus,1771508437.721236,10035,3,1
2,Payment,1771508437.722062,8122,15,1
1,NewOrder,1771508437.722105,2353,4,1
2,Payment,1771508437.723613,8426,16,1
1,NewOrder,1771508437.724230,39686,20,1
1,NewOrder,1771508437.724475,12684,4,1
1,NewOrder,1771508437.724623,25128,8,1
1,NewOrder,1771508437.726399,25583,13,1
1,NewOrder,1771508437.726866,42627,21,1
2,Payment,1771508437.727416,6236,23,1
3,OrderStatus,1771508437.727939,7335,11,1
2,Payment,1771508437.728594,6439,1,1
1,NewOrder,1771508437.729739,34090,5,1
1,NewOrder,1771508437.730094,33582,19,1
2,Payment,1771508437.730179,6354,6,1
1,NewOrder,1771508437.730197,41059,15,1
2,Payment,1771508437.731295,7771,3,1
1,NewOrder,1771508437.731708,40001,7,1
2,Payment,1771508437.732051,7332,16,1
2,Payment,1771508437.732595,16872,17,1
1,NewOrder,1771508437.733285,21008,2,1
2,Payment,1771508437.733299,13142,14,1
1,NewOrder,1771508437.733645,44929,12,1
1,NewOrder,1771508437.733662,18304,23,1
1,NewOrder,1771508437.735045,16887,1,1
2,Payment,1771508437.735289,7214,11,1
1,NewOrder,1771508437.736543,17772,6,1
1,NewOrder,1771508437.737175,37921,4,1
2,Payment,1771508437.739082,6340,3,1
2,Payment,1771508437.739394,5540,16,1
1,NewOrder,1771508437.740458,28620,9,1
1,NewOrder,1771508437.742520,26638,11,1
2,Payment,1771508437.743102,8417,18,1
2,Payment,1771508437.744947,8763,16,1
5,StockLevel,1771508437.745411,18319,0,1
1,NewOrder,1771508437.745438,29092,3,1
2,Payment,1771508437.745518,9502,10,1
2,Payment,1771508437.746456,5442,14,1
2,Payment,1771508437.748945,15717,22,1
1,NewOrder,1771508437.749480,25553,17,1
2,Payment,1771508437.749765,15542,8,1
4,Delivery,1771508437.751535,15295,18,1
1,NewOrder,1771508437.751918,40717,14,1
2,Payment,1771508437.751969,18439,1,1
2,Payment,1771508437.751979,16609,23,1
2,Payment,1771508437.751994,16541,13,1
2,Payment,1771508437.753735,17081,16,1
4,Delivery,1771508437.754308,41060,2,1
1,NewOrder,1771508437.754331,27831,6,1
1,NewOrder,1771508437.755034,28811,10,1
1,NewOrder,1771508437.763701,36687,19,1
1,NewOrder,1771508437.763753,27369,0,1
2,Payment,1771508437.763838,10304,5,1
2,Payment,1771508437.763923,10621,20,1
5,StockLevel,1771508437.764684,17154,22,1
1,NewOrder,1771508437.765324,27900,8,1
2,Payment,1771508437.766841,12211,18,1
2,Payment,1771508437.768556,11402,13,1
2,Payment,1771508437.768598,11858,23,1
1,NewOrder,1771508437.769095,24671,9,1
2,Payment,1771508437.769183,10086,11,1
1,NewOrder,1771508437.769504,30962,21,1
1,NewOrder,1771508437.770430,20325,1,1
5,StockLevel,1771508437.770827,16636,16,1
1,NewOrder,1771508437.771281,7656,15,1
2,Payment,1771508437.771721,10905,7,1
1,NewOrder,1771508437.774164,31258,5,1
1,NewOrder,1771508437.774547,16548,3,1
2,Payment,1771508437.774570,9770,20,1
5,StockLevel,1771508437.775059,23414,17,1
5,StockLevel,1771508437.775110,22730,4,1
2,Payment,1771508437.778600,14082,12,1
2,Payment,1771508437.778950,17757,15,1
1,NewOrder,1771508437.779077,14663,18,1
2,Payment,1771508437.779285,5030,11,1
4,Delivery,1771508437.779975,17433,13,1
1,NewOrder,1771508437.780468,13270,23,1
1,NewOrder,1771508437.781855,34960,22,1
5,StockLevel,1771508437.782177,11979,6,1
3,OrderStatus,1771508437.782638,7633,7,1
5,StockLevel,1771508437.783861,13905,10,1
2,Payment,1771508437.784331,1407,11,1
2,Payment,1771508437.784352,10250,20,1
5,StockLevel,1771508437.785754,1448,11,1
2,Payment,1771508437.787214,2350,11,1
2,Payment,1771508437.787488,7508,16,1
1,NewOrder,1771508437.789580,4102,11,1
2,Payment,1771508437.790296,6009,7,1
1,NewOrder,1771508437.790780,28174,1,1
1,NewOrder,1771508437.791105,17315,3,1
5,StockLevel,1771508437.791139,8280,0,1
2,Payment,1771508437.792646,9445,14,1
2,Payment,1771508437.792698,6801,12,1
4,Delivery,1771508437.793257,27193,8,1
2,Payment,1771508437.793699,4082,11,1
2,Payment,1771508437.793755,7779,23,1
2,Payment,1771508437.793767,10119,18,1
2,Payment,1771508437.793779,6718,9,1
2,Payment,1771508437.794175,8490,6,1
1,NewOrder,1771508437.794613,35875,20,1
1,NewOrder,1771508437.795022,24919,16,1
2,Payment,1771508437.795383,5477,2,1
1,NewOrder,1771508437.796315,28517,7,1
1,NewOrder,1771508437.796726,43445,15,1
1,NewOrder,1771508437.797421,30509,13,1
2,Payment,1771508437.797779,8244,10,1
1,NewOrder,1771508437.797795,6499,11,1
3,OrderStatus,1771508437.797853,12525,4,1
1,NewOrder,1771508437.798484,25110,17,1
2,Payment,1771508437.799431,9286,0,1
1,NewOrder,1771508437.799515,43040,12,1
2,Payment,1771508437.800402,11347,19,1
2,Payment,1771508437.800487,9667,21,1
2,Payment,1771508437.800508,3753,9,1
2,Payment,1771508437.800873,6178,2,1
1,NewOrder,1771508437.801545,39500,23,1
1,NewOrder,1771508437.802105,27741,14,1
2,Payment,1771508437.802685,7472,6,1
2,Payment,1771508437.803901,9262,18,1
2,Payment,1771508437.804275,7866,9,1
1,NewOrder,1771508437.804311,31499,11,1
2,Payment,1771508437.805435,7062,5,1
1,NewOrder,1771508437.806036,24727,10,1
4,Delivery,1771508437.807064,28850,2,1
3,OrderStatus,1771508437.808437,6545,3,1
2,Payment,1771508437.808739,5858,0,1
1,NewOrder,1771508437.810168,35722,21,1
2,Payment,1771508437.810172,5929,6,1
1,NewOrder,1771508437.810388,35883,4,1
5,StockLevel,1771508437.811775,19426,19,1
4,Delivery,1771508437.812155,8828,9,1
1,NewOrder,1771508437.812512,16872,5,1
1,NewOrder,1771508437.813176,26956,18,1
2,Payment,1771508437.814610,6301,0,1
2,Payment,1771508437.815007,7172,3,1
2,Payment,1771508437.816115,6320,6,1
1,NewOrder,1771508437.816825,31050,22,1
3,OrderStatus,1771508437.818970,6447,1,1
1,NewOrder,1771508437.819967,36164,16,1
2,Payment,1771508437.820467,7780,8,1
2,Payment,1771508437.820930,6643,0,1
1,NewOrder,1771508437.820997,25305,9,1
1,NewOrder,1771508437.822192,37369,3,1
2,Payment,1771508437.822443,7319,6,1
1,NewOrder,1771508437.823607,22714,17,1
1,NewOrder,1771508437.824850,23499,7,1
1,NewOrder,1771508437.825430,26623,1,1
1,NewOrder,1771508437.827588,21096,0,1
1,NewOrder,1771508437.827946,28162,13,1
2,Payment,1771508437.828261,6989,8,1
1,NewOrder,1771508437.829400,37223,5,1
1,NewOrder,1771508437.829778,32132,6,1
4,Delivery,1771508437.829857,35767,14,1
1,NewOrder,1771508437.830502,22202,20,1
2,Payment,1771508437.830774,8190,10,1
1,NewOrder,1771508437.831218,28673,19,1
1,NewOrder,1771508437.835263,29619,8,1
2,Payment,1771508437.835827,5746,11,1
1,NewOrder,1771508437.835929,33619,2,1
2,Payment,1771508437.838988,9574,10,1
3,OrderStatus,1771508437.840146,5815,18,1
1,NewOrder,1771508437.840195,32873,15,1
1,NewOrder,1771508437.841058,24864,23,1
1,NewOrder,1771508437.841595,3285,11,1
2,Payment,1771508437.842567,6913,12,1
2,Payment,1771508437.844898,5361,11,1
2,Payment,1771508437.845902,7216,21,1
2,Payment,1771508437.845979,8499,18,1
5,StockLevel,1771508437.846282,14401,4,1
1,NewOrder,1771508437.846317,35268,9,1
2,Payment,1771508437.846343,6729,17,1
1,NewOrder,1771508437.847896,30230,22,1
2,Payment,1771508437.848361,7116,7,1
1,NewOrder,1771508437.848576,32058,10,1
1,NewOrder,1771508437.848695,35499,0,1
1,NewOrder,1771508437.849505,19720,12,1
2,Payment,1771508437.850271,6472,11,1
2,Payment,1771508437.852068,7850,1,1
1,NewOrder,1771508437.852718,30458,20,1
2,Payment,1771508437.853083,7684,17,1
1,NewOrder,1771508437.853145,25519,21,1
2,Payment,1771508437.854502,6896,18,1
5,StockLevel,1771508437.855490,19697,7,1
1,NewOrder,1771508437.856125,24524,13,1
1,NewOrder,1771508437.856156,31323,16,1
1,NewOrder,1771508437.856758,52696,11,1
1,NewOrder,1771508437.859572,36285,3,1
1,NewOrder,1771508437.859919,32277,19,1
3,OrderStatus,1771508437.859944,3082,1,1
1,NewOrder,1771508437.860695,22034,4,1
1,NewOrder,1771508437.860778,27592,17,1
1,NewOrder,1771508437.861414,18845,18,1
2,Payment,1771508437.861920,10859,6,1
2,Payment,1771508437.863039,6560,1,1
1,NewOrder,1771508437.864896,15705,8,1
5,StockLevel,1771508437.865650,16868,14,1
2,Payment,1771508437.865937,7161,23,1
2,Payment,1771508437.866641,10859,5,1
2,Payment,1771508437.869242,7492,12,1
1,NewOrder,1771508437.869561,13208,2,1
5,StockLevel,1771508437.869625,15399,1,1
5,StockLevel,1771508437.872804,9501,6,1
2,Payment,1771508437.873082,5548,15,1
1,NewOrder,1771508437.873123,25471,23,1
1,NewOrder,1771508437.875212,31961,7,1
1,NewOrder,1771508437.876759,30463,12,1
1,NewOrder,1771508437.877526,19532,5,1
2,Payment,1771508437.878143,5531,22,1
2,Payment,1771508437.878645,5994,15,1
2,Payment,1771508437.878689,6745,21,1
2,Payment,1771508437.880270,6641,18,1
2,Payment,1771508437.880616,5107,8,1
2,Payment,1771508437.880660,6728,10,1
1,NewOrder,1771508437.880677,30067,13,1
1,NewOrder,1771508437.881596,32331,9,1
2,Payment,1771508437.882331,8442,6,1
1,NewOrder,1771508437.882534,32607,14,1
1,NewOrder,1771508437.882748,30423,4,1
2,Payment,1771508437.882783,7668,2,1
2,Payment,1771508437.883185,7582,20,1
2,Payment,1771508437.883694,8861,22,1
1,NewOrder,1771508437.884220,22403,0,1
1,NewOrder,1771508437.884665,17973,15,1
1,NewOrder,1771508437.885039,23890,1,1
1,NewOrder,1771508437.885455,25300,21,1
1,NewOrder,1771508437.885735,20841,8,1
2,Payment,1771508437.886929,7661,18,1
2,Payment,1771508437.887404,6857,10,1
1,NewOrder,1771508437.887499,24229,16,1
2,Payment,1771508437.888396,6290,17,1
1,NewOrder,1771508437.890472,20720,2,1
2,Payment,1771508437.890792,7404,20,1
1,NewOrder,1771508437.890799,25942,6,1
1,NewOrder,1771508437.892211,31037,19,1
2,Payment,1771508437.892565,7176,22,1
1,NewOrder,1771508437.894276,21226,10,1
2,Payment,1771508437.894604,6533,18,1
2,Payment,1771508437.894700,10142,17,1
3,OrderStatus,1771508437.895870,7188,3,1
5,StockLevel,1771508437.897068,14034,5,1
2,Payment,1771508437.898221,7488,20,1
2,Payment,1771508437.898608,8969,23,1
1,NewOrder,1771508437.899766,28466,22,1
2,Payment,1771508437.901153,8093,18,1
2,Payment,1771508437.902648,6705,15,1
1,NewOrder,1771508437.903080,20191,3,1
1,NewOrder,1771508437.904852,26401,17,1
2,Payment,1771508437.905735,11561,20,1
1,NewOrder,1771508437.906597,24292,8,1
2,Payment,1771508437.906648,4594,0,1
2,Payment,1771508437.907197,7905,7,1
3,OrderStatus,1771508437.907234,6474,12,1
2,Payment,1771508437.907590,7827,23,1
2,Payment,1771508437.908954,7305,1,1
1,NewOrder,1771508437.909283,17093,18,1
1,NewOrder,1771508437.909369,36321,15,1
3,OrderStatus,1771508437.909482,12343,11,1
1,NewOrder,1771508437.910771,26565,13,1
3,OrderStatus,1771508437.910780,7978,21,1
1,NewOrder,1771508437.911115,26287,5,1
1,NewOrder,1771508437.911217,21913,2,1
3,OrderStatus,1771508437.911260,3528,0,1
2,Payment,1771508437.911742,8338,16,1
2,Payment,1771508437.913193,7363,4,1
1,NewOrder,1771508437.913732,23560,12,1
1,NewOrder,1771508437.913939,30385,9,1
2,Payment,1771508437.914813,7584,0,1
1,NewOrder,1771508437.915114,31242,7,1
3,OrderStatus,1771508437.915161,5615,14,1
2,Payment,1771508437.915431,5887,23,1
2,Payment,1771508437.915513,5343,10,1
2,Payment,1771508437.916285,8206,1,1
1,NewOrder,1771508437.916766,20161,6,1
2,Payment,1771508437.917310,5620,20,1
1,NewOrder,1771508437.918783,27701,21,1
1,NewOrder,1771508437.920105,27236,16,1
2,Payment,1771508437.920571,9178,4,1
2,Payment,1771508437.920793,6990,14,1
1,NewOrder,1771508437.920868,17520,10,1
1,NewOrder,1771508437.921342,35493,23,1
2,Payment,1771508437.921852,11372,11,1
2,Payment,1771508437.922411,10083,0,1
1,NewOrder,1771508437.922945,23477,20,1
2,Payment,1771508437.923262,8882,19,1
2,Payment,1771508437.923297,18176,3,1
2,Payment,1771508437.924516,6701,1,1
1,NewOrder,1771508437.926390,28865,18,1
1,NewOrder,1771508437.927803,31879,14,1
2,Payment,1771508437.928258,7102,22,1
1,NewOrder,1771508437.929767,27478,4,1
1,NewOrder,1771508437.930902,22547,8,1
2,Payment,1771508437.931231,8550,1,1
3,OrderStatus,1771508437.931279,8055,17,1
2,Payment,1771508437.932157,7940,19,1
1,NewOrder,1771508437.932520,12176,0,1
1,NewOrder,1771508437.933156,26108,2,1
1,NewOrder,1771508437.933251,34975,11,1
1,NewOrder,1771508437.935385,32919,22,1
1,NewOrder,1771508437.936952,33092,6,1
2,Payment,1771508437.937317,6689,12,1
1,NewOrder,1771508437.937364,16974,13,1
1,NewOrder,1771508437.937413,28422,5,1
1,NewOrder,1771508437.938402,21371,10,1
1,NewOrder,1771508437.939349,15427,17,1
2,Payment,1771508437.939801,6592,1,1
2,Payment,1771508437.940112,6332,19,1
2,Payment,1771508437.941497,6753,3,1
2,Payment,1771508437.944022,8597,12,1
2,Payment,1771508437.944349,10514,9,1
2,Payment,1771508437.944721,10127,0,1
2,Payment,1771508437.945704,11457,15,1
1,NewOrder,1771508437.946371,27032,7,1
1,NewOrder,1771508437.946405,17564,1,1
2,Payment,1771508437.946447,5581,20,1
1,NewOrder,1771508437.946460,30578,19,1
2,Payment,1771508437.946510,7338,21,1
2,Payment,1771508437.947354,7462,16,1
1,NewOrder,1771508437.948267,4204,3,1
2,Payment,1771508437.952052,8047,20,1
3,OrderStatus,1771508437.952486,5695,3,1
2,Payment,1771508437.952644,6915,12,1
1,NewOrder,1771508437.953465,34252,8,1
1,NewOrder,1771508437.953864,18832,21,1
2,Payment,1771508437.954361,12193,13,1
1,NewOrder,1771508437.954788,38607,17,1
2,Payment,1771508437.954841,8433,16,1
1,NewOrder,1771508437.954874,14854,0,1
5,StockLevel,1771508437.954876,14806,9,1
1,NewOrder,1771508437.955280,23810,18,1
2,Payment,1771508437.956860,8966,23,1
2,Payment,1771508437.957174,4144,15,1
2,Payment,1771508437.957290,6717,4,1
2,Payment,1771508437.958206,17367,3,1
3,OrderStatus,1771508437.959289,6154,2,1
1,NewOrder,1771508437.959574,34386,12,1
1,NewOrder,1771508437.959709,25837,14,1
1,NewOrder,1771508437.959797,22670,10,1
1,NewOrder,1771508437.960113,21919,20,1
4,Delivery,1771508437.961331,39781,15,1
5,StockLevel,1771508437.963300,11678,16,1
2,Payment,1771508437.963988,9745,1,1
1,NewOrder,1771508437.964031,22718,4,1
1,NewOrder,1771508437.965468,33781,2,1
1,NewOrder,1771508437.965847,22302,23,1
1,NewOrder,1771508437.965849,16522,5,1
1,NewOrder,1771508437.966566,18659,13,1
2,Payment,1771508437.968243,12672,11,1
1,NewOrder,1771508437.968328,25068,22,1
5,StockLevel,1771508437.969698,16135,9,1
2,Payment,1771508437.969761,8899,0,1
1,NewOrder,1771508437.970056,19524,6,1
2,Payment,1771508437.972715,7430,21,1
2,Payment,1771508437.973421,9606,7,1
5,StockLevel,1771508437.973759,13215,1,1
1,NewOrder,1771508437.975004,17009,16,1
1,NewOrder,1771508437.975594,15557,3,1
1,NewOrder,1771508437.977063,16919,19,1
1,NewOrder,1771508437.978677,33556,0,1
2,Payment,1771508437.979115,7253,18,1
1,NewOrder,1771508437.980165,34391,21,1
2,Payment,1771508437.980931,10970,11,1
2,Payment,1771508437.982057,7133,20,1
1,NewOrder,1771508437.982383,29000,5,1
2,Payment,1771508437.982492,11455,10,1
1,NewOrder,1771508437.983042,37043,7,1
1,NewOrder,1771508437.985251,34686,13,1
2,Payment,1771508437.985570,5085,14,1
1,NewOrder,1771508437.985846,30039,9,1
2,Payment,1771508437.986393,5959,18,1
1,NewOrder,1771508437.986777,34565,4,1
2,Payment,1771508437.986988,7699,1,1
2,Payment,1771508437.987741,7660,8,1
1,NewOrder,1771508437.988163,27629,23,1
2,Payment,1771508437.989221,8262,20,1
2,Payment,1771508437.989595,7127,6,1
1,NewOrder,1771508437.990682,20730,14,1
1,NewOrder,1771508437.991177,25092,3,1
1,NewOrder,1771508437.991929,35878,11,1
1,NewOrder,1771508437.992026,30686,16,1
1,NewOrder,1771508437.992378,22862,18,1
1,NewOrder,1771508437.993411,31925,17,1
2,Payment,1771508437.993422,7103,22,1
1,NewOrder,1771508437.993971,13231,10,1
1,NewOrder,1771508437.993986,26007,12,1
1,NewOrder,1771508437.993996,30939,19,1
1,NewOrder,1771508437.994704,20564,1,1
2,Payment,1771508437.995426,7699,8,1
2,Payment,1771508437.996738,7890,6,1
1,NewOrder,1771508437.997494,36115,20,1
5,StockLevel,1771508437.999275,16197,2,1
5,StockLevel,1771508438.000541,20099,22,1
2,Payment,1771508438.001136,9980,15,1
2,Payment,1771508438.003151,7247,8,1
3,OrderStatus,1771508438.004645,7623,6,1
1,NewOrder,1771508438.007228,29262,10,1
1,NewOrder,1771508438.010423,15492,8,1
1,NewOrder,1771508438.011141,34149,15,1
1,NewOrder,1771508438.011396,35211,5,1
2,Payment,1771508438.011438,4398,14,1
1,NewOrder,1771508438.012258,25982,0,1
2,Payment,1771508438.012286,7216,6,1
1,NewOrder,1771508438.014583,28797,21,1
2,Payment,1771508438.015256,6395,18,1
1,NewOrder,1771508438.015292,25241,1,1
1,NewOrder,1771508438.015498,37621,2,1
5,StockLevel,1771508438.015804,16953,23,1
1,NewOrder,1771508438.015860,22959,14,1
1,NewOrder,1771508438.015896,16872,9,1
3,OrderStatus,1771508438.016281,4736,3,1
2,Payment,1771508438.019519,6827,6,1
1,NewOrder,1771508438.019962,26794,13,1
1,NewOrder,1771508438.020018,31306,12,1
1,NewOrder,1771508438.020110,33589,7,1
2,Payment,1771508438.020651,8345,22,1
2,Payment,1771508438.021029,7658,3,1
5,StockLevel,1771508438.021366,13833,4,1
4,Delivery,1771508438.021665,6933,18,1
2,Payment,1771508438.022732,7519,16,1
1,NewOrder,1771508438.024960,33200,19,1
2,Payment,1771508438.025361,6483,17,1
1,NewOrder,1771508438.025930,20183,8,1
1,NewOrder,1771508438.026359,30014,6,1
1,NewOrder,1771508438.027821,36870,11,1
1,NewOrder,1771508438.028607,21218,18,1
2,Payment,1771508438.028713,6387,3,1
4,Delivery,1771508438.029009,47354,22,1
1,NewOrder,1771508438.030271,32185,16,1
1,NewOrder,1771508438.031857,35365,17,1
2,Payment,1771508438.032766,7363,23,1
1,NewOrder,1771508438.032782,28001,9,1
4,Delivery,1771508438.033634,43152,20,1
2,Payment,1771508438.035113,10976,3,1
2,Payment,1771508438.035213,13126,4,1
2,Payment,1771508438.036500,9628,10,1
2,Payment,1771508438.038253,15457,0,1
1,NewOrder,1771508438.038845,17966,14,1
1,NewOrder,1771508438.040140,21793,23,1
2,Payment,1771508438.040554,9651,1,1
1,NewOrder,1771508438.043406,34499,21,1
2,Payment,1771508438.045316,4914,15,1
2,Payment,1771508438.046100,10236,3,1
1,NewOrder,1771508438.046126,18505,8,1
4,Delivery,1771508438.046153,48399,10,1
1,NewOrder,1771508438.046625,17280,5,1
4,Delivery,1771508438.046765,23104,13,1
1,NewOrder,1771508438.048364,20933,4,1
1,NewOrder,1771508438.049835,31327,18,1
1,NewOrder,1771508438.050230,16532,1,1
2,Payment,1771508438.050247,5507,15,1
2,Payment,1771508438.051349,5786,12,1
1,NewOrder,1771508438.053144,22221,2,1
2,Payment,1771508438.053710,7769,7,1
1,NewOrder,1771508438.053732,23425,0,1
4,Delivery,1771508438.055769,15423,15,1
1,NewOrder,1771508438.056361,14092,3,1
1,NewOrder,1771508438.056399,32683,6,1
2,Payment,1771508438.056837,6239,14,1
1,NewOrder,1771508438.057147,21480,12,1
1,NewOrder,1771508438.058171,35286,19,1
3,OrderStatus,1771508438.060808,5781,9,1
1,NewOrder,1771508438.061504,31982,7,1
2,Payment,1771508438.061945,5624,23,1
2,Payment,1771508438.062483,7280,16,1
2,Payment,1771508438.063089,9203,14,1
3,OrderStatus,1771508438.063930,7511,5,1
2,Payment,1771508438.064647,6611,8,1
1,NewOrder,1771508438.064707,31654,11,1
1,NewOrder,1771508438.066604,23429,9,1
2,Payment,1771508438.066775,8109,1,1
2,Payment,1771508438.067233,16367,17,1
1,NewOrder,1771508438.067583,20685,23,1
5,StockLevel,1771508438.069314,16700,4,1
1,NewOrder,1771508438.069776,31714,16,1
2,Payment,1771508438.069882,5512,13,1
1,NewOrder,1771508438.070466,33852,3,1
4,Delivery,1771508438.071213,28153,15,1
4,Delivery,1771508438.071282,23706,8,1
1,NewOrder,1771508438.071466,16072,5,1
2,Payment,1771508438.072305,9383,14,1
4,Delivery,1771508438.074910,21795,1,1
1,NewOrder,1771508438.075390,34091,2,1
2,Payment,1771508438.075411,10365,13,1
2,Payment,1771508438.076376,10308,22,1
1,NewOrder,1771508438.076807,5311,20,1
1,NewOrder,1771508438.077170,29388,0,1
4,Delivery,1771508438.077917,40434,21,1
1,NewOrder,1771508438.078651,34242,12,1
4,Delivery,1771508438.081188,37642,18,1
3,OrderStatus,1771508438.081713,5886,14,1
1,NewOrder,1771508438.082134,6152,20,1
1,NewOrder,1771508438.083615,13816,17,1
2,Payment,1771508438.085796,2068,13,1
4,Delivery,1771508438.086040,11088,4,1
2,Payment,1771508438.086700,6362,22,1
1,NewOrder,1771508438.087551,35589,5,1
1,NewOrder,1771508438.087616,18469,14,1
1,NewOrder,1771508438.087877,26073,13,1
2,Payment,1771508438.088279,6793,23,1
1,NewOrder,1771508438.088298,24549,20,1
3,OrderStatus,1771508438.089095,8188,6,1
3,OrderStatus,1771508438.090046,5220,9,1
1,NewOrder,1771508438.093086,19027,22,1
1,NewOrder,1771508438.093470,20492,19,1
1,NewOrder,1771508438.093500,34171,7,1
2,Payment,1771508438.094565,7749,10,1
2,Payment,1771508438.095004,1673,8,1
1,NewOrder,1771508438.095090,16591,23,1
1,NewOrder,1771508438.095278,26746,9,1
2,Payment,1771508438.096377,8316,11,1
2,Payment,1771508438.096693,9771,8,1
2,Payment,1771508438.096718,6653,1,1
2,Payment,1771508438.097143,7909,4,1
2,Payment,1771508438.097297,10654,6,1
1,NewOrder,1771508438.097443,39053,17,1
1,NewOrder,1771508438.099389,28653,15,1
2,Payment,1771508438.101503,9816,16,1
2,Payment,1771508438.102330,9885,10,1
2,Payment,1771508438.103397,8342,1,1
2,Payment,1771508438.104330,11655,3,1
4,Delivery,1771508438.104718,60789,11,1
1,NewOrder,1771508438.105076,20006,4,1
2,Payment,1771508438.106099,9522,14,1
1,NewOrder,1771508438.106480,5325,8,1
1,NewOrder,1771508438.106568,36009,0,1
2,Payment,1771508438.107976,6319,6,1
2,Payment,1771508438.109492,8703,2,1
1,NewOrder,1771508438.111330,30558,16,1
2,Payment,1771508438.111696,5903,23,1
1,NewOrder,1771508438.111764,23130,1,1
2,Payment,1771508438.111823,4648,8,1
2,Payment,1771508438.112137,7408,22,1
4,Delivery,1771508438.112231,53696,10,1
1,NewOrder,1771508438.112858,25642,20,1
2,Payment,1771508438.112906,8739,12,1
1,NewOrder,1771508438.113961,21475,13,1
1,NewOrder,1771508438.113987,24090,19,1
2,Payment,1771508438.114320,4547,6,1
2,Payment,1771508438.115634,7866,14,1
2,Payment,1771508438.116000,7474,3,1
2,Payment,1771508438.116481,8952,8,1
1,NewOrder,1771508438.117612,35771,23,1
5,StockLevel,1771508438.118210,14895,2,1
1,NewOrder,1771508438.118377,32665,21,1
3,OrderStatus,1771508438.118846,1071,18,1
1,NewOrder,1771508438.118890,26425,6,1
4,Delivery,1771508438.119555,57325,22,1
1,NewOrder,1771508438.119932,5568,18,1
1,NewOrder,1771508438.121669,27272,12,1
2,Payment,1771508438.122049,5980,9,1
4,Delivery,1771508438.123153,58491,5,1
1,NewOrder,1771508438.123487,21722,3,1
2,Payment,1771508438.123525,8341,14,1
1,NewOrder,1771508438.125108,23861,4,1
2,Payment,1771508438.125447,5923,8,1
1,NewOrder,1771508438.125511,22061,18,1
5,StockLevel,1771508438.127680,17715,7,1
1,NewOrder,1771508438.128047,27375,9,1
2,Payment,1771508438.128054,7663,15,1
1,NewOrder,1771508438.131396,20695,8,1
1,NewOrder,1771508438.131891,16830,14,1
1,NewOrder,1771508438.133118,25390,2,1
1,NewOrder,1771508438.134918,37050,1,1
1,NewOrder,1771508438.135460,16605,13,1
1,NewOrder,1771508438.135743,18602,15,1
2,Payment,1771508438.136510,8043,17,1
1,NewOrder,1771508438.138096,35641,19,1
2,Payment,1771508438.138526,8765,20,1
1,NewOrder,1771508438.141911,20328,16,1
1,NewOrder,1771508438.142602,24207,0,1
2,Payment,1771508438.144577,7962,17,1
1,NewOrder,1771508438.145234,28136,3,1
2,Payment,1771508438.145340,6764,6,1
1,NewOrder,1771508438.145420,34092,7,1
2,Payment,1771508438.147317,6047,20,1
1,NewOrder,1771508438.147597,31851,18,1
1,NewOrder,1771508438.148747,22912,14,1
2,Payment,1771508438.148955,6780,12,1
2,Payment,1771508438.148982,6431,4,1
1,NewOrder,1771508438.151066,25864,21,1
1,NewOrder,1771508438.152091,36443,13,1
1,NewOrder,1771508438.152117,19453,8,1
1,NewOrder,1771508438.152119,21859,6,1
1,NewOrder,1771508438.152550,31908,17,1
2,Payment,1771508438.153388,8951,20,1
2,Payment,1771508438.153397,7459,23,1
2,Payment,1771508438.154358,7489,15,1
2,Payment,1771508438.155422,6877,4,1
1,NewOrder,1771508438.155433,28787,9,1
2,Payment,1771508438.155759,7458,12,1
2,Payment,1771508438.158531,9620,2,1
1,NewOrder,1771508438.160870,27162,23,1
1,NewOrder,1771508438.161858,30123,15,1
4,Delivery,1771508438.162260,52630,16,1
2,Payment,1771508438.162314,9454,4,1
2,Payment,1771508438.162364,3589,20,1
2,Payment,1771508438.163241,7877,12,1
2,Payment,1771508438.165532,6165,11,1
2,Payment,1771508438.165947,7736,10,1
1,NewOrder,1771508438.165980,37289,20,1
1,NewOrder,1771508438.166834,19620,0,1
2,Payment,1771508438.168164,8135,2,1
2,Payment,1771508438.171134,5656,12,1
2,Payment,1771508438.171581,7160,8,1
2,Payment,1771508438.171678,8068,14,1
2,Payment,1771508438.171719,9077,11,1
2,Payment,1771508438.171793,7688,4,1
1,NewOrder,1771508438.171981,17685,1,1
2,Payment,1771508438.173395,13073,3,1
1,NewOrder,1771508438.173707,6221,10,1
1,NewOrder,1771508438.173749,16439,19,1
2,Payment,1771508438.173986,12047,6,1
1,NewOrder,1771508438.176313,29167,2,1
2,Payment,1771508438.176816,6331,12,1
2,Payment,1771508438.176906,6597,22,1
1,NewOrder,1771508438.176956,21357,21,1
2,Payment,1771508438.178753,13295,8,1
2,Payment,1771508438.179473,6151,18,1
2,Payment,1771508438.179494,4863,4,1
2,Payment,1771508438.179538,8873,7,1
2,Payment,1771508438.179759,6671,14,1
2,Payment,1771508438.179952,10056,10,1
1,NewOrder,1771508438.180820,31931,11,1
5,StockLevel,1771508438.181655,16847,5,1
1,NewOrder,1771508438.183172,35220,12,1
2,Payment,1771508438.183528,6570,22,1
1,NewOrder,1771508438.184234,40907,9,1
1,NewOrder,1771508438.184377,33981,4,1
2,Payment,1771508438.184483,7046,17,1
2,Payment,1771508438.185641,6934,18,1
2,Payment,1771508438.186051,10466,6,1
2,Payment,1771508438.186443,6800,14,1
1,NewOrder,1771508438.186467,32559,0,1
1,NewOrder,1771508438.186494,32866,3,1
2,Payment,1771508438.188057,6950,23,1
2,Payment,1771508438.188425,5832,7,1
2,Payment,1771508438.188560,10760,13,1
1,NewOrder,1771508438.189682,39231,1,1
1,NewOrder,1771508438.190030,5576,10,1
2,Payment,1771508438.190124,6956,22,1
4,Delivery,1771508438.190203,23647,19,1
2,Payment,1771508438.191556,9181,17,1
1,NewOrder,1771508438.191996,25935,15,1
2,Payment,1771508438.192062,6810,8,1
2,Payment,1771508438.192586,6711,18,1
2,Payment,1771508438.193255,9962,14,1
1,NewOrder,1771508438.194280,23023,7,1
2,Payment,1771508438.195031,7756,23,1
1,NewOrder,1771508438.195631,26212,10,1
2,Payment,1771508438.196532,8143,6,1
1,NewOrder,1771508438.197106,31712,22,1
2,Payment,1771508438.198328,7826,21,1
2,Payment,1771508438.198513,6891,5,1
2,Payment,1771508438.198887,7835,8,1
2,Payment,1771508438.199306,10876,18,1
2,Payment,1771508438.199345,6821,13,1
1,NewOrder,1771508438.200761,24373,17,1
2,Payment,1771508438.202800,8838,23,1
1,NewOrder,1771508438.203234,28955,14,1
1,NewOrder,1771508438.203295,27007,20,1
2,Payment,1771508438.204688,9628,6,1
1,NewOrder,1771508438.205414,22968,5,1
2,Payment,1771508438.205494,7211,2,1
1,NewOrder,1771508438.206179,18988,21,1
1,NewOrder,1771508438.206191,27700,13,1
1,NewOrder,1771508438.206741,27461,8,1
2,Payment,1771508438.210194,9668,18,1
1,NewOrder,1771508438.211664,17202,23,1
1,NewOrder,1771508438.212715,27379,2,1
2,Payment,1771508438.212776,5671,11,1
4,Delivery,1771508438.213866,18888,19,1
1,NewOrder,1771508438.214342,29385,6,1
1,NewOrder,1771508438.214915,25501,16,1
2,Payment,1771508438.217328,7428,7,1
2,Payment,1771508438.217955,7242,15,1
2,Payment,1771508438.218370,6965,4,1
1,NewOrder,1771508438.218417,24745,12,1
2,Payment,1771508438.218467,8010,11,1
1,NewOrder,1771508438.219035,33493,0,1
1,NewOrder,1771508438.219382,33926,3,1
2,Payment,1771508438.219875,5350,18,1
1,NewOrder,1771508438.221860,39847,10,1
5,StockLevel,1771508438.224782,14172,7,1
4,Delivery,1771508438.225149,62611,17,1
1,NewOrder,1771508438.225167,17454,9,1
2,Payment,1771508438.225192,5545,21,1
1,NewOrder,1771508438.225222,25536,15,1
2,Payment,1771508438.225251,7307,18,1
2,Payment,1771508438.225359,6074,4,1
1,NewOrder,1771508438.226492,35183,11,1
1,NewOrder,1771508438.228408,20763,5,1
2,Payment,1771508438.228844,7404,22,1
2,Payment,1771508438.228878,5978,23,1
1,NewOrder,1771508438.228938,33693,1,1
2,Payment,1771508438.230315,7975,20,1
2,Payment,1771508438.230746,12320,21,1
2,Payment,1771508438.231452,6283,4,1
2,Payment,1771508438.232205,6480,14,1
2,Payment,1771508438.232568,8171,18,1
1,NewOrder,1771508438.232766,23836,19,1
2,Payment,1771508438.233916,6551,13,1
2,Payment,1771508438.234212,6234,8,1
4,Delivery,1771508438.234868,58868,23,1
2,Payment,1771508438.236273,8285,22,1
1,NewOrder,1771508438.237749,24409,4,1
4,Delivery,1771508438.238315,55842,20,1
1,NewOrder,1771508438.238698,35102,14,1
1,NewOrder,1771508438.238971,20793,7,1
1,NewOrder,1771508438.240119,32715,2,1
2,Payment,1771508438.240429,11012,16,1
1,NewOrder,1771508438.240471,22523,8,1
2,Payment,1771508438.240486,7656,13,1
1,NewOrder,1771508438.240750,24667,18,1
1,NewOrder,1771508438.242634,25870,9,1
1,NewOrder,1771508438.243082,15791,21,1
1,NewOrder,1771508438.243188,23818,12,1
2,Payment,1771508438.243753,8127,6,1
2,Payment,1771508438.244583,4261,22,1
1,NewOrder,1771508438.248159,24350,13,1
1,NewOrder,1771508438.248859,22130,22,1
1,NewOrder,1771508438.249196,17478,5,1
2,Payment,1771508438.250772,6802,15,1
2,Payment,1771508438.251456,8142,16,1
1,NewOrder,1771508438.251906,30248,6,1
1,NewOrder,1771508438.252542,29128,0,1
1,NewOrder,1771508438.253336,26923,3,1
1,NewOrder,1771508438.256627,30732,19,1
1,NewOrder,1771508438.257590,32212,15,1
1,NewOrder,1771508438.258899,23242,21,1
5,StockLevel,1771508438.259622,13767,16,1
1,NewOrder,1771508438.259774,26781,7,1
1,NewOrder,1771508438.261697,28610,11,1
4,Delivery,1771508438.261732,45229,10,1
2,Payment,1771508438.262170,5786,4,1
1,NewOrder,1771508438.262656,30531,1,1
1,NewOrder,1771508438.263019,21966,8,1
2,Payment,1771508438.265431,5895,18,1
1,NewOrder,1771508438.266700,24730,5,1
1,NewOrder,1771508438.267028,27500,12,1
1,NewOrder,1771508438.267981,16016,4,1
1,NewOrder,1771508438.268529,21760,9,1
1,NewOrder,1771508438.271004,31169,22,1
2,Payment,1771508438.271343,6983,18,1
2,Payment,1771508438.272533,7058,13,1
1,NewOrder,1771508438.272846,28410,2,1
2,Payment,1771508438.273403,8735,16,1
1,NewOrder,1771508438.273813,19406,14,1
2,Payment,1771508438.278351,6098,18,1
2,Payment,1771508438.279615,7486,13,1
2,Payment,1771508438.280271,6807,3,1
1,NewOrder,1771508438.281695,15467,0,1
1,NewOrder,1771508438.282166,29242,16,1
2,Payment,1771508438.282168,4788,21,1
1,NewOrder,1771508438.282182,25421,6,1
2,Payment,1771508438.284023,8234,4,1
1,NewOrder,1771508438.284474,23222,18,1
1,NewOrder,1771508438.284999,20447,8,1
2,Payment,1771508438.286570,7883,7,1
1,NewOrder,1771508438.286975,26713,21,1
1,NewOrder,1771508438.287104,18343,3,1
2,Payment,1771508438.287128,7662,13,1
1,NewOrder,1771508438.287379,39372,19,1
5,StockLevel,1771508438.287772,17407,17,1
3,OrderStatus,1771508438.289827,7755,15,1
2,Payment,1771508438.290313,5712,9,1
4,Delivery,1771508438.290331,16975,11,1
2,Payment,1771508438.291456,11042,5,1
2,Payment,1771508438.292282,8166,4,1
1,NewOrder,1771508438.293211,33200,1,1
2,Payment,1771508438.293245,5265,14,1
2,Payment,1771508438.293748,11243,23,1
1,NewOrder,1771508438.294179,3623,20,1
1,NewOrder,1771508438.294470,31849,7,1
2,Payment,1771508438.294543,12534,12,1
1,NewOrder,1771508438.294801,30684,13,1
1,NewOrder,1771508438.296050,19084,9,1
2,Payment,1771508438.297172,8216,0,1
2,Payment,1771508438.297595,15124,15,1
1,NewOrder,1771508438.297818,4635,20,1
2,Payment,1771508438.298528,10169,14,1
1,NewOrder,1771508438.300473,36193,4,1
1,NewOrder,1771508438.301287,35034,2,1
5,StockLevel,1771508438.302198,16473,22,1
1,NewOrder,1771508438.302465,12996,20,1
1,NewOrder,1771508438.302523,28840,5,1
2,Payment,1771508438.305007,9186,23,1
1,NewOrder,1771508438.305189,25585,17,1
1,NewOrder,1771508438.305405,22733,0,1
2,Payment,1771508438.305473,8223,8,1
2,Payment,1771508438.305476,5555,3,1
2,Payment,1771508438.306973,10456,10,1
1,NewOrder,1771508438.307103,29536,12,1
2,Payment,1771508438.307323,8164,11,1
1,NewOrder,1771508438.307615,25943,6,1
3,OrderStatus,1771508438.307711,7140,18,1
4,Delivery,1771508438.308723,30827,14,1
2,Payment,1771508438.311045,8401,3,1
1,NewOrder,1771508438.311425,29907,16,1
2,Payment,1771508438.312738,5850,15,1
2,Payment,1771508438.313717,8232,21,1
1,NewOrder,1771508438.313717,19873,8,1
2,Payment,1771508438.314207,5585,23,1
1,NewOrder,1771508438.314868,21818,18,1
1,NewOrder,1771508438.315147,37453,9,1
2,Payment,1771508438.315484,10698,20,1
3,OrderStatus,1771508438.315499,980,11,1
2,Payment,1771508438.316491,3282,11,1
2,Payment,1771508438.317455,8682,10,1
2,Payment,1771508438.318613,7756,15,1
1,NewOrder,1771508438.318697,24823,22,1
1,NewOrder,1771508438.319460,27452,3,1
1,NewOrder,1771508438.319798,13051,11,1
1,NewOrder,1771508438.319807,29487,23,1
5,StockLevel,1771508438.321962,14268,21,1
2,Payment,1771508438.325496,8862,13,1
2,Payment,1771508438.326153,7061,10,1
1,NewOrder,1771508438.326207,5112,20,1
1,NewOrder,1771508438.326343,21203,7,1
4,Delivery,1771508438.326394,13694,15,1
2,Payment,1771508438.326424,7283,1,1
5,StockLevel,1771508438.326764,13376,19,1
2,Payment,1771508438.328153,9792,0,1
3,OrderStatus,1771508438.330788,5212,17,1
3,OrderStatus,1771508438.331343,2899,20,1
4,Delivery,1771508438.331389,63927,5,1
2,Payment,1771508438.332874,8795,11,1
5,StockLevel,1771508438.333239,15828,10,1
5,StockLevel,1771508438.333576,16276,6,1
2,Payment,1771508438.333616,11802,8,1
2,Payment,1771508438.333721,6702,1,1
2,Payment,1771508438.334254,10738,20,1
2,Payment,1771508438.334385,7377,13,1
4,Delivery,1771508438.336016,4179,17,1
1,NewOrder,1771508438.336241,18846,21,1
2,Payment,1771508438.336346,9111,2,1
1,NewOrder,1771508438.336652,37524,12,1
1,NewOrder,1771508438.336691,17397,4,1
2,Payment,1771508438.336712,9619,18,1
1,NewOrder,1771508438.337958,22180,0,1
2,Payment,1771508438.339567,6266,14,1
1,NewOrder,1771508438.340102,8920,15,1
2,Payment,1771508438.340156,8904,19,1
1,NewOrder,1771508438.340210,30635,17,1
2,Payment,1771508438.340437,6905,1,1
1,NewOrder,1771508438.341342,35908,16,1
1,NewOrder,1771508438.341687,32823,11,1
2,Payment,1771508438.341779,6787,13,1
1,NewOrder,1771508438.343532,31412,22,1
2,Payment,1771508438.345004,11048,20,1
1,NewOrder,1771508438.345433,21316,8,1
1,NewOrder,1771508438.345476,19945,2,1
2,Payment,1771508438.345844,5375,14,1
2,Payment,1771508438.346345,4382,18,1
2,Payment,1771508438.346923,6857,3,1
1,NewOrder,1771508438.347354,22253,1,1
2,Payment,1771508438.347562,6564,7,1
1,NewOrder,1771508438.348587,17282,13,1
1,NewOrder,1771508438.349036,26667,15,1
4,Delivery,1771508438.349073,19003,19,1
2,Payment,1771508438.349079,8204,10,1
2,Payment,1771508438.349308,8688,23,1
1,NewOrder,1771508438.349865,17834,6,1
2,Payment,1771508438.350741,8654,18,1
1,NewOrder,1771508438.351232,20997,14,1
3,OrderStatus,1771508438.352615,4285,9,1
1,NewOrder,1771508438.353793,36467,3,1
2,Payment,1771508438.354101,8015,4,1
2,Payment,1771508438.354140,8326,7,1
2,Payment,1771508438.355101,8598,21,1
1,NewOrder,1771508438.356071,21579,20,1
2,Payment,1771508438.356916,7587,9,1
4,Delivery,1771508438.357295,49442,10,1
1,NewOrder,1771508438.358010,23322,23,1
2,Payment,1771508438.359409,6414,18,1
3,OrderStatus,1771508438.360164,4742,0,1
2,Payment,1771508438.362132,6816,4,1
1,NewOrder,1771508438.362492,32390,7,1
1,NewOrder,1771508438.363720,25791,21,1
1,NewOrder,1771508438.364513,30244,9,1
2,Payment,1771508438.364920,6618,0,1
2,Payment,1771508438.365445,8217,2,1
2,Payment,1771508438.365835,4330,18,1
2,Payment,1771508438.365881,5944,13,1
1,NewOrder,1771508438.366758,21607,8,1
2,Payment,1771508438.367715,7562,6,1
2,Payment,1771508438.368101,5250,19,1
1,NewOrder,1771508438.368971,32995,4,1
2,Payment,1771508438.369633,7990,1,1
1,NewOrder,1771508438.370178,25642,18,1
1,NewOrder,1771508438.370871,24038,17,1
2,Payment,1771508438.371564,8271,0,1
1,NewOrder,1771508438.371838,27107,13,1
1,NewOrder,1771508438.372255,31790,14,1
1,NewOrder,1771508438.373369,25510,19,1
2,Payment,1771508438.373675,8320,2,1
1,NewOrder,1771508438.374193,19621,12,1
1,NewOrder,1771508438.374527,21306,11,1
2,Payment,1771508438.374956,7004,22,1
1,NewOrder,1771508438.375287,23603,6,1
1,NewOrder,1771508438.375715,19718,15,1
1,NewOrder,1771508438.377284,21118,16,1
2,Payment,1771508438.377637,10399,1,1
1,NewOrder,1771508438.377666,35298,20,1
1,NewOrder,1771508438.379851,29143,0,1
1,NewOrder,1771508438.381357,30712,23,1
1,NewOrder,1771508438.381974,17493,22,1
1,NewOrder,1771508438.382009,25517,2,1
2,Payment,1771508438.388053,7293,1,1
1,NewOrder,1771508438.388382,33953,8,1
2,Payment,1771508438.389522,6797,21,1
2,Payment,1771508438.390273,8646,3,1
1,NewOrder,1771508438.393828,36452,12,1
3,OrderStatus,1771508438.394783,7034,9,1
2,Payment,1771508438.394908,4583,7,1
1,NewOrder,1771508438.394935,31982,17,1
4,Delivery,1771508438.395330,66182,5,1
2,Payment,1771508438.395361,5794,1,1
1,NewOrder,1771508438.395441,27323,15,1
1,NewOrder,1771508438.395831,32310,18,1
5,StockLevel,1771508438.395848,16282,11,1
2,Payment,1771508438.396337,7318,21,1
3,OrderStatus,1771508438.398414,4774,16,1
2,Payment,1771508438.398892,6566,19,1
1,NewOrder,1771508438.398916,25631,6,1
2,Payment,1771508438.398934,6176,3,1
1,NewOrder,1771508438.398956,29587,13,1
2,Payment,1771508438.399478,7647,22,1
1,NewOrder,1771508438.399500,21819,7,1
2,Payment,1771508438.401168,7507,1,1
2,Payment,1771508438.401843,5664,9,1
2,Payment,1771508438.401983,8159,4,1
2,Payment,1771508438.403203,5827,16,1
1,NewOrder,1771508438.403667,37283,21,1
2,Payment,1771508438.404062,6873,14,1
1,NewOrder,1771508438.405126,26054,3,1
2,Payment,1771508438.405475,7400,19,1
2,Payment,1771508438.406752,6535,10,1
2,Payment,1771508438.407140,8236,22,1
2,Payment,1771508438.407525,7547,9,1
1,NewOrder,1771508438.407539,18272,2,1
2,Payment,1771508438.408690,9394,1,1
2,Payment,1771508438.409005,6601,0,1
2,Payment,1771508438.409045,6434,16,1
3,OrderStatus,1771508438.410155,6431,4,1
2,Payment,1771508438.410948,6231,14,1
2,Payment,1771508438.412082,10595,23,1
2,Payment,1771508438.412144,8587,11,1
1,NewOrder,1771508438.412900,28387,19,1
2,Payment,1771508438.412990,8225,20,1
1,NewOrder,1771508438.413302,23493,10,1
2,Payment,1771508438.415086,7643,9,1
2,Payment,1771508438.415392,9451,22,1
2,Payment,1771508438.415505,10759,16,1
1,NewOrder,1771508438.415632,24503,0,1
2,Payment,1771508438.416596,8283,4,1
1,NewOrder,1771508438.417191,19953,14,1
3,OrderStatus,1771508438.418099,2728,1,1
1,NewOrder,1771508438.420756,33540,11,1
2,Payment,1771508438.420851,7707,1,1
1,NewOrder,1771508438.421239,25664,20,1
1,NewOrder,1771508438.421344,17876,7,1
2,Payment,1771508438.422361,9663,8,1
3,OrderStatus,1771508438.422694,1744,23,1
5,StockLevel,1771508438.422755,14203,9,1
1,NewOrder,1771508438.422781,30152,15,1
2,Payment,1771508438.424450,8076,23,1
2,Payment,1771508438.424573,9152,6,1
2,Payment,1771508438.424859,5727,22,1
1,NewOrder,1771508438.424893,18865,4,1
1,NewOrder,1771508438.425821,38453,2,1
1,NewOrder,1771508438.426290,32487,16,1
3,OrderStatus,1771508438.426942,6375,17,1
1,NewOrder,1771508438.428166,30636,18,1
5,StockLevel,1771508438.428569,16817,13,1
2,Payment,1771508438.428577,6861,1,1
1,NewOrder,1771508438.430297,17291,12,1
1,NewOrder,1771508438.430600,28298,22,1
2,Payment,1771508438.431199,6579,3,1
1,NewOrder,1771508438.432050,30576,8,1
1,NewOrder,1771508438.432551,22389,23,1
3,OrderStatus,1771508438.433331,7177,17,1
2,Payment,1771508438.433750,3362,6,1
2,Payment,1771508438.435455,6639,1,1
1,NewOrder,1771508438.436821,36500,10,1
2,Payment,1771508438.436983,7964,9,1
1,NewOrder,1771508438.437129,30748,6,1
5,StockLevel,1771508438.437156,17982,14,1
1,NewOrder,1771508438.437790,25353,3,1
2,Payment,1771508438.439235,7631,7,1
2,Payment,1771508438.440161,6273,0,1
1,NewOrder,1771508438.440532,22119,17,1
1,NewOrder,1771508438.440962,18755,21,1
4,Delivery,1771508438.441302,18531,19,1
3,OrderStatus,1771508438.442107,4457,1,1
1,NewOrder,1771508438.443775,29914,4,1
2,Payment,1771508438.444973,13094,9,1
5,StockLevel,1771508438.445399,19918,13,1
2,Payment,1771508438.446448,9362,0,1
1,NewOrder,1771508438.446579,22228,1,1
2,Payment,1771508438.446875,12556,7,1
2,Payment,1771508438.446928,6851,20,1
2,Payment,1771508438.447601,7180,12,1
2,Payment,1771508438.452958,5805,15,1
2,Payment,1771508438.453805,5454,20,1
1,NewOrder,1771508438.454322,26907,11,1
3,OrderStatus,1771508438.454794,6238,12,1
2,Payment,1771508438.454966,6207,23,1
5,StockLevel,1771508438.455149,13207,14,1
1,NewOrder,1771508438.455836,20641,0,1
1,NewOrder,1771508438.458085,27426,9,1
2,Payment,1771508438.458780,8334,15,1
1,NewOrder,1771508438.458801,25399,16,1
1,NewOrder,1771508438.458829,28848,18,1
2,Payment,1771508438.458916,7119,22,1
1,NewOrder,1771508438.459284,30638,20,1
1,NewOrder,1771508438.459456,21842,7,1
2,Payment,1771508438.459729,7833,21,1
1,NewOrder,1771508438.459845,21411,19,1
2,Payment,1771508438.461048,7456,12,1
4,Delivery,1771508438.461188,59114,23,1
1,NewOrder,1771508438.461527,32952,5,1
2,Payment,1771508438.462638,5267,8,1
1,NewOrder,1771508438.462663,32910,17,1
1,NewOrder,1771508438.463157,33469,3,1
2,Payment,1771508438.464292,9431,2,1
3,OrderStatus,1771508438.465329,7130,13,1
4,Delivery,1771508438.466048,54593,22,1
1,NewOrder,1771508438.467127,23443,15,1
2,Payment,1771508438.467575,6142,21,1
2,Payment,1771508438.467891,9172,6,1
2,Payment,1771508438.467916,6754,8,1
1,NewOrder,1771508438.468377,31221,14,1
2,Payment,1771508438.468517,6261,12,1
2,Payment,1771508438.468822,6513,1,1
2,Payment,1771508438.472474,8180,13,1
1,NewOrder,1771508438.473347,32773,10,1
4,Delivery,1771508438.473703,46709,4,1
2,Payment,1771508438.473737,7491,21,1
1,NewOrder,1771508438.473738,26227,2,1
2,Payment,1771508438.474680,7432,8,1
4,Delivery,1771508438.474788,10321,12,1
2,Payment,1771508438.475349,9732,1,1
1,NewOrder,1771508438.476492,28190,0,1
4,Delivery,1771508438.477078,9608,6,1
2,Payment,1771508438.480669,7355,13,1
1,NewOrder,1771508438.481247,32904,11,1
1,NewOrder,1771508438.481250,18761,21,1
1,NewOrder,1771508438.481282,19588,19,1
1,NewOrder,1771508438.481312,23072,7,1
1,NewOrder,1771508438.482127,29163,8,1
1,NewOrder,1771508438.484225,28744,16,1
1,NewOrder,1771508438.485104,14927,1,1
1,NewOrder,1771508438.485122,23225,12,1
1,NewOrder,1771508438.485525,18513,9,1
1,NewOrder,1771508438.486698,34987,6,1
1,NewOrder,1771508438.487693,18779,18,1
2,Payment,1771508438.488037,5774,13,1
1,NewOrder,1771508438.489935,30447,20,1
1,NewOrder,1771508438.490583,11265,15,1
1,NewOrder,1771508438.493825,37911,13,1
1,NewOrder,1771508438.494492,28099,5,1
1,NewOrder,1771508438.495584,10600,17,1
1,NewOrder,1771508438.496644,18775,3,1
2,Payment,1771508438.499616,7090,14,1
1,NewOrder,1771508438.499991,34808,2,1
1,NewOrder,1771508438.500026,22298,21,1
2,Payment,1771508438.500045,5539,1,1
1,NewOrder,1771508438.500888,19040,19,1
1,NewOrder,1771508438.501864,15950,15,1
2,Payment,1771508438.504061,7785,9,1
2,Payment,1771508438.504410,5994,7,1
1,NewOrder,1771508438.504696,40470,0,1
1,NewOrder,1771508438.505599,20301,1,1
1,NewOrder,1771508438.506132,36610,10,1
2,Payment,1771508438.506201,6831,17,1
2,Payment,1771508438.506487,6175,18,1
1,NewOrder,1771508438.506722,42103,14,1
2,Payment,1771508438.508364,6709,12,1
1,NewOrder,1771508438.510420,31569,7,1
2,Payment,1771508438.511301,7121,8,1
1,NewOrder,1771508438.511864,49749,9,1
1,NewOrder,1771508438.512677,28339,18,1
1,NewOrder,1771508438.512995,22554,16,1
1,NewOrder,1771508438.513043,29556,17,1
1,NewOrder,1771508438.514161,38577,11,1
1,NewOrder,1771508438.515089,34269,12,1
2,Payment,1771508438.515433,6812,3,1
2,Payment,1771508438.517826,9111,15,1
2,Payment,1771508438.518434,8085,8,1
1,NewOrder,1771508438.519946,24469,19,1
1,NewOrder,1771508438.520318,30102,23,1
2,Payment,1771508438.520399,9599,20,1
1,NewOrder,1771508438.520429,23393,4,1
1,NewOrder,1771508438.520651,6263,22,1
1,NewOrder,1771508438.521700,39396,6,1
2,Payment,1771508438.522258,11717,3,1
1,NewOrder,1771508438.522338,34450,21,1
5,StockLevel,1771508438.522607,18259,5,1
2,Payment,1771508438.525913,9613,1,1
5,StockLevel,1771508438.526532,21969,8,1
1,NewOrder,1771508438.526924,7836,22,1
2,Payment,1771508438.526951,5155,15,1
1,NewOrder,1771508438.530010,25387,20,1
1,NewOrder,1771508438.531761,33229,13,1
3,OrderStatus,1771508438.532121,7932,15,1
2,Payment,1771508438.533982,8232,3,1
2,Payment,1771508438.534765,1570,22,1
2,Payment,1771508438.534815,9975,2,1
2,Payment,1771508438.535539,11008,1,1
1,NewOrder,1771508438.535566,25082,16,1
2,Payment,1771508438.536345,1598,22,1
2,Payment,1771508438.537956,2189,22,1
2,Payment,1771508438.540078,4186,15,1
2,Payment,1771508438.540155,1435,22,1
2,Payment,1771508438.540881,10651,5,1
4,Delivery,1771508438.541031,8366,18,1
2,Payment,1771508438.541598,2116,22,1
3,OrderStatus,1771508438.542000,7070,7,1
2,Payment,1771508438.542251,14186,3,1
2,Payment,1771508438.542624,6636,17,1
2,Payment,1771508438.542756,10021,10,1
2,Payment,1771508438.543728,1406,22,1
1,NewOrder,1771508438.543847,25374,4,1
1,NewOrder,1771508438.544288,22313,15,1
2,Payment,1771508438.544440,6761,19,1
1,NewOrder,1771508438.544801,32650,2,1
1,NewOrder,1771508438.545142,6699,22,1
2,Payment,1771508438.545183,13003,0,1
2,Payment,1771508438.546572,7012,1,1
2,Payment,1771508438.548526,12933,8,1
2,Payment,1771508438.548837,13174,14,1
2,Payment,1771508438.549084,13962,7,1
1,NewOrder,1771508438.549287,20820,17,1
2,Payment,1771508438.549370,5431,12,1
2,Payment,1771508438.549411,4740,18,1
1,NewOrder,1771508438.550430,21163,23,1
2,Payment,1771508438.551215,6521,19,1
1,NewOrder,1771508438.551557,32806,5,1
4,Delivery,1771508438.551852,37620,22,1
2,Payment,1771508438.552748,15716,11,1
1,NewOrder,1771508438.552793,32044,10,1
2,Payment,1771508438.553597,7590,1,1
1,NewOrder,1771508438.554173,16505,18,1
2,Payment,1771508438.554811,9322,12,1
2,Payment,1771508438.555412,5808,20,1
5,StockLevel,1771508438.556447,21940,3,1
1,NewOrder,1771508438.556810,23754,21,1
1,NewOrder,1771508438.557750,27129,19,1
2,Payment,1771508438.558197,10724,0,1
3,OrderStatus,1771508438.560674,4906,16,1
1,NewOrder,1771508438.561112,37225,6,1
1,NewOrder,1771508438.561200,15264,1,1
1,NewOrder,1771508438.561233,29394,20,1
5,StockLevel,1771508438.561475,18011,8,1
1,NewOrder,1771508438.561638,29966,9,1
2,Payment,1771508438.562022,9595,14,1
2,Payment,1771508438.563071,2237,7,1
1,NewOrder,1771508438.564147,20762,12,1
1,NewOrder,1771508438.565004,25409,13,1
2,Payment,1771508438.565325,5835,7,1
5,StockLevel,1771508438.565595,15725,16,1
1,NewOrder,1771508438.566627,36963,15,1
2,Payment,1771508438.568480,6465,11,1
2,Payment,1771508438.568937,5632,0,1
1,NewOrder,1771508438.569248,26128,4,1
1,NewOrder,1771508438.570118,15765,17,1
5,StockLevel,1771508438.570691,16051,18,1
1,NewOrder,1771508438.571174,19811,7,1
2,Payment,1771508438.571604,7796,23,1
1,NewOrder,1771508438.571632,21656,14,1
2,Payment,1771508438.574582,5432,0,1
2,Payment,1771508438.574969,7135,11,1
1,NewOrder,1771508438.576477,22424,1,1
2,Payment,1771508438.577462,11337,2,1
1,NewOrder,1771508438.578403,30756,3,1
2,Payment,1771508438.579410,5519,23,1
2,Payment,1771508438.579499,8923,8,1
1,NewOrder,1771508438.580024,24059,0,1
1,NewOrder,1771508438.580579,23429,21,1
2,Payment,1771508438.581347,8090,16,1
1,NewOrder,1771508438.582115,22146,11,1
2,Payment,1771508438.584382,7893,5,1
1,NewOrder,1771508438.584850,34424,10,1
1,NewOrder,1771508438.584891,19147,19,1
1,NewOrder,1771508438.584926,36867,12,1
1,NewOrder,1771508438.584943,30911,23,1
1,NewOrder,1771508438.585893,31278,17,1
2,Payment,1771508438.586768,6123,18,1
1,NewOrder,1771508438.588435,27453,8,1
4,Delivery,1771508438.588824,31657,2,1
3,OrderStatus,1771508438.589450,5062,16,1
2,Payment,1771508438.589497,5515,22,1
4,Delivery,1771508438.590424,19982,13,1
1,NewOrder,1771508438.590646,25234,20,1
1,NewOrder,1771508438.591011,41504,7,1
2,Payment,1771508438.591620,7167,9,1
2,Payment,1771508438.592292,6517,5,1
1,NewOrder,1771508438.592904,22457,18,1
2,Payment,1771508438.593314,7086,14,1
2,Payment,1771508438.594538,9440,16,1
2,Payment,1771508438.595024,2812,22,1
5,StockLevel,1771508438.595389,19277,4,1
1,NewOrder,1771508438.597847,3360,22,1
2,Payment,1771508438.598356,8939,6,1
2,Payment,1771508438.598805,5771,9,1
1,NewOrder,1771508438.598827,28457,5,1
1,NewOrder,1771508438.598927,36164,1,1
2,Payment,1771508438.600425,6290,14,1
5,StockLevel,1771508438.601225,1360,22,1
2,Payment,1771508438.602597,1732,22,1
2,Payment,1771508438.603615,10140,15,1
2,Payment,1771508438.603993,5842,16,1
1,NewOrder,1771508438.604022,35340,21,1
2,Payment,1771508438.604052,10566,19,1
1,NewOrder,1771508438.604100,30941,0,1
2,Payment,1771508438.604288,8748,11,1
5,StockLevel,1771508438.604340,1067,22,1
1,NewOrder,1771508438.604601,30950,9,1
4,Delivery,1771508438.605418,48039,22,1
3,OrderStatus,1771508438.606733,7126,14,1
1,NewOrder,1771508438.607313,15750,6,1
2,Payment,1771508438.609174,6691,3,1
2,Payment,1771508438.609846,6494,16,1
1,NewOrder,1771508438.610421,17916,13,1
1,NewOrder,1771508438.613061,31467,11,1
2,Payment,1771508438.613772,5129,15,1
2,Payment,1771508438.613878,12834,14,1
1,NewOrder,1771508438.614629,24383,19,1
1,NewOrder,1771508438.614680,23665,4,1
2,Payment,1771508438.615381,8343,18,1
1,NewOrder,1771508438.615867,17354,23,1
1,NewOrder,1771508438.615883,27615,3,1
1,NewOrder,1771508438.615894,24772,20,1
1,NewOrder,1771508438.615900,38119,8,1
1,NewOrder,1771508438.616351,14900,16,1
2,Payment,1771508438.617183,7144,17,1
2,Payment,1771508438.618914,10052,15,1
2,Payment,1771508438.619292,7785,10,1
2,Payment,1771508438.620506,8141,2,1
1,NewOrder,1771508438.621807,29946,12,1
5,StockLevel,1771508438.623081,17502,6,1
2,Payment,1771508438.623736,9432,18,1
1,NewOrder,1771508438.624340,25411,17,1
1,NewOrder,1771508438.626729,14574,14,1
2,Payment,1771508438.627087,7428,10,1
1,NewOrder,1771508438.627310,35203,5,1
2,Payment,1771508438.628353,9421,13,1
1,NewOrder,1771508438.628665,20583,2,1
4,Delivery,1771508438.628983,37638,15,1
2,Payment,1771508438.631264,8608,16,1
1,NewOrder,1771508438.632529,20409,7,1
1,NewOrder,1771508438.633186,35674,18,1
5,StockLevel,1771508438.633235,13535,23,1
2,Payment,1771508438.634527,6676,10,1
5,StockLevel,1771508438.635050,19941,0,1
2,Payment,1771508438.635118,8775,1,1
2,Payment,1771508438.635575,15800,9,1
1,NewOrder,1771508438.637788,21228,13,1
2,Payment,1771508438.638357,7233,4,1
1,NewOrder,1771508438.639026,28152,19,1
1,NewOrder,1771508438.639372,20946,21,1
1,NewOrder,1771508438.639889,34410,16,1
1,NewOrder,1771508438.640597,21547,6,1
2,Payment,1771508438.640691,7889,20,1
1,NewOrder,1771508438.641215,36850,10,1
2,Payment,1771508438.641316,6418,14,1
2,Payment,1771508438.643510,6269,3,1
1,NewOrder,1771508438.643919,19638,1,1
1,NewOrder,1771508438.644554,19341,11,1
4,Delivery,1771508438.645603,51185,4,1
1,NewOrder,1771508438.646784,27569,23,1
2,Payment,1771508438.647743,6310,14,1
2,Payment,1771508438.648597,8425,20,1
2,Payment,1771508438.649259,8661,2,1
2,Payment,1771508438.649767,9926,17,1
3,OrderStatus,1771508438.649791,4295,3,1
2,Payment,1771508438.651400,8187,9,1
1,NewOrder,1771508438.651779,22457,12,1
1,NewOrder,1771508438.652951,28309,7,1
2,Payment,1771508438.653472,9055,22,1
1,NewOrder,1771508438.654034,29430,8,1
5,StockLevel,1771508438.654069,15536,14,1
1,NewOrder,1771508438.654102,24705,3,1
2,Payment,1771508438.655017,9366,0,1
2,Payment,1771508438.657033,7327,20,1
1,NewOrder,1771508438.657933,22873,2,1
5,StockLevel,1771508438.659045,14484,13,1
1,NewOrder,1771508438.659610,18842,9,1
2,Payment,1771508438.659711,6404,17,1
4,Delivery,1771508438.660330,36134,21,1
2,Payment,1771508438.662176,5565,6,1
1,NewOrder,1771508438.662538,31895,5,1
2,Payment,1771508438.662541,6924,22,1
1,NewOrder,1771508438.663571,27155,1,1
2,Payment,1771508438.663911,5867,11,1
2,Payment,1771508438.664372,6662,20,1
1,NewOrder,1771508438.664401,15362,0,1
1,NewOrder,1771508438.666131,24561,17,1
2,Payment,1771508438.666638,6960,15,1
1,NewOrder,1771508438.667192,29159,19,1
2,Payment,1771508438.667754,8351,6,1
2,Payment,1771508438.668877,8547,18,1
3,OrderStatus,1771508438.669478,4713,22,1
1,NewOrder,1771508438.669619,25629,14,1
5,StockLevel,1771508438.669789,16345,11,1
1,NewOrder,1771508438.671051,20058,20,1
2,Payment,1771508438.673547,8070,13,1
1,NewOrder,1771508438.673612,23004,15,1
1,NewOrder,1771508438.674204,23739,22,1
3,OrderStatus,1771508438.674252,9154,12,1
2,Payment,1771508438.674326,5639,16,1
2,Payment,1771508438.674366,6923,23,1
2,Payment,1771508438.676116,4461,6,1
4,Delivery,1771508438.677438,19403,18,1
2,Payment,1771508438.678082,6152,10,1
2,Payment,1771508438.678465,7077,9,1
1,NewOrder,1771508438.678821,23310,3,1
1,NewOrder,1771508438.679777,22777,0,1
1,NewOrder,1771508438.679982,21569,16,1
2,Payment,1771508438.680589,6982,6,1
4,Delivery,1771508438.680818,17212,2,1
2,Payment,1771508438.681286,11173,7,1
2,Payment,1771508438.681301,9036,23,1
1,NewOrder,1771508438.681632,28318,13,1
5,StockLevel,1771508438.683426,17613,12,1
1,NewOrder,1771508438.683477,27095,8,1
1,NewOrder,1771508438.684246,46915,10,1
2,Payment,1771508438.685555,5172,9,1
2,Payment,1771508438.686149,9625,11,1
1,NewOrder,1771508438.687586,36125,6,1
2,Payment,1771508438.690352,6025,23,1
2,Payment,1771508438.690706,8544,17,1
1,NewOrder,1771508438.690745,19874,1,1
5,StockLevel,1771508438.690746,15616,9,1
2,Payment,1771508438.691122,7417,20,1
1,NewOrder,1771508438.692476,35923,7,1
1,NewOrder,1771508438.694452,20363,5,1
5,StockLevel,1771508438.695275,15638,14,1
2,Payment,1771508438.695800,7336,11,1
2,Payment,1771508438.696377,8536,19,1
2,Payment,1771508438.696392,4826,23,1
2,Payment,1771508438.696477,11566,21,1
1,NewOrder,1771508438.696633,18849,15,1
1,NewOrder,1771508438.696799,18714,4,1
2,Payment,1771508438.696857,6320,18,1
1,NewOrder,1771508438.697957,25012,22,1
4,Delivery,1771508438.698048,16212,2,1
1,NewOrder,1771508438.698551,36867,20,1
1,NewOrder,1771508438.699265,31549,17,1
2,Payment,1771508438.701065,9534,12,1
2,Payment,1771508438.701231,10148,23,1
1,NewOrder,1771508438.701561,33465,16,1
1,NewOrder,1771508438.702142,18065,3,1
2,Payment,1771508438.702568,6918,0,1
2,Payment,1771508438.703151,5478,11,1
2,Payment,1771508438.703190,3068,18,1
1,NewOrder,1771508438.704928,24061,19,1
2,Payment,1771508438.706270,3677,18,1
1,NewOrder,1771508438.706379,22747,9,1
4,Delivery,1771508438.708057,33637,21,1
2,Payment,1771508438.708640,6807,11,1
1,NewOrder,1771508438.709502,33971,0,1
2,Payment,1771508438.709960,2933,18,1
5,StockLevel,1771508438.709965,13214,13,1
1,NewOrder,1771508438.710589,30825,8,1
2,Payment,1771508438.710619,7569,12,1
1,NewOrder,1771508438.710636,24809,1,1
1,NewOrder,1771508438.710924,20044,14,1
1,NewOrder,1771508438.711393,24076,23,1
1,NewOrder,1771508438.712911,17197,18,1
2,Payment,1771508438.714276,7333,2,1
1,NewOrder,1771508438.714826,28672,5,1
2,Payment,1771508438.715465,5123,11,1
1,NewOrder,1771508438.715496,16529,15,1
2,Payment,1771508438.715532,8881,4,1
1,NewOrder,1771508438.718204,32036,12,1
1,NewOrder,1771508438.720222,24842,3,1
2,Payment,1771508438.720609,5873,11,1
2,Payment,1771508438.721632,7471,2,1
1,NewOrder,1771508438.722981,29367,22,1
1,NewOrder,1771508438.723193,32124,13,1
1,NewOrder,1771508438.723724,21362,6,1
2,Payment,1771508438.724425,6813,4,1
1,NewOrder,1771508438.726496,19708,11,1
4,Delivery,1771508438.728417,21043,7,1
2,Payment,1771508438.729004,6895,19,1
2,Payment,1771508438.729117,7094,2,1
2,Payment,1771508438.729137,7584,9,1
1,NewOrder,1771508438.730120,37802,18,1
2,Payment,1771508438.730831,9931,17,1
2,Payment,1771508438.730986,12404,14,1
2,Payment,1771508438.731172,7643,10,1
2,Payment,1771508438.731252,6494,4,1
1,NewOrder,1771508438.732039,38422,15,1
2,Payment,1771508438.735040,9991,16,1
2,Payment,1771508438.735444,7908,20,1
2,Payment,1771508438.735462,6952,1,1
2,Payment,1771508438.735485,9870,23,1
1,NewOrder,1771508438.735915,18166,19,1
1,NewOrder,1771508438.736222,36583,2,1
1,NewOrder,1771508438.736734,25605,9,1
4,Delivery,1771508438.737758,46334,4,1
4,Delivery,1771508438.738842,11070,10,1
2,Payment,1771508438.740775,7160,17,1
1,NewOrder,1771508438.741427,22524,8,1
2,Payment,1771508438.741705,6806,21,1
1,NewOrder,1771508438.742440,39666,1,1
2,Payment,1771508438.743364,8363,20,1
3,OrderStatus,1771508438.743408,2476,14,1
1,NewOrder,1771508438.743483,27147,0,1
2,Payment,1771508438.743511,5789,5,1
2,Payment,1771508438.745042,4748,16,1
4,Delivery,1771508438.745089,39405,3,1
1,NewOrder,1771508438.745112,20630,6,1
2,Payment,1771508438.745367,4904,23,1
2,Payment,1771508438.745901,7588,14,1
2,Payment,1771508438.746214,7891,11,1
2,Payment,1771508438.747947,8212,17,1
1,NewOrder,1771508438.748528,30925,21,1
1,NewOrder,1771508438.749314,31682,5,1
2,Payment,1771508438.749476,6639,7,1
2,Payment,1771508438.749808,12372,16,1
1,NewOrder,1771508438.749927,4117,10,1
2,Payment,1771508438.750257,9000,12,1
1,NewOrder,1771508438.750285,20468,23,1
1,NewOrder,1771508438.751739,24735,20,1
2,Payment,1771508438.752361,8420,22,1
1,NewOrder,1771508438.753503,28425,14,1
1,NewOrder,1771508438.754061,22776,10,1
2,Payment,1771508438.754094,8987,19,1
2,Payment,1771508438.754118,7707,11,1
2,Payment,1771508438.755331,10019,13,1
1,NewOrder,1771508438.756125,34388,7,1
4,Delivery,1771508438.756176,63340,17,1
1,NewOrder,1771508438.759278,21114,12,1
2,Payment,1771508438.760798,8586,22,1
1,NewOrder,1771508438.761842,19553,11,1
2,Payment,1771508438.762189,5117,16,1
2,Payment,1771508438.762353,7088,9,1
1,NewOrder,1771508438.763099,20122,19,1
2,Payment,1771508438.763967,7598,8,1
1,NewOrder,1771508438.765365,18157,13,1
2,Payment,1771508438.765757,7925,6,1
1,NewOrder,1771508438.767320,25521,16,1
2,Payment,1771508438.767941,9598,18,1
2,Payment,1771508438.769399,10911,22,1
2,Payment,1771508438.769468,6085,9,1
2,Payment,1771508438.770489,6370,15,1
1,NewOrder,1771508438.770649,13788,0,1
1,NewOrder,1771508438.770764,17763,23,1
3,OrderStatus,1771508438.771577,7475,8,1
2,Payment,1771508438.772818,7068,2,1
1,NewOrder,1771508438.773697,44124,6,1
2,Payment,1771508438.775570,5740,9,1
2,Payment,1771508438.776490,10281,20,1
1,NewOrder,1771508438.776855,38215,10,1
5,StockLevel,1771508438.776880,15304,15,1
1,NewOrder,1771508438.777569,34517,18,1
2,Payment,1771508438.779080,5916,8,1
2,Payment,1771508438.779474,8863,21,1
2,Payment,1771508438.779918,5400,2,1
1,NewOrder,1771508438.780326,35515,22,1
2,Payment,1771508438.780406,6924,12,1
2,Payment,1771508438.781008,12571,5,1
1,NewOrder,1771508438.781326,21972,9,1
2,Payment,1771508438.781409,7071,11,1
2,Payment,1771508438.781943,7885,14,1
3,OrderStatus,1771508438.782118,2926,1,1
2,Payment,1771508438.783234,6986,19,1
1,NewOrder,1771508438.783533,21053,13,1
3,OrderStatus,1771508438.784105,4002,4,1
3,OrderStatus,1771508438.784463,6799,0,1
1,NewOrder,1771508438.784510,3539,3,1
2,Payment,1771508438.785009,10707,8,1
2,Payment,1771508438.785057,6517,1,1
2,Payment,1771508438.785332,9820,2,1
2,Payment,1771508438.786784,8889,20,1
2,Payment,1771508438.787356,5834,12,1
1,NewOrder,1771508438.788076,4561,3,1
1,NewOrder,1771508438.788120,31757,4,1
2,Payment,1771508438.788347,4740,21,1
1,NewOrder,1771508438.788494,38097,11,1
2,Payment,1771508438.788537,8468,23,1
2,Payment,1771508438.789845,14378,14,1
1,NewOrder,1771508438.790231,34837,19,1
2,Payment,1771508438.790539,8115,7,1
4,Delivery,1771508438.791278,12604,0,1
1,NewOrder,1771508438.791586,24322,1,1
5,StockLevel,1771508438.792198,14601,15,1
2,Payment,1771508438.792654,5441,3,1
2,Payment,1771508438.792855,7393,16,1
2,Payment,1771508438.793096,9086,21,1
2,Payment,1771508438.793208,8946,12,1
3,OrderStatus,1771508438.793590,3800,5,1
2,Payment,1771508438.795164,7737,2,1
1,NewOrder,1771508438.795687,24220,20,1
2,Payment,1771508438.795734,5754,8,1
4,Delivery,1771508438.797019,60652,23,1
1,NewOrder,1771508438.797416,18480,5,1
1,NewOrder,1771508438.798120,26360,3,1
2,Payment,1771508438.798667,6951,7,1
1,NewOrder,1771508438.800262,28224,16,1
1,NewOrder,1771508438.801502,22169,8,1
2,Payment,1771508438.802168,6101,12,1
1,NewOrder,1771508438.802193,22319,21,1
1,NewOrder,1771508438.802915,39196,2,1
4,Delivery,1771508438.803314,42171,9,1
1,NewOrder,1771508438.803894,36006,0,1
1,NewOrder,1771508438.804251,30470,14,1
1,NewOrder,1771508438.804598,23861,13,1
3,OrderStatus,1771508438.805645,5709,7,1
1,NewOrder,1771508438.806813,35094,15,1
2,Payment,1771508438.808296,7579,12,1
1,NewOrder,1771508438.811372,32911,7,1
1,NewOrder,1771508438.812111,36034,18,1
1,NewOrder,1771508438.815087,26635,10,1
1,NewOrder,1771508438.815857,18781,22,1
1,NewOrder,1771508438.815893,32208,12,1
1,NewOrder,1771508438.815913,27630,5,1
1,NewOrder,1771508438.815934,28423,1,1
1,NewOrder,1771508438.817836,18227,6,1
2,Payment,1771508438.819529,8436,17,1
2,Payment,1771508438.819891,7188,4,1
2,Payment,1771508438.819921,7069,20,1
2,Payment,1771508438.823697,7709,8,1
1,NewOrder,1771508438.824498,16807,3,1
1,NewOrder,1771508438.824531,24444,21,1
2,Payment,1771508438.825082,7533,19,1
1,NewOrder,1771508438.826607,21034,11,1
1,NewOrder,1771508438.827004,21106,20,1
2,Payment,1771508438.827092,6068,4,1
2,Payment,1771508438.827980,6206,17,1
1,NewOrder,1771508438.828484,30274,13,1
1,NewOrder,1771508438.828501,27270,16,1
2,Payment,1771508438.831420,6014,8,1
4,Delivery,1771508438.832640,25683,19,1
1,NewOrder,1771508438.833172,19953,4,1
2,Payment,1771508438.834204,7758,17,1
2,Payment,1771508438.834651,7355,22,1
1,NewOrder,1771508438.834735,18854,14,1
2,Payment,1771508438.836088,6657,6,1
1,NewOrder,1771508438.837458,25847,8,1
4,Delivery,1771508438.839914,11455,0,1
1,NewOrder,1771508438.841318,38499,3,1
2,Payment,1771508438.841735,7769,10,1
4,Delivery,1771508438.841926,39503,15,1
2,Payment,1771508438.841972,6069,17,1
1,NewOrder,1771508438.842029,14235,22,1
2,Payment,1771508438.842135,11694,2,1
2,Payment,1771508438.842769,8966,6,1
2,Payment,1771508438.843557,12061,5,1
2,Payment,1771508438.844307,9347,7,1
1,NewOrder,1771508438.844371,23212,1,1
5,StockLevel,1771508438.845497,11315,9,1
2,Payment,1771508438.847651,7350,11,1
1,NewOrder,1771508438.848065,24379,17,1
1,NewOrder,1771508438.848123,36002,20,1
3,OrderStatus,1771508438.848127,2986,12,1
1,NewOrder,1771508438.848170,19820,18,1
1,NewOrder,1771508438.848989,27785,21,1
2,Payment,1771508438.849528,9561,10,1
2,Payment,1771508438.851129,10535,12,1
1,NewOrder,1771508438.851393,37277,0,1
2,Payment,1771508438.851745,9633,6,1
2,Payment,1771508438.853149,9911,4,1
2,Payment,1771508438.853601,9836,14,1
2,Payment,1771508438.853666,3963,7,1
2,Payment,1771508438.853854,4412,2,1
2,Payment,1771508438.855026,8501,11,1
2,Payment,1771508438.855632,5362,5,1
3,OrderStatus,1771508438.855795,955,16,1
1,NewOrder,1771508438.856288,31660,22,1
2,Payment,1771508438.856765,9561,16,1
2,Payment,1771508438.856827,13348,9,1
2,Payment,1771508438.857642,10386,7,1
2,Payment,1771508438.857683,9020,23,1
2,Payment,1771508438.858290,9218,2,1
1,NewOrder,1771508438.858343,29076,19,1
2,Payment,1771508438.858783,11466,13,1
1,NewOrder,1771508438.859101,29646,10,1
4,Delivery,1771508438.861006,58457,5,1
1,NewOrder,1771508438.861393,27147,6,1
1,NewOrder,1771508438.861685,26908,12,1
2,Payment,1771508438.863072,6730,4,1
2,Payment,1771508438.863317,8461,8,1
2,Payment,1771508438.863450,4467,14,1
4,Delivery,1771508438.863539,57207,11,1
2,Payment,1771508438.866349,10886,16,1
1,NewOrder,1771508438.866728,29593,23,1
2,Payment,1771508438.867531,8833,2,1
1,NewOrder,1771508438.867595,29035,1,1
2,Payment,1771508438.867939,6726,14,1
2,Payment,1771508438.868003,7155,18,1
1,NewOrder,1771508438.868039,37040,7,1
1,NewOrder,1771508438.869816,34841,4,1
1,NewOrder,1771508438.870200,32825,9,1
3,OrderStatus,1771508438.870262,6334,13,1
1,NewOrder,1771508438.871790,21511,8,1
3,OrderStatus,1771508438.872460,5704,17,1
1,NewOrder,1771508438.874679,30402,14,1
2,Payment,1771508438.875184,5991,18,1
2,Payment,1771508438.876379,6231,2,1
1,NewOrder,1771508438.876605,21186,13,1
1,NewOrder,1771508438.876787,25913,21,1
1,NewOrder,1771508438.877252,32299,16,1
2,Payment,1771508438.878188,6439,17,1
1,NewOrder,1771508438.879829,32612,3,1
2,Payment,1771508438.881199,8189,18,1
2,Payment,1771508438.881453,9437,15,1
5,StockLevel,1771508438.882625,16855,2,1
2,Payment,1771508438.884149,10613,20,1
1,NewOrder,1771508438.884651,41103,17,1
1,NewOrder,1771508438.887443,3889,19,1
2,Payment,1771508438.887972,8769,22,1
1,NewOrder,1771508438.888550,29269,6,1
2,Payment,1771508438.888617,8058,12,1
1,NewOrder,1771508438.888694,27688,0,1
2,Payment,1771508438.888764,6647,10,1
1,NewOrder,1771508438.889405,31335,18,1
2,Payment,1771508438.890914,8583,15,1
1,NewOrder,1771508438.891343,31053,19,1
1,NewOrder,1771508438.893311,32016,8,1
1,NewOrder,1771508438.894787,23069,20,1
2,Payment,1771508438.895423,5518,10,1
2,Payment,1771508438.896334,7462,23,1
2,Payment,1771508438.896654,7526,1,1
5,StockLevel,1771508438.896699,16395,12,1
1,NewOrder,1771508438.896752,33850,22,1
1,NewOrder,1771508438.897815,30889,13,1
3,OrderStatus,1771508438.899504,6443,2,1
1,NewOrder,1771508438.899513,23556,15,1
2,Payment,1771508438.900955,6656,10,1
1,NewOrder,1771508438.902720,30534,21,1
2,Payment,1771508438.903036,7192,9,1
1,NewOrder,1771508438.903808,31073,23,1
2,Payment,1771508438.904192,16583,1,1
1,NewOrder,1771508438.904667,30689,4,1
2,Payment,1771508438.905089,8046,7,1
1,NewOrder,1771508438.905093,30408,14,1
2,Payment,1771508438.905970,16749,2,1
1,NewOrder,1771508438.907622,34093,10,1
4,Delivery,1771508438.909575,45697,16,1
2,Payment,1771508438.910239,5522,9,1
2,Payment,1771508438.912459,13264,3,1
2,Payment,1771508438.913119,7240,12,1
2,Payment,1771508438.913160,14120,7,1
1,NewOrder,1771508438.915784,17667,9,1
1,NewOrder,1771508438.916407,22063,0,1
2,Payment,1771508438.917832,11374,6,1
1,NewOrder,1771508438.917868,18502,20,1
4,Delivery,1771508438.919479,66563,5,1
2,Payment,1771508438.920383,8899,12,1
1,NewOrder,1771508438.920764,31053,18,1
1,NewOrder,1771508438.920772,23544,11,1
2,Payment,1771508438.920788,8563,1,1
5,StockLevel,1771508438.922405,16166,19,1
1,NewOrder,1771508438.922743,13959,2,1
1,NewOrder,1771508438.923093,19686,15,1
1,NewOrder,1771508438.925337,21381,8,1
1,NewOrder,1771508438.925746,24453,3,1
4,Delivery,1771508438.925779,29911,17,1
2,Payment,1771508438.927294,5633,7,1
4,Delivery,1771508438.928728,27074,13,1
2,Payment,1771508438.929221,6128,6,1
1,NewOrder,1771508438.929296,23082,12,1
1,NewOrder,1771508438.929375,12811,1,1
2,Payment,1771508438.930613,5378,22,1
1,NewOrder,1771508438.932940,28388,7,1
1,NewOrder,1771508438.933300,38079,21,1
2,Payment,1771508438.933468,5829,9,1
2,Payment,1771508438.934902,7148,23,1
1,NewOrder,1771508438.935364,31927,6,1
2,Payment,1771508438.935381,6768,4,1
4,Delivery,1771508438.935526,20298,14,1
4,Delivery,1771508438.936014,59491,22,1
2,Payment,1771508438.936394,7502,20,1
1,NewOrder,1771508438.936717,38151,2,1
1,NewOrder,1771508438.938480,28236,0,1
2,Payment,1771508438.938593,7390,19,1
2,Payment,1771508438.939313,5633,9,1
1,NewOrder,1771508438.941736,35041,10,1
1,NewOrder,1771508438.942061,32596,23,1
1,NewOrder,1771508438.942160,16081,4,1
1,NewOrder,1771508438.942208,31761,1,1
1,NewOrder,1771508438.942789,22288,15,1
1,NewOrder,1771508438.943918,27446,20,1
1,NewOrder,1771508438.944327,35758,11,1
1,NewOrder,1771508438.944957,28353,9,1
2,Payment,1771508438.945996,6368,19,1
2,Payment,1771508438.946742,6348,8,1
1,NewOrder,1771508438.950223,27733,3,1
2,Payment,1771508438.951838,7429,18,1
2,Payment,1771508438.952388,9449,19,1
2,Payment,1771508438.952392,6862,12,1
2,Payment,1771508438.953107,9914,8,1
1,NewOrder,1771508438.955299,22596,16,1
4,Delivery,1771508438.955704,32191,17,1
1,NewOrder,1771508438.955822,7855,13,1
3,OrderStatus,1771508438.955844,1085,14,1
2,Payment,1771508438.956943,4926,14,1
1,NewOrder,1771508438.958251,21058,4,1
1,NewOrder,1771508438.959280,21305,12,1
1,NewOrder,1771508438.959286,33643,18,1
1,NewOrder,1771508438.961352,32860,7,1
2,Payment,1771508438.961861,9376,19,1
1,NewOrder,1771508438.961880,9393,14,1
2,Payment,1771508438.963031,8259,8,1
2,Payment,1771508438.963702,6761,13,1
2,Payment,1771508438.965092,7596,15,1
1,NewOrder,1771508438.966733,23274,0,1
5,StockLevel,1771508438.967301,16839,6,1
2,Payment,1771508438.970487,8225,13,1
3,OrderStatus,1771508438.971261,1046,19,1
2,Payment,1771508438.971298,9085,14,1
1,NewOrder,1771508438.971312,27934,8,1
1,NewOrder,1771508438.971389,37155,20,1
1,NewOrder,1771508438.971395,14968,21,1
1,NewOrder,1771508438.972320,4970,19,1
2,Payment,1771508438.972710,17228,15,1
1,NewOrder,1771508438.973321,27416,9,1
2,Payment,1771508438.973981,6235,1,1
2,Payment,1771508438.974681,5323,23,1
1,NewOrder,1771508438.974891,35872,2,1
1,NewOrder,1771508438.976790,34610,10,1
2,Payment,1771508438.977304,5035,19,1
2,Payment,1771508438.977907,6680,16,1
2,Payment,1771508438.977978,5397,3,1
2,Payment,1771508438.978736,9767,13,1
4,Delivery,1771508438.979331,7045,4,1
1,NewOrder,1771508438.980016,31040,23,1
1,NewOrder,1771508438.980109,19168,11,1
1,NewOrder,1771508438.980240,30525,1,1
2,Payment,1771508438.980394,5973,14,1
1,NewOrder,1771508438.980597,41729,12,1
2,Payment,1771508438.982363,11810,19,1
1,NewOrder,1771508438.983389,26859,3,1
2,Payment,1771508438.984164,10731,6,1
1,NewOrder,1771508438.984599,27663,16,1
3,OrderStatus,1771508438.986059,7704,5,1
3,OrderStatus,1771508438.986375,11107,21,1
1,NewOrder,1771508438.986379,22291,14,1
2,Payment,1771508438.986396,2568,4,1
2,Payment,1771508438.987920,11649,17,1
2,Payment,1771508438.988524,2913,13,1
2,Payment,1771508438.988989,8954,4,1
1,NewOrder,1771508438.989962,30692,15,1
2,Payment,1771508438.990021,9911,0,1
2,Payment,1771508438.991450,10013,13,1
2,Payment,1771508438.992955,8598,18,1
1,NewOrder,1771508438.993788,25781,5,1
4,Delivery,1771508438.994186,4018,19,1
2,Payment,1771508438.994235,8867,7,1
1,NewOrder,1771508438.994905,30531,6,1
5,StockLevel,1771508438.995517,19161,22,1
2,Payment,1771508438.997497,11146,21,1
2,Payment,1771508438.997954,10561,4,1
2,Payment,1771508438.998218,18303,19,1
1,NewOrder,1771508438.999261,16519,8,1
1,NewOrder,1771508438.999301,26500,11,1
2,Payment,1771508438.999594,8621,17,1
1,NewOrder,1771508438.999956,29777,0,1
3,OrderStatus,1771508439.000761,4119,9,1
1,NewOrder,1771508439.001474,7013,13,1
5,StockLevel,1771508439.001565,17344,18,1
1,NewOrder,1771508439.003126,37145,7,1
5,StockLevel,1771508439.004903,11643,9,1
2,Payment,1771508439.008240,9303,17,1
1,NewOrder,1771508439.008503,5940,13,1
2,Payment,1771508439.008539,8208,4,1
1,NewOrder,1771508439.008560,23271,20,1
4,Delivery,1771508439.008668,43881,21,1
1,NewOrder,1771508439.008694,28587,14,1
2,Payment,1771508439.010261,8769,3,1
1,NewOrder,1771508439.010773,27419,2,1
2,Payment,1771508439.010789,11953,1,1
5,StockLevel,1771508439.011068,20197,23,1
2,Payment,1771508439.011408,7272,10,1
2,Payment,1771508439.012271,7587,16,1
1,NewOrder,1771508439.014464,10190,13,1
2,Payment,1771508439.014691,4440,22,1
1,NewOrder,1771508439.015805,33483,8,1
4,Delivery,1771508439.016535,36362,19,1
2,Payment,1771508439.016571,6922,9,1
2,Payment,1771508439.016771,9605,4,1
1,NewOrder,1771508439.017569,38965,17,1
2,Payment,1771508439.018705,6293,10,1
1,NewOrder,1771508439.018923,32929,18,1
2,Payment,1771508439.019043,5321,3,1
5,StockLevel,1771508439.019141,18482,22,1
1,NewOrder,1771508439.019593,18910,5,1
2,Payment,1771508439.019867,5175,16,1
2,Payment,1771508439.020666,13426,15,1
1,NewOrder,1771508439.022350,24726,12,1
1,NewOrder,1771508439.022759,41522,1,1
1,NewOrder,1771508439.023504,21059,9,1
5,StockLevel,1771508439.024388,17427,3,1
1,NewOrder,1771508439.024679,6755,13,1
1,NewOrder,1771508439.025014,19668,10,1
1,NewOrder,1771508439.025054,26201,16,1
2,Payment,1771508439.025461,6768,6,1
2,Payment,1771508439.025811,8569,11,1
5,StockLevel,1771508439.026389,16752,4,1
1,NewOrder,1771508439.029757,14213,0,1
1,NewOrder,1771508439.031290,24808,23,1
1,NewOrder,1771508439.031457,4101,13,1
1,NewOrder,1771508439.031846,20662,20,1
2,Payment,1771508439.032240,8435,6,1
2,Payment,1771508439.034116,8284,15,1
1,NewOrder,1771508439.034404,30213,11,1
3,OrderStatus,1771508439.035583,1518,13,1
1,NewOrder,1771508439.037115,8895,13,1
1,NewOrder,1771508439.037294,23814,14,1
2,Payment,1771508439.037647,7962,22,1
1,NewOrder,1771508439.038203,31503,2,1
1,NewOrder,1771508439.038519,22520,5,1
2,Payment,1771508439.040282,7758,7,1
1,NewOrder,1771508439.040691,26392,6,1
1,NewOrder,1771508439.041828,22965,3,1
1,NewOrder,1771508439.042412,30156,15,1
2,Payment,1771508439.043152,8663,4,1
1,NewOrder,1771508439.043979,33561,0,1
5,StockLevel,1771508439.044571,11422,9,1
1,NewOrder,1771508439.044707,26032,10,1
2,Payment,1771508439.045634,6249,22,1
2,Payment,1771508439.046022,7666,13,1
1,NewOrder,1771508439.047100,22236,12,1
2,Payment,1771508439.048051,7479,7,1
1,NewOrder,1771508439.049320,14298,8,1
2,Payment,1771508439.051280,6192,16,1
2,Payment,1771508439.051828,8877,4,1
2,Payment,1771508439.051873,10538,18,1
1,NewOrder,1771508439.051909,27003,22,1
1,NewOrder,1771508439.052523,37237,20,1
5,StockLevel,1771508439.052573,19027,21,1
2,Payment,1771508439.052918,11667,19,1
2,Payment,1771508439.053699,8731,13,1
2,Payment,1771508439.055550,8687,7,1
1,NewOrder,1771508439.056019,33380,9,1
2,Payment,1771508439.056114,10047,23,1
5,StockLevel,1771508439.056549,16497,17,1
1,NewOrder,1771508439.057488,30319,16,1
3,OrderStatus,1771508439.060730,6577,4,1
1,NewOrder,1771508439.061050,17418,5,1
4,Delivery,1771508439.061124,29707,14,1
1,NewOrder,1771508439.062436,19848,18,1
2,Payment,1771508439.062455,7672,13,1
2,Payment,1771508439.063636,8411,8,1
4,Delivery,1771508439.064255,21821,7,1
2,Payment,1771508439.064306,8298,1,1
2,Payment,1771508439.064606,3446,19,1
1,NewOrder,1771508439.064643,22474,11,1
2,Payment,1771508439.064817,9245,3,1
3,OrderStatus,1771508439.066176,4074,23,1
1,NewOrder,1771508439.067109,25570,6,1
2,Payment,1771508439.067330,10784,4,1
2,Payment,1771508439.068069,2082,19,1
1,NewOrder,1771508439.069360,25280,12,1
2,Payment,1771508439.069721,5861,2,1
2,Payment,1771508439.070136,8459,13,1
2,Payment,1771508439.070162,2306,19,1
2,Payment,1771508439.070274,7881,23,1
1,NewOrder,1771508439.070763,26080,10,1
2,Payment,1771508439.071625,11440,21,1
2,Payment,1771508439.072072,8249,8,1
2,Payment,1771508439.072480,8731,19,1
1,NewOrder,1771508439.072576,36105,15,1
1,NewOrder,1771508439.072620,27539,1,1
1,NewOrder,1771508439.073062,38871,17,1
3,OrderStatus,1771508439.074078,920,3,1
2,Payment,1771508439.075009,7754,3,1
5,StockLevel,1771508439.075598,14406,2,1
2,Payment,1771508439.077551,7674,0,1
1,NewOrder,1771508439.078123,32232,4,1
5,StockLevel,1771508439.078179,14629,23,1
1,NewOrder,1771508439.078492,36527,5,1
2,Payment,1771508439.078618,8188,13,1
1,NewOrder,1771508439.078922,38460,22,1
1,NewOrder,1771508439.080345,21219,8,1
2,Payment,1771508439.081221,3240,19,1
1,NewOrder,1771508439.082297,32594,18,1
1,NewOrder,1771508439.082788,27144,3,1
2,Payment,1771508439.083089,5643,21,1
4,Delivery,1771508439.084486,17362,19,1
2,Payment,1771508439.085249,5090,0,1
2,Payment,1771508439.086087,6970,7,1
4,Delivery,1771508439.086830,4596,13,1
2,Payment,1771508439.087138,8721,11,1
2,Payment,1771508439.087820,5378,16,1
2,Payment,1771508439.088747,6117,21,1
2,Payment,1771508439.089413,12913,9,1
1,NewOrder,1771508439.089785,35070,20,1
2,Payment,1771508439.090018,7216,2,1
1,NewOrder,1771508439.090348,37095,0,1
2,Payment,1771508439.090855,7690,14,1
1,NewOrder,1771508439.091440,14316,13,1
2,Payment,1771508439.092703,11590,6,1
2,Payment,1771508439.092832,7773,23,1
2,Payment,1771508439.093068,7495,7,1
5,StockLevel,1771508439.093222,17454,16,1
1,NewOrder,1771508439.094665,35896,12,1
2,Payment,1771508439.094875,7441,21,1
1,NewOrder,1771508439.095872,33987,11,1
1,NewOrder,1771508439.096854,37191,10,1
3,OrderStatus,1771508439.097259,4683,2,1
1,NewOrder,1771508439.098568,26253,14,1
1,NewOrder,1771508439.100172,37621,1,1
1,NewOrder,1771508439.100580,24266,7,1
1,NewOrder,1771508439.100629,35823,23,1
2,Payment,1771508439.101589,11159,8,1
2,Payment,1771508439.101861,1986,19,1
2,Payment,1771508439.101974,12941,2,1
1,NewOrder,1771508439.102340,28196,21,1
1,NewOrder,1771508439.102351,26374,9,1
1,NewOrder,1771508439.103860,3935,19,1
1,NewOrder,1771508439.104306,23126,6,1
2,Payment,1771508439.105777,7971,13,1
2,Payment,1771508439.107810,2507,19,1
1,NewOrder,1771508439.108705,31236,15,1
2,Payment,1771508439.109956,9756,3,1
1,NewOrder,1771508439.110332,4841,19,1
2,Payment,1771508439.111957,3279,17,1
2,Payment,1771508439.112763,9708,8,1
1,NewOrder,1771508439.113762,38176,13,1
2,Payment,1771508439.114913,9313,18,1
1,NewOrder,1771508439.114927,33460,2,1
3,OrderStatus,1771508439.115187,767,19,1
2,Payment,1771508439.115248,1418,17,1
2,Payment,1771508439.115968,11425,19,1
2,Payment,1771508439.116681,2461,17,1
1,NewOrder,1771508439.117395,33657,22,1
2,Payment,1771508439.119154,7706,17,1
2,Payment,1771508439.119736,7729,3,1
2,Payment,1771508439.122485,6189,8,1
2,Payment,1771508439.124241,9457,18,1
2,Payment,1771508439.124863,6986,7,1
5,StockLevel,1771508439.124867,17223,20,1
1,NewOrder,1771508439.126884,16457,17,1
2,Payment,1771508439.127418,1630,19,1
2,Payment,1771508439.127457,7765,0,1
4,Delivery,1771508439.127457,11851,6,1
2,Payment,1771508439.128682,11046,8,1
2,Payment,1771508439.128739,8985,9,1
1,NewOrder,1771508439.129064,4953,19,1
1,NewOrder,1771508439.129885,22976,11,1
2,Payment,1771508439.130560,7168,21,1
2,Payment,1771508439.133711,7404,18,1
2,Payment,1771508439.134030,5660,19,1
3,OrderStatus,1771508439.134057,10385,10,1
2,Payment,1771508439.136476,7235,23,1
5,StockLevel,1771508439.137736,14505,9,1
2,Payment,1771508439.137826,5858,1,1
4,Delivery,1771508439.139323,11244,6,1
2,Payment,1771508439.139965,6744,15,1
2,Payment,1771508439.141125,6022,18,1
2,Payment,1771508439.142114,8855,20,1
2,Payment,1771508439.144455,6686,10,1
