Transaction Type Index,Transaction Name,Start Time (microseconds),Latency (microseconds),Worker Id (start number),Phase Id (index in config file)
1,NewOrder,1772287714.116939,80837,23,1
2,Payment,1772287714.116940,118404,4,1
1,NewOrder,1772287714.116941,115141,1,1
1,NewOrder,1772287714.116942,102747,8,1
1,NewOrder,1772287714.116942,92992,0,1
1,NewOrder,1772287714.116943,86919,2,1
2,Payment,1772287714.116949,63293,5,1
2,Payment,1772287714.117008,88123,3,1
2,Payment,1772287714.117157,55939,7,1
2,Payment,1772287714.117371,84868,9,1
2,Payment,1772287714.132916,102017,10,1
5,StockLevel,1772287714.132929,47939,22,1
2,Payment,1772287714.132942,123812,21,1
2,Payment,1772287714.132956,76030,20,1
2,Payment,1772287714.132971,52525,19,1
2,Payment,1772287714.132985,37783,16,1
1,NewOrder,1772287714.132994,66310,15,1
1,NewOrder,1772287714.133005,74696,14,1
2,Payment,1772287714.133016,56000,13,1
3,OrderStatus,1772287714.134725,34418,17,1
1,NewOrder,1772287714.134744,67955,12,1
1,NewOrder,1772287714.134752,59153,11,1
2,Payment,1772287714.134763,101626,18,1
1,NewOrder,1772287714.134777,83339,6,1
2,Payment,1772287714.169253,38594,17,1
1,NewOrder,1772287714.170801,43046,16,1
5,StockLevel,1772287714.173127,20847,7,1
2,Payment,1772287714.180317,64945,5,1
2,Payment,1772287714.180896,86698,22,1
2,Payment,1772287714.185525,116868,19,1
1,NewOrder,1772287714.189047,31778,13,1
1,NewOrder,1772287714.193934,20048,11,1
2,Payment,1772287714.193997,25020,7,1
1,NewOrder,1772287714.197811,14044,23,1
2,Payment,1772287714.199338,15994,15,1
2,Payment,1772287714.202270,43859,9,1
2,Payment,1772287714.202728,23910,12,1
1,NewOrder,1772287714.203890,29192,2,1
1,NewOrder,1772287714.205161,68218,3,1
1,NewOrder,1772287714.207736,38357,14,1
1,NewOrder,1772287714.207866,46955,17,1
1,NewOrder,1772287714.209012,49319,20,1
1,NewOrder,1772287714.209961,36159,0,1
1,NewOrder,1772287714.211872,21761,23,1
2,Payment,1772287714.213864,19806,16,1
1,NewOrder,1772287714.214003,16015,11,1
1,NewOrder,1772287714.215350,15330,15,1
1,NewOrder,1772287714.218149,29263,6,1
2,Payment,1772287714.219037,33700,7,1
4,Delivery,1772287714.219717,55265,8,1
3,OrderStatus,1772287714.220842,4269,13,1
1,NewOrder,1772287714.225128,16967,13,1
2,Payment,1772287714.226658,16057,12,1
2,Payment,1772287714.230041,33285,11,1
4,Delivery,1772287714.230696,42036,15,1
2,Payment,1772287714.232110,26068,1,1
1,NewOrder,1772287714.233100,35590,2,1
2,Payment,1772287714.233651,42697,23,1
1,NewOrder,1772287714.233697,23885,16,1
5,StockLevel,1772287714.234963,24565,10,1
1,NewOrder,1772287714.235369,66561,4,1
2,Payment,1772287714.236417,46238,18,1
1,NewOrder,1772287714.242112,15517,13,1
1,NewOrder,1772287714.242733,19908,12,1
3,OrderStatus,1772287714.245283,9224,5,1
2,Payment,1772287714.246113,16088,14,1
2,Payment,1772287714.246144,24466,0,1
1,NewOrder,1772287714.246147,38784,9,1
2,Payment,1772287714.247430,30175,6,1
2,Payment,1772287714.252763,37811,7,1
2,Payment,1772287714.254529,25761,5,1
2,Payment,1772287714.254841,14505,17,1
1,NewOrder,1772287714.256786,56054,21,1
1,NewOrder,1772287714.257602,13740,16,1
2,Payment,1772287714.257648,36794,13,1
2,Payment,1772287714.258197,42334,1,1
2,Payment,1772287714.258350,37267,20,1
2,Payment,1772287714.259543,47161,10,1
1,NewOrder,1772287714.262216,36659,14,1
1,NewOrder,1772287714.262662,15736,12,1
2,Payment,1772287714.263356,33489,11,1
3,OrderStatus,1772287714.267615,5240,22,1
2,Payment,1772287714.268709,50408,2,1
1,NewOrder,1772287714.269362,34437,17,1
1,NewOrder,1772287714.270629,29499,0,1
1,NewOrder,1772287714.271360,12638,16,1
2,Payment,1772287714.272748,29003,15,1
2,Payment,1772287714.272873,51078,22,1
2,Payment,1772287714.273398,33715,3,1
1,NewOrder,1772287714.274999,26424,8,1
2,Payment,1772287714.276367,35018,23,1
2,Payment,1772287714.277622,44904,6,1
1,NewOrder,1772287714.278415,11777,12,1
1,NewOrder,1772287714.280301,47309,5,1
1,NewOrder,1772287714.282676,44393,18,1
1,NewOrder,1772287714.284016,18328,16,1
1,NewOrder,1772287714.284949,12013,9,1
1,NewOrder,1772287714.290212,15897,12,1
2,Payment,1772287714.290592,47680,7,1
4,Delivery,1772287714.294467,25825,13,1
2,Payment,1772287714.295651,43985,20,1
1,NewOrder,1772287714.296863,20975,11,1
2,Payment,1772287714.296983,51215,9,1
2,Payment,1772287714.298895,8180,14,1
2,Payment,1772287714.300146,36642,0,1
1,NewOrder,1772287714.300552,17607,1,1
1,NewOrder,1772287714.301440,22778,8,1
2,Payment,1772287714.301765,15382,15,1
1,NewOrder,1772287714.301951,17855,4,1
1,NewOrder,1772287714.302365,29426,16,1
4,Delivery,1772287714.302414,46666,19,1
2,Payment,1772287714.303814,20896,17,1
1,NewOrder,1772287714.306127,38551,12,1
1,NewOrder,1772287714.306722,76942,10,1
2,Payment,1772287714.307089,31753,14,1
2,Payment,1772287714.307133,65607,3,1
1,NewOrder,1772287714.311406,27778,23,1
1,NewOrder,1772287714.312860,14721,21,1
2,Payment,1772287714.317166,15808,15,1
1,NewOrder,1772287714.317857,25291,11,1
1,NewOrder,1772287714.318178,15998,1,1
2,Payment,1772287714.319135,33715,2,1
1,NewOrder,1772287714.319821,12450,4,1
2,Payment,1772287714.320311,24400,13,1
1,NewOrder,1772287714.322544,49667,6,1
3,OrderStatus,1772287714.323969,7420,22,1
4,Delivery,1772287714.324237,20023,8,1
1,NewOrder,1772287714.324753,16275,17,1
1,NewOrder,1772287714.327090,34666,18,1
1,NewOrder,1772287714.327604,11201,21,1
2,Payment,1772287714.327628,52518,5,1
1,NewOrder,1772287714.331410,49263,22,1
1,NewOrder,1772287714.331809,30470,16,1
1,NewOrder,1772287714.332289,14090,4,1
1,NewOrder,1772287714.332994,41094,15,1
2,Payment,1772287714.334191,51393,1,1
2,Payment,1772287714.336804,25544,0,1
2,Payment,1772287714.338296,19114,7,1
1,NewOrder,1772287714.338824,13147,21,1
3,OrderStatus,1772287714.338862,4265,14,1
2,Payment,1772287714.339202,14312,23,1
4,Delivery,1772287714.339651,9718,20,1
2,Payment,1772287714.341047,8001,17,1
1,NewOrder,1772287714.343144,10024,14,1
1,NewOrder,1772287714.343168,41897,11,1
2,Payment,1772287714.344280,26469,8,1
1,NewOrder,1772287714.344697,18077,12,1
2,Payment,1772287714.344728,8469,13,1
2,Payment,1772287714.346399,48573,4,1
1,NewOrder,1772287714.348218,29955,9,1
2,Payment,1772287714.349071,9710,17,1
2,Payment,1772287714.349109,14812,19,1
1,NewOrder,1772287714.349390,29422,20,1
2,Payment,1772287714.351990,27369,21,1
2,Payment,1772287714.352868,49331,2,1
4,Delivery,1772287714.353188,41242,14,1
1,NewOrder,1772287714.353210,21914,13,1
4,Delivery,1772287714.353533,100688,23,1
1,NewOrder,1772287714.357429,41506,7,1
1,NewOrder,1772287714.358800,17367,17,1
2,Payment,1772287714.361777,13241,18,1
5,StockLevel,1772287714.362297,42877,16,1
1,NewOrder,1772287714.362372,26520,0,1
2,Payment,1772287714.362794,19232,12,1
1,NewOrder,1772287714.363936,34937,19,1
1,NewOrder,1772287714.370778,17558,8,1
1,NewOrder,1772287714.372235,26106,6,1
2,Payment,1772287714.372761,38057,3,1
2,Payment,1772287714.374107,15483,15,1
2,Payment,1772287714.375037,10626,18,1
2,Payment,1772287714.375144,22157,13,1
2,Payment,1772287714.376183,34726,17,1
1,NewOrder,1772287714.378194,27496,9,1
2,Payment,1772287714.378832,14359,20,1
2,Payment,1772287714.379374,25179,21,1
1,NewOrder,1772287714.380163,28854,5,1
2,Payment,1772287714.380689,33141,22,1
2,Payment,1772287714.382044,23115,12,1
1,NewOrder,1772287714.383682,23807,10,1
1,NewOrder,1772287714.385083,25102,11,1
1,NewOrder,1772287714.385601,22559,1,1
1,NewOrder,1772287714.385685,30877,18,1
2,Payment,1772287714.388361,12933,8,1
5,StockLevel,1772287714.388914,25746,0,1
1,NewOrder,1772287714.389607,31745,15,1
2,Payment,1772287714.393216,28961,20,1
1,NewOrder,1772287714.394450,22421,14,1
2,Payment,1772287714.394989,21962,4,1
2,Payment,1772287714.397321,24822,13,1
5,StockLevel,1772287714.398357,27812,6,1
2,Payment,1772287714.398893,31559,19,1
2,Payment,1772287714.398953,21577,7,1
2,Payment,1772287714.401314,13000,8,1
1,NewOrder,1772287714.402219,24130,2,1
1,NewOrder,1772287714.404571,20932,21,1
1,NewOrder,1772287714.405177,29059,12,1
1,NewOrder,1772287714.405197,17456,16,1
2,Payment,1772287714.405704,44414,9,1
2,Payment,1772287714.407513,20340,10,1
3,OrderStatus,1772287714.408179,7646,1,1
2,Payment,1772287714.409035,15969,5,1
1,NewOrder,1772287714.410206,24518,11,1
2,Payment,1772287714.410836,25837,3,1
5,StockLevel,1772287714.410926,25053,17,1
1,NewOrder,1772287714.413849,22285,22,1
2,Payment,1772287714.414334,21153,8,1
1,NewOrder,1772287714.414676,25161,0,1
1,NewOrder,1772287714.415853,21791,1,1
2,Payment,1772287714.416583,25678,18,1
1,NewOrder,1772287714.416888,16460,14,1
1,NewOrder,1772287714.416967,30883,4,1
2,Payment,1772287714.420551,22371,7,1
2,Payment,1772287714.421373,10735,15,1
1,NewOrder,1772287714.422163,26711,13,1
2,Payment,1772287714.422195,32089,20,1
2,Payment,1772287714.422671,15453,16,1
1,NewOrder,1772287714.425023,24491,5,1
1,NewOrder,1772287714.425524,31879,21,1
1,NewOrder,1772287714.426183,27624,6,1
1,NewOrder,1772287714.426371,30182,2,1
1,NewOrder,1772287714.427870,28106,10,1
1,NewOrder,1772287714.430475,37221,19,1
1,NewOrder,1772287714.432128,33341,15,1
2,Payment,1772287714.433371,10638,14,1
2,Payment,1772287714.434256,17630,12,1
2,Payment,1772287714.434747,22749,11,1
2,Payment,1772287714.435506,31612,8,1
1,NewOrder,1772287714.435994,42219,17,1
2,Payment,1772287714.436153,27407,22,1
1,NewOrder,1772287714.436684,51008,3,1
2,Payment,1772287714.437664,10740,1,1
1,NewOrder,1772287714.438145,26749,16,1
1,NewOrder,1772287714.439855,21242,0,1
4,Delivery,1772287714.442277,12297,18,1
2,Payment,1772287714.442941,34697,7,1
1,NewOrder,1772287714.444027,29494,14,1
4,Delivery,1772287714.447871,116220,4,1
2,Payment,1772287714.448436,9771,1,1
5,StockLevel,1772287714.448910,29234,13,1
2,Payment,1772287714.449531,15967,5,1
1,NewOrder,1772287714.450136,15570,9,1
1,NewOrder,1772287714.451909,26550,12,1
1,NewOrder,1772287714.453823,25441,6,1
2,Payment,1772287714.454239,17895,23,1
1,NewOrder,1772287714.454306,33839,20,1
1,NewOrder,1772287714.454592,30600,18,1
3,OrderStatus,1772287714.455988,10914,10,1
1,NewOrder,1772287714.456567,24500,2,1
1,NewOrder,1772287714.457420,24272,21,1
2,Payment,1772287714.457507,26907,11,1
4,Delivery,1772287714.458225,106310,1,1
2,Payment,1772287714.461119,14254,0,1
1,NewOrder,1772287714.463585,22022,22,1
2,Payment,1772287714.464914,9376,16,1
2,Payment,1772287714.465487,16184,15,1
1,NewOrder,1772287714.465524,21325,5,1
1,NewOrder,1772287714.465727,27992,9,1
1,NewOrder,1772287714.466927,27935,10,1
2,Payment,1772287714.467132,25272,8,1
2,Payment,1772287714.467715,15209,19,1
1,NewOrder,1772287714.472155,22014,23,1
1,NewOrder,1772287714.473536,21404,14,1
2,Payment,1772287714.474303,15089,16,1
2,Payment,1772287714.475391,10150,0,1
1,NewOrder,1772287714.477657,36965,7,1
2,Payment,1772287714.478155,23811,13,1
2,Payment,1772287714.478234,17869,17,1
2,Payment,1772287714.478477,57053,12,1
3,OrderStatus,1772287714.479283,6276,6,1
2,Payment,1772287714.481086,13118,2,1
2,Payment,1772287714.481695,25456,15,1
2,Payment,1772287714.481717,9622,21,1
2,Payment,1772287714.482940,16710,19,1
2,Payment,1772287714.484437,13834,11,1
2,Payment,1772287714.485209,21306,18,1
1,NewOrder,1772287714.485569,11909,0,1
1,NewOrder,1772287714.485581,24189,6,1
1,NewOrder,1772287714.485630,24673,22,1
1,NewOrder,1772287714.486865,29128,5,1
1,NewOrder,1772287714.487710,43959,3,1
1,NewOrder,1772287714.488161,18897,20,1
2,Payment,1772287714.489404,55135,16,1
2,Payment,1772287714.491354,24198,21,1
2,Payment,1772287714.492422,10136,8,1
3,OrderStatus,1772287714.493738,5200,9,1
2,Payment,1772287714.494184,36012,23,1
3,OrderStatus,1772287714.494222,4615,2,1
1,NewOrder,1772287714.494878,28061,10,1
1,NewOrder,1772287714.494952,18465,14,1
2,Payment,1772287714.496123,16570,17,1
1,NewOrder,1772287714.497491,19011,0,1
1,NewOrder,1772287714.498287,15562,11,1
2,Payment,1772287714.498851,10322,2,1
2,Payment,1772287714.498953,11334,9,1
1,NewOrder,1772287714.499664,34493,19,1
1,NewOrder,1772287714.501981,43803,13,1
1,NewOrder,1772287714.502576,23994,8,1
2,Payment,1772287714.506530,31110,18,1
1,NewOrder,1772287714.507075,44903,20,1
2,Payment,1772287714.507166,14168,15,1
2,Payment,1772287714.509186,7932,2,1
1,NewOrder,1772287714.509785,37522,6,1
1,NewOrder,1772287714.510304,16289,9,1
1,NewOrder,1772287714.510319,33717,22,1
2,Payment,1772287714.512706,16498,17,1
1,NewOrder,1772287714.513433,10979,14,1
1,NewOrder,1772287714.513866,12321,11,1
1,NewOrder,1772287714.514638,23361,7,1
5,StockLevel,1772287714.515564,34401,21,1
2,Payment,1772287714.516009,7750,5,1
2,Payment,1772287714.516515,19869,0,1
2,Payment,1772287714.517134,13095,2,1
1,NewOrder,1772287714.521352,33870,15,1
5,StockLevel,1772287714.522957,26739,10,1
3,OrderStatus,1772287714.523774,2165,5,1
2,Payment,1772287714.524427,30011,14,1
1,NewOrder,1772287714.525957,32476,5,1
2,Payment,1772287714.526201,7108,11,1
1,NewOrder,1772287714.526587,25957,8,1
4,Delivery,1772287714.526603,60839,9,1
3,OrderStatus,1772287714.529219,8047,17,1
4,Delivery,1772287714.530212,52169,23,1
1,NewOrder,1772287714.530246,24808,2,1
1,NewOrder,1772287714.531686,34649,3,1
1,NewOrder,1772287714.533322,25137,11,1
1,NewOrder,1772287714.534175,35234,19,1
1,NewOrder,1772287714.535545,33059,12,1
1,NewOrder,1772287714.536402,16571,0,1
5,StockLevel,1772287714.537282,14754,17,1
5,StockLevel,1772287714.537659,29184,18,1
2,Payment,1772287714.538014,8767,7,1
1,NewOrder,1772287714.544055,24084,22,1
1,NewOrder,1772287714.544559,32689,16,1
3,OrderStatus,1772287714.545800,5362,13,1
2,Payment,1772287714.546798,9801,7,1
1,NewOrder,1772287714.547319,31887,6,1
2,Payment,1772287714.549712,14904,10,1
4,Delivery,1772287714.549976,32778,21,1
1,NewOrder,1772287714.551177,17412,13,1
2,Payment,1772287714.551995,10412,20,1
2,Payment,1772287714.552053,14951,17,1
1,NewOrder,1772287714.552557,19850,8,1
1,NewOrder,1772287714.552988,29323,0,1
1,NewOrder,1772287714.554450,17942,14,1
1,NewOrder,1772287714.555067,22782,2,1
2,Payment,1772287714.555238,18027,15,1
1,NewOrder,1772287714.556612,23166,7,1
1,NewOrder,1772287714.558450,29599,5,1
2,Payment,1772287714.558474,13969,11,1
2,Payment,1772287714.562422,9327,20,1
1,NewOrder,1772287714.564106,18453,4,1
4,Delivery,1772287714.564551,29993,1,1
2,Payment,1772287714.564632,16971,10,1
2,Payment,1772287714.566353,10554,3,1
2,Payment,1772287714.566856,10421,18,1
2,Payment,1772287714.567019,10280,17,1
3,OrderStatus,1772287714.568156,5988,22,1
3,OrderStatus,1772287714.568604,6240,13,1
5,StockLevel,1772287714.568618,19725,12,1
4,Delivery,1772287714.569428,13384,19,1
1,NewOrder,1772287714.571769,23055,20,1
1,NewOrder,1772287714.572411,21828,14,1
2,Payment,1772287714.572422,14356,8,1
2,Payment,1772287714.572460,19521,11,1
2,Payment,1772287714.573275,8989,15,1
2,Payment,1772287714.574159,14813,22,1
2,Payment,1772287714.574856,15700,13,1
2,Payment,1772287714.576927,11630,3,1
2,Payment,1772287714.577266,23037,16,1
3,OrderStatus,1772287714.577292,9571,18,1
2,Payment,1772287714.577312,29085,17,1
1,NewOrder,1772287714.577861,20214,2,1
2,Payment,1772287714.579221,20681,6,1
1,NewOrder,1772287714.579791,30863,7,1
1,NewOrder,1772287714.581620,19766,10,1
2,Payment,1772287714.582280,44975,15,1
2,Payment,1772287714.582325,10575,0,1
5,StockLevel,1772287714.582393,23087,23,1
4,Delivery,1772287714.582572,12257,4,1
5,StockLevel,1772287714.582771,10758,21,1
2,Payment,1772287714.582826,11771,19,1
2,Payment,1772287714.586797,19232,8,1
1,NewOrder,1772287714.586878,16513,18,1
1,NewOrder,1772287714.587477,23876,9,1
2,Payment,1772287714.588065,8517,5,1
1,NewOrder,1772287714.588360,14778,12,1
2,Payment,1772287714.588571,27083,3,1
2,Payment,1772287714.588985,11355,22,1
1,NewOrder,1772287714.590610,28592,13,1
1,NewOrder,1772287714.591995,23211,11,1
2,Payment,1772287714.592915,8925,0,1
1,NewOrder,1772287714.593543,29766,21,1
2,Payment,1772287714.594252,17768,14,1
2,Payment,1772287714.594561,13631,1,1
1,NewOrder,1772287714.594607,25234,19,1
1,NewOrder,1772287714.594835,26705,20,1
2,Payment,1772287714.594842,27431,4,1
4,Delivery,1772287714.596596,65716,5,1
2,Payment,1772287714.598088,40486,2,1
2,Payment,1772287714.599916,14819,6,1
2,Payment,1772287714.600317,21650,16,1
2,Payment,1772287714.600352,7900,22,1
3,OrderStatus,1772287714.601401,4477,10,1
1,NewOrder,1772287714.601854,13180,0,1
2,Payment,1772287714.603155,12088,12,1
1,NewOrder,1772287714.603401,16459,18,1
1,NewOrder,1772287714.605497,37626,23,1
2,Payment,1772287714.605898,24739,10,1
2,Payment,1772287714.606042,13510,8,1
4,Delivery,1772287714.606412,63680,17,1
2,Payment,1772287714.608206,26757,1,1
2,Payment,1772287714.608265,8577,22,1
2,Payment,1772287714.610668,11752,7,1
2,Payment,1772287714.611366,33476,9,1
1,NewOrder,1772287714.612028,11890,14,1
2,Payment,1772287714.614746,25168,6,1
1,NewOrder,1772287714.615043,12998,0,1
2,Payment,1772287714.615218,34067,11,1
2,Payment,1772287714.615253,22682,12,1
1,NewOrder,1772287714.615668,23425,3,1
2,Payment,1772287714.616850,7465,22,1
2,Payment,1772287714.619214,15304,13,1
1,NewOrder,1772287714.619564,12660,8,1
2,Payment,1772287714.619852,10286,19,1
1,NewOrder,1772287714.619870,21988,18,1
2,Payment,1772287714.621551,17569,20,1
1,NewOrder,1772287714.621980,31582,16,1
2,Payment,1772287714.622283,28199,4,1
2,Payment,1772287714.622431,34465,7,1
1,NewOrder,1772287714.623322,19190,21,1
2,Payment,1772287714.623928,19599,14,1
4,Delivery,1772287714.624322,82570,22,1
1,NewOrder,1772287714.627269,23728,15,1
1,NewOrder,1772287714.628055,7951,0,1
2,Payment,1772287714.630151,14327,19,1
1,NewOrder,1772287714.630652,28468,10,1
1,NewOrder,1772287714.632237,15545,8,1
2,Payment,1772287714.634531,26009,13,1
2,Payment,1772287714.634970,29332,1,1
2,Payment,1772287714.636020,33959,0,1
2,Payment,1772287714.637949,31415,12,1
1,NewOrder,1772287714.638585,21908,2,1
2,Payment,1772287714.639102,48976,3,1
2,Payment,1772287714.639132,9218,20,1
2,Payment,1772287714.639921,26165,6,1
1,NewOrder,1772287714.641873,18206,18,1
1,NewOrder,1772287714.642523,15839,21,1
1,NewOrder,1772287714.643134,18081,23,1
4,Delivery,1772287714.643539,26894,14,1
2,Payment,1772287714.644485,10797,19,1
1,NewOrder,1772287714.644850,28376,9,1
4,Delivery,1772287714.647792,22672,8,1
1,NewOrder,1772287714.648362,30185,20,1
5,StockLevel,1772287714.649300,24991,11,1
2,Payment,1772287714.650495,30299,4,1
1,NewOrder,1772287714.651008,22224,15,1
1,NewOrder,1772287714.653570,17151,16,1
2,Payment,1772287714.655297,5949,19,1
1,NewOrder,1772287714.656909,27689,7,1
2,Payment,1772287714.658373,9451,21,1
4,Delivery,1772287714.659135,11594,10,1
2,Payment,1772287714.660094,12160,18,1
1,NewOrder,1772287714.660503,19927,2,1
1,NewOrder,1772287714.660555,58426,13,1
2,Payment,1772287714.661224,19531,23,1
1,NewOrder,1772287714.661257,27104,19,1
2,Payment,1772287714.662327,40714,5,1
1,NewOrder,1772287714.664313,23686,1,1
1,NewOrder,1772287714.666100,29210,6,1
1,NewOrder,1772287714.667837,24020,21,1
1,NewOrder,1772287714.669377,22018,12,1
2,Payment,1772287714.669993,27769,0,1
2,Payment,1772287714.670103,7583,17,1
1,NewOrder,1772287714.670444,17195,14,1
2,Payment,1772287714.670475,7707,8,1
2,Payment,1772287714.670730,14803,16,1
2,Payment,1772287714.670739,15660,10,1
5,StockLevel,1772287714.672265,12149,18,1
2,Payment,1772287714.673239,17978,9,1
2,Payment,1772287714.673244,18367,15,1
1,NewOrder,1772287714.674305,16312,11,1
1,NewOrder,1772287714.677701,44812,17,1
1,NewOrder,1772287714.678192,14754,8,1
4,Delivery,1772287714.678558,28598,20,1
1,NewOrder,1772287714.680443,14172,2,1
5,StockLevel,1772287714.680767,12349,23,1
1,NewOrder,1772287714.680807,32150,4,1
2,Payment,1772287714.684431,10077,18,1
2,Payment,1772287714.684611,8847,7,1
1,NewOrder,1772287714.685543,28678,16,1
1,NewOrder,1772287714.686410,35045,10,1
2,Payment,1772287714.687651,16760,14,1
2,Payment,1772287714.688008,21459,1,1
1,NewOrder,1772287714.688087,41704,3,1
1,NewOrder,1772287714.688368,24976,19,1
1,NewOrder,1772287714.690630,13780,11,1
2,Payment,1772287714.691227,4512,9,1
1,NewOrder,1772287714.691404,35572,12,1
2,Payment,1772287714.691622,20818,15,1
2,Payment,1772287714.691870,9764,21,1
1,NewOrder,1772287714.692957,15453,8,1
1,NewOrder,1772287714.693124,39387,23,1
2,Payment,1772287714.693466,4924,7,1
1,NewOrder,1772287714.694516,36304,18,1
2,Payment,1772287714.694630,20851,2,1
2,Payment,1772287714.695317,7685,6,1
4,Delivery,1772287714.695752,28856,9,1
2,Payment,1772287714.697778,24804,0,1
1,NewOrder,1772287714.698400,15831,7,1
2,Payment,1772287714.701645,12545,21,1
2,Payment,1772287714.703013,6413,6,1
2,Payment,1772287714.703090,24895,5,1
1,NewOrder,1772287714.704452,8951,11,1
1,NewOrder,1772287714.704452,35740,14,1
5,StockLevel,1772287714.706904,18579,22,1
1,NewOrder,1772287714.707167,30917,20,1
3,OrderStatus,1772287714.708421,2654,8,1
1,NewOrder,1772287714.709438,16534,6,1
2,Payment,1772287714.709477,22181,1,1
2,Payment,1772287714.711084,5437,8,1
4,Delivery,1772287714.712458,57690,15,1
1,NewOrder,1772287714.712968,48691,4,1
5,StockLevel,1772287714.713357,29342,19,1
1,NewOrder,1772287714.713413,19134,11,1
2,Payment,1772287714.714205,16336,21,1
1,NewOrder,1772287714.714232,19162,16,1
2,Payment,1772287714.714244,8301,7,1
2,Payment,1772287714.715490,23569,2,1
1,NewOrder,1772287714.716528,10356,8,1
1,NewOrder,1772287714.718998,33669,13,1
2,Payment,1772287714.721466,10160,10,1
1,NewOrder,1772287714.722527,16442,17,1
3,OrderStatus,1772287714.722559,4230,7,1
1,NewOrder,1772287714.722596,27898,0,1
2,Payment,1772287714.724621,14391,9,1
2,Payment,1772287714.725533,10464,22,1
1,NewOrder,1772287714.726000,12936,6,1
2,Payment,1772287714.726813,23722,7,1
4,Delivery,1772287714.726911,17190,8,1
1,NewOrder,1772287714.726985,44272,12,1
2,Payment,1772287714.727993,15147,5,1
4,Delivery,1772287714.729801,80741,3,1
2,Payment,1772287714.730550,13537,21,1
1,NewOrder,1772287714.730826,22845,18,1
2,Payment,1772287714.731634,15212,10,1
5,StockLevel,1772287714.731668,6816,1,1
1,NewOrder,1772287714.732517,28021,23,1
2,Payment,1772287714.732556,24324,11,1
1,NewOrder,1772287714.733401,33268,16,1
4,Delivery,1772287714.736007,62946,22,1
1,NewOrder,1772287714.738093,29891,20,1
2,Payment,1772287714.738495,7225,1,1
2,Payment,1772287714.738945,36765,6,1
1,NewOrder,1772287714.738977,11587,17,1
2,Payment,1772287714.739019,29907,9,1
1,NewOrder,1772287714.739070,13663,2,1
1,NewOrder,1772287714.740200,28780,14,1
2,Payment,1772287714.742704,11014,19,1
2,Payment,1772287714.743150,6132,5,1
1,NewOrder,1772287714.744098,35235,21,1
2,Payment,1772287714.744110,49461,8,1
1,NewOrder,1772287714.745727,17314,1,1
2,Payment,1772287714.746855,17272,10,1
1,NewOrder,1772287714.749293,13770,5,1
1,NewOrder,1772287714.750506,12508,0,1
1,NewOrder,1772287714.750547,13898,7,1
1,NewOrder,1772287714.750574,18723,17,1
2,Payment,1772287714.752675,12402,13,1
4,Delivery,1772287714.752742,58305,2,1
5,StockLevel,1772287714.753688,13709,18,1
1,NewOrder,1772287714.753729,26684,19,1
2,Payment,1772287714.756889,41589,11,1
1,NewOrder,1772287714.760548,26726,23,1
2,Payment,1772287714.761668,12844,4,1
2,Payment,1772287714.763027,14460,0,1
1,NewOrder,1772287714.763054,12617,1,1
1,NewOrder,1772287714.763070,12694,5,1
2,Payment,1772287714.764137,19620,10,1
1,NewOrder,1772287714.764454,12162,7,1
2,Payment,1772287714.765085,7057,13,1
3,OrderStatus,1772287714.766680,8713,16,1
3,OrderStatus,1772287714.767406,9704,18,1
1,NewOrder,1772287714.767998,37658,20,1
1,NewOrder,1772287714.768934,8575,9,1
1,NewOrder,1772287714.768990,16161,14,1
1,NewOrder,1772287714.769307,7256,17,1
2,Payment,1772287714.770155,11051,15,1
1,NewOrder,1772287714.771265,21930,12,1
5,StockLevel,1772287714.772150,37735,13,1
1,NewOrder,1772287714.774531,30737,4,1
2,Payment,1772287714.775412,14077,16,1
2,Payment,1772287714.775687,6758,1,1
2,Payment,1772287714.775720,14935,6,1
2,Payment,1772287714.775776,16048,5,1
1,NewOrder,1772287714.776575,8593,17,1
1,NewOrder,1772287714.776624,11405,7,1
2,Payment,1772287714.777127,9343,18,1
1,NewOrder,1772287714.777495,6369,0,1
2,Payment,1772287714.777519,25579,9,1
2,Payment,1772287714.779343,10455,21,1
1,NewOrder,1772287714.780426,36808,19,1
1,NewOrder,1772287714.781216,29175,15,1
1,NewOrder,1772287714.782455,27164,1,1
1,NewOrder,1772287714.783770,23609,10,1
1,NewOrder,1772287714.783875,12125,0,1
2,Payment,1772287714.785160,11307,14,1
1,NewOrder,1772287714.785177,8417,17,1
2,Payment,1772287714.786478,10476,18,1
1,NewOrder,1772287714.787286,36901,23,1
1,NewOrder,1772287714.788036,10891,7,1
1,NewOrder,1772287714.789498,20585,16,1
5,StockLevel,1772287714.789809,14861,21,1
2,Payment,1772287714.790664,17832,6,1
2,Payment,1772287714.791833,8148,5,1
1,NewOrder,1772287714.793212,32611,12,1
2,Payment,1772287714.793583,18770,8,1
1,NewOrder,1772287714.793601,11260,17,1
2,Payment,1772287714.796009,6612,0,1
2,Payment,1772287714.796475,11470,14,1
1,NewOrder,1772287714.796966,32434,18,1
4,Delivery,1772287714.798492,39945,11,1
1,NewOrder,1772287714.798935,18736,7,1
2,Payment,1772287714.798961,11151,22,1
1,NewOrder,1772287714.799988,32464,5,1
2,Payment,1772287714.802630,6201,0,1
1,NewOrder,1772287714.803105,16382,9,1
2,Payment,1772287714.804681,11382,21,1
2,Payment,1772287714.804870,10449,17,1
2,Payment,1772287714.805276,12764,4,1
1,NewOrder,1772287714.805664,18189,20,1
2,Payment,1772287714.807386,8253,10,1
1,NewOrder,1772287714.807955,19177,14,1
2,Payment,1772287714.808504,9863,6,1
2,Payment,1772287714.808842,17679,0,1
2,Payment,1772287714.809629,21288,1,1
1,NewOrder,1772287714.809894,29327,13,1
1,NewOrder,1772287714.810091,16390,16,1
5,StockLevel,1772287714.810120,26811,22,1
1,NewOrder,1772287714.810397,28012,15,1
2,Payment,1772287714.810557,28665,3,1
1,NewOrder,1772287714.811060,27304,2,1
2,Payment,1772287714.812364,11861,8,1
1,NewOrder,1772287714.815327,14410,17,1
2,Payment,1772287714.815649,17842,10,1
3,OrderStatus,1772287714.816075,7029,21,1
3,OrderStatus,1772287714.817243,8847,19,1
1,NewOrder,1772287714.817687,36419,7,1
2,Payment,1772287714.818049,29798,4,1
1,NewOrder,1772287714.818375,26720,6,1
2,Payment,1772287714.819495,23072,9,1
2,Payment,1772287714.823116,7243,21,1
1,NewOrder,1772287714.823862,10062,20,1
1,NewOrder,1772287714.824196,7796,23,1
2,Payment,1772287714.824233,22006,8,1
2,Payment,1772287714.825835,14689,12,1
2,Payment,1772287714.826099,11931,19,1
1,NewOrder,1772287714.826497,32142,16,1
1,NewOrder,1772287714.826538,34166,0,1
2,Payment,1772287714.827138,15919,14,1
1,NewOrder,1772287714.829411,29198,18,1
2,Payment,1772287714.829744,17660,17,1
1,NewOrder,1772287714.830365,34676,21,1
1,NewOrder,1772287714.830925,27561,1,1
1,NewOrder,1772287714.831998,6388,23,1
1,NewOrder,1772287714.832462,28362,5,1
1,NewOrder,1772287714.833501,31512,10,1
1,NewOrder,1772287714.833930,26742,20,1
2,Payment,1772287714.836941,7741,22,1
1,NewOrder,1772287714.838040,22607,19,1
2,Payment,1772287714.838373,19051,2,1
2,Payment,1772287714.838395,2614,23,1
1,NewOrder,1772287714.838414,15202,15,1
2,Payment,1772287714.838445,17173,11,1
1,NewOrder,1772287714.839229,50066,3,1
4,Delivery,1772287714.839232,44166,13,1
1,NewOrder,1772287714.840537,24027,12,1
2,Payment,1772287714.841018,10756,23,1
2,Payment,1772287714.842576,18309,9,1
2,Payment,1772287714.843068,9446,14,1
4,Delivery,1772287714.844691,56263,22,1
4,Delivery,1772287714.845102,21404,6,1
2,Payment,1772287714.846249,20598,8,1
1,NewOrder,1772287714.847411,34448,17,1
5,StockLevel,1772287714.847856,43777,4,1
2,Payment,1772287714.851787,8272,23,1
1,NewOrder,1772287714.852536,19762,14,1
3,OrderStatus,1772287714.853622,14903,15,1
1,NewOrder,1772287714.854120,35104,7,1
1,NewOrder,1772287714.855627,34581,11,1
1,NewOrder,1772287714.857436,41043,2,1
1,NewOrder,1772287714.858504,10538,1,1
1,NewOrder,1772287714.858637,38072,18,1
2,Payment,1772287714.858654,12779,16,1
2,Payment,1772287714.860065,10550,23,1
2,Payment,1772287714.860667,18333,19,1
1,NewOrder,1772287714.860699,30469,20,1
2,Payment,1772287714.860731,20290,0,1
5,StockLevel,1772287714.860841,3599,5,1
1,NewOrder,1772287714.860900,40736,9,1
3,OrderStatus,1772287714.864455,4294,5,1
1,NewOrder,1772287714.864590,7682,12,1
1,NewOrder,1772287714.865022,8960,10,1
3,OrderStatus,1772287714.865053,2545,21,1
1,NewOrder,1772287714.866518,34366,6,1
4,Delivery,1772287714.866855,31883,8,1
2,Payment,1772287714.867606,16876,21,1
2,Payment,1772287714.868537,13351,15,1
3,OrderStatus,1772287714.868759,1797,5,1
2,Payment,1772287714.869055,15025,1,1
1,NewOrder,1772287714.870565,6870,5,1
2,Payment,1772287714.870624,21564,23,1
5,StockLevel,1772287714.871440,24992,16,1
1,NewOrder,1772287714.872282,9837,12,1
2,Payment,1772287714.872306,16172,14,1
2,Payment,1772287714.873989,2517,10,1
1,NewOrder,1772287714.876514,16853,10,1
1,NewOrder,1772287714.877443,15510,5,1
1,NewOrder,1772287714.879010,42219,19,1
1,NewOrder,1772287714.881027,23348,0,1
2,Payment,1772287714.881870,18636,17,1
2,Payment,1772287714.881895,11893,15,1
2,Payment,1772287714.882127,22691,12,1
2,Payment,1772287714.883407,29998,13,1
5,StockLevel,1772287714.884090,9031,1,1
1,NewOrder,1772287714.884494,25378,21,1
2,Payment,1772287714.888486,34081,14,1
2,Payment,1772287714.889233,7138,7,1
2,Payment,1772287714.889305,5449,3,1
1,NewOrder,1772287714.890216,15586,11,1
5,StockLevel,1772287714.891194,13485,20,1
2,Payment,1772287714.891645,20395,4,1
2,Payment,1772287714.892205,11798,23,1
1,NewOrder,1772287714.892972,26593,5,1
2,Payment,1772287714.893133,5772,1,1
2,Payment,1772287714.893379,5338,10,1
1,NewOrder,1772287714.893807,38122,15,1
1,NewOrder,1772287714.894765,32572,3,1
2,Payment,1772287714.896383,12667,7,1
2,Payment,1772287714.896439,29929,16,1
4,Delivery,1772287714.896717,4909,18,1
4,Delivery,1772287714.898507,16508,2,1
2,Payment,1772287714.898742,13728,10,1
1,NewOrder,1772287714.898756,20522,8,1
2,Payment,1772287714.898914,18305,1,1
1,NewOrder,1772287714.900518,25831,17,1
2,Payment,1772287714.900897,21542,6,1
1,NewOrder,1772287714.900981,45458,22,1
1,NewOrder,1772287714.901633,38974,18,1
1,NewOrder,1772287714.901645,4872,9,1
1,NewOrder,1772287714.904029,34119,23,1
1,NewOrder,1772287714.904383,23453,0,1
2,Payment,1772287714.904691,3029,20,1
2,Payment,1772287714.904831,25447,12,1
2,Payment,1772287714.905814,20105,11,1
1,NewOrder,1772287714.906534,7055,9,1
1,NewOrder,1772287714.907741,7740,20,1
5,StockLevel,1772287714.909060,34747,7,1
1,NewOrder,1772287714.909877,26580,21,1
5,StockLevel,1772287714.912055,30894,4,1
2,Payment,1772287714.912481,15926,10,1
2,Payment,1772287714.913410,21209,13,1
1,NewOrder,1772287714.913598,6037,9,1
2,Payment,1772287714.915041,11347,2,1
2,Payment,1772287714.915493,1304,20,1
1,NewOrder,1772287714.916806,30041,20,1
2,Payment,1772287714.917226,12726,1,1
1,NewOrder,1772287714.919305,5577,8,1
5,StockLevel,1772287714.919592,1611,5,1
2,Payment,1772287714.919657,24754,9,1
1,NewOrder,1772287714.921229,4700,5,1
1,NewOrder,1772287714.921256,38057,19,1
2,Payment,1772287714.922452,10241,6,1
1,NewOrder,1772287714.922579,11754,14,1
1,NewOrder,1772287714.924891,10723,8,1
3,OrderStatus,1772287714.925930,8753,11,1
1,NewOrder,1772287714.925939,16327,5,1
2,Payment,1772287714.926361,11801,17,1
1,NewOrder,1772287714.926375,10972,16,1
3,OrderStatus,1772287714.926401,6335,2,1
2,Payment,1772287714.927349,9012,3,1
1,NewOrder,1772287714.927843,17489,0,1
1,NewOrder,1772287714.928429,30809,10,1
1,NewOrder,1772287714.929961,15956,1,1
1,NewOrder,1772287714.930287,17364,12,1
4,Delivery,1772287714.931941,37756,15,1
1,NewOrder,1772287714.932704,19263,6,1
2,Payment,1772287714.932749,13723,2,1
1,NewOrder,1772287714.934344,11974,14,1
4,Delivery,1772287714.934631,35495,13,1
2,Payment,1772287714.934694,14637,11,1
1,NewOrder,1772287714.935626,11074,8,1
1,NewOrder,1772287714.936383,32005,3,1
1,NewOrder,1772287714.936479,22383,21,1
1,NewOrder,1772287714.937355,14278,16,1
2,Payment,1772287714.938160,8190,23,1
1,NewOrder,1772287714.938170,41228,17,1
2,Payment,1772287714.940614,11001,18,1
1,NewOrder,1772287714.942275,10456,5,1
2,Payment,1772287714.942961,14464,4,1
2,Payment,1772287714.943814,23693,7,1
2,Payment,1772287714.944420,14966,9,1
1,NewOrder,1772287714.945339,18957,0,1
2,Payment,1772287714.945935,13316,1,1
1,NewOrder,1772287714.946324,6097,14,1
1,NewOrder,1772287714.946363,23637,23,1
1,NewOrder,1772287714.946451,32648,22,1
1,NewOrder,1772287714.946482,33568,2,1
2,Payment,1772287714.946705,15506,8,1
2,Payment,1772287714.946855,7087,20,1
2,Payment,1772287714.947660,3371,12,1
2,Payment,1772287714.949342,25359,11,1
1,NewOrder,1772287714.951044,6992,12,1
1,NewOrder,1772287714.951623,31582,18,1
1,NewOrder,1772287714.951643,7564,16,1
2,Payment,1772287714.951979,30733,6,1
1,NewOrder,1772287714.952431,7469,14,1
2,Payment,1772287714.952738,10097,5,1
1,NewOrder,1772287714.953953,15126,20,1
2,Payment,1772287714.957437,10513,4,1
2,Payment,1772287714.958046,3443,12,1
2,Payment,1772287714.958869,7621,21,1
2,Payment,1772287714.959216,5394,16,1
1,NewOrder,1772287714.959248,27965,10,1
3,OrderStatus,1772287714.959264,5088,1,1
1,NewOrder,1772287714.959320,16938,19,1
1,NewOrder,1772287714.959390,18980,9,1
1,NewOrder,1772287714.959909,19482,14,1
2,Payment,1772287714.961495,6793,12,1
1,NewOrder,1772287714.962220,23680,8,1
2,Payment,1772287714.962841,8560,5,1
1,NewOrder,1772287714.964324,24655,0,1
1,NewOrder,1772287714.964381,15544,1,1
2,Payment,1772287714.964625,7212,16,1
5,StockLevel,1772287714.966512,13643,21,1
2,Payment,1772287714.967517,20866,7,1
2,Payment,1772287714.967957,23539,4,1
1,NewOrder,1772287714.968297,26222,12,1
2,Payment,1772287714.968401,12831,3,1
2,Payment,1772287714.969094,6761,20,1
1,NewOrder,1772287714.969724,15465,15,1
1,NewOrder,1772287714.970008,18857,23,1
2,Payment,1772287714.970136,6146,13,1
1,NewOrder,1772287714.971421,26730,5,1
2,Payment,1772287714.971862,8078,16,1
1,NewOrder,1772287714.974720,22719,11,1
1,NewOrder,1772287714.975874,25801,20,1
1,NewOrder,1772287714.976266,23241,19,1
1,NewOrder,1772287714.976294,17734,13,1
3,OrderStatus,1772287714.978378,5834,9,1
2,Payment,1772287714.979111,6737,22,1
2,Payment,1772287714.979398,11359,14,1
2,Payment,1772287714.979410,6421,17,1
1,NewOrder,1772287714.979950,20976,1,1
1,NewOrder,1772287714.979962,14489,16,1
2,Payment,1772287714.980080,15377,2,1
1,NewOrder,1772287714.980162,17621,21,1
1,NewOrder,1772287714.981259,28725,3,1
2,Payment,1772287714.982724,11278,6,1
2,Payment,1772287714.983216,5614,18,1
1,NewOrder,1772287714.984222,13598,9,1
2,Payment,1772287714.985195,15338,15,1
2,Payment,1772287714.985844,7582,17,1
4,Delivery,1772287714.985857,47685,22,1
1,NewOrder,1772287714.985913,14991,8,1
1,NewOrder,1772287714.987223,22366,10,1
1,NewOrder,1772287714.988394,15040,7,1
1,NewOrder,1772287714.988839,20760,18,1
1,NewOrder,1772287714.988875,28746,23,1
2,Payment,1772287714.988991,9192,0,1
2,Payment,1772287714.990764,18462,14,1
2,Payment,1772287714.991503,15979,4,1
3,OrderStatus,1772287714.993436,8079,17,1
1,NewOrder,1772287714.994013,38014,6,1
1,NewOrder,1772287714.994040,15585,13,1
3,OrderStatus,1772287714.994457,5495,16,1
1,NewOrder,1772287714.994526,12874,12,1
1,NewOrder,1772287714.995469,24732,2,1
4,Delivery,1772287714.997445,20989,11,1
1,NewOrder,1772287714.997789,34908,21,1
2,Payment,1772287714.997831,9189,9,1
2,Payment,1772287714.998158,19447,5,1
1,NewOrder,1772287714.998194,33984,0,1
1,NewOrder,1772287714.999519,21813,19,1
2,Payment,1772287714.999959,16404,16,1
3,OrderStatus,1772287715.000544,9698,15,1
2,Payment,1772287715.000911,20844,8,1
2,Payment,1772287715.000936,21556,1,1
1,NewOrder,1772287715.001531,26693,17,1
1,NewOrder,1772287715.001716,7844,20,1
2,Payment,1772287715.003442,21151,7,1
2,Payment,1772287715.007042,20819,9,1
2,Payment,1772287715.007409,13458,12,1
4,Delivery,1772287715.007494,34748,4,1
1,NewOrder,1772287715.009238,27523,14,1
4,Delivery,1772287715.009570,24423,20,1
4,Delivery,1772287715.009599,9108,10,1
5,StockLevel,1772287715.009610,18323,18,1
4,Delivery,1772287715.009633,14604,13,1
1,NewOrder,1772287715.009991,15253,3,1
5,StockLevel,1772287715.010254,23346,15,1
5,StockLevel,1772287715.016390,15030,16,1
2,Payment,1772287715.017614,8578,5,1
2,Payment,1772287715.017633,10691,23,1
1,NewOrder,1772287715.018441,4911,11,1
2,Payment,1772287715.018717,18553,10,1
1,NewOrder,1772287715.020211,24719,2,1
2,Payment,1772287715.020876,4750,12,1
2,Payment,1772287715.021343,15805,19,1
2,Payment,1772287715.021762,23795,8,1
2,Payment,1772287715.022499,9590,1,1
2,Payment,1772287715.023360,26262,11,1
2,Payment,1772287715.024255,4754,13,1
1,NewOrder,1772287715.024618,22864,7,1
2,Payment,1772287715.025255,15993,3,1
2,Payment,1772287715.025640,6015,12,1
1,NewOrder,1772287715.026202,23384,5,1
2,Payment,1772287715.027869,24831,9,1
5,StockLevel,1772287715.027943,7552,18,1
3,OrderStatus,1772287715.028246,8830,17,1
1,NewOrder,1772287715.028352,23887,23,1
2,Payment,1772287715.029024,10803,13,1
2,Payment,1772287715.031431,12726,16,1
2,Payment,1772287715.031669,16848,12,1
3,OrderStatus,1772287715.032047,9786,6,1
1,NewOrder,1772287715.032103,25283,1,1
1,NewOrder,1772287715.032190,16826,0,1
2,Payment,1772287715.032704,14754,21,1
2,Payment,1772287715.033562,19100,22,1
5,StockLevel,1772287715.033616,4466,15,1
5,StockLevel,1772287715.034016,13911,20,1
1,NewOrder,1772287715.035510,6065,18,1
1,NewOrder,1772287715.036773,5105,14,1
2,Payment,1772287715.037083,32791,17,1
2,Payment,1772287715.037155,24554,19,1
2,Payment,1772287715.037281,27505,10,1
2,Payment,1772287715.038110,21457,15,1
1,NewOrder,1772287715.039838,14694,13,1
1,NewOrder,1772287715.041260,4255,3,1
1,NewOrder,1772287715.041584,15149,18,1
1,NewOrder,1772287715.041845,16314,6,1
2,Payment,1772287715.041890,10841,14,1
1,NewOrder,1772287715.042252,4873,4,1
2,Payment,1772287715.044169,21271,16,1
1,NewOrder,1772287715.044939,28240,2,1
2,Payment,1772287715.045523,9037,3,1
2,Payment,1772287715.045567,21491,8,1
1,NewOrder,1772287715.047136,7673,4,1
2,Payment,1772287715.047466,19632,21,1
2,Payment,1772287715.047489,21895,7,1
2,Payment,1772287715.047938,22379,20,1
4,Delivery,1772287715.048525,10037,12,1
4,Delivery,1772287715.049028,9871,0,1
2,Payment,1772287715.049595,9348,5,1
1,NewOrder,1772287715.049629,20605,11,1
5,StockLevel,1772287715.052253,6091,23,1
2,Payment,1772287715.052671,24847,22,1
3,OrderStatus,1772287715.052708,7921,9,1
1,NewOrder,1772287715.052739,28101,14,1
2,Payment,1772287715.054540,7489,13,1
5,StockLevel,1772287715.054572,38565,3,1
1,NewOrder,1772287715.054818,18984,4,1
2,Payment,1772287715.056743,29225,18,1
2,Payment,1772287715.057395,5938,1,1
2,Payment,1772287715.058168,25731,6,1
2,Payment,1772287715.058356,31181,23,1
1,NewOrder,1772287715.058571,7753,12,1
1,NewOrder,1772287715.058909,6498,0,1
1,NewOrder,1772287715.058949,17516,5,1
5,StockLevel,1772287715.059575,3489,15,1
2,Payment,1772287715.060637,16196,9,1
2,Payment,1772287715.061715,34093,19,1
2,Payment,1772287715.062041,15252,13,1
1,NewOrder,1772287715.063072,14043,15,1
1,NewOrder,1772287715.063337,20986,1,1
4,Delivery,1772287715.064798,50583,10,1
1,NewOrder,1772287715.065415,8369,0,1
4,Delivery,1772287715.065448,23991,16,1
1,NewOrder,1772287715.066333,8546,12,1
1,NewOrder,1772287715.067067,10835,8,1
2,Payment,1772287715.067105,34919,21,1
2,Payment,1772287715.069395,18841,7,1
1,NewOrder,1772287715.069882,25014,17,1
1,NewOrder,1772287715.070247,15643,11,1
4,Delivery,1772287715.070329,37583,20,1
2,Payment,1772287715.073187,6655,2,1
2,Payment,1772287715.073791,12139,0,1
1,NewOrder,1772287715.073809,15597,4,1
1,NewOrder,1772287715.074891,5400,12,1
2,Payment,1772287715.076470,12486,5,1
1,NewOrder,1772287715.076842,25612,9,1
2,Payment,1772287715.077124,8371,15,1
2,Payment,1772287715.077302,10333,13,1
2,Payment,1772287715.077531,32920,22,1
2,Payment,1772287715.077909,17206,8,1
2,Payment,1772287715.079850,17542,2,1
2,Payment,1772287715.080299,14138,12,1
1,NewOrder,1772287715.080848,16880,14,1
2,Payment,1772287715.083912,7594,6,1
2,Payment,1772287715.084332,25117,1,1
2,Payment,1772287715.085500,6562,15,1
1,NewOrder,1772287715.085901,36464,11,1
2,Payment,1772287715.085942,26862,0,1
1,NewOrder,1772287715.085975,34989,18,1
2,Payment,1772287715.087660,11567,13,1
1,NewOrder,1772287715.088242,13017,7,1
3,OrderStatus,1772287715.088966,8109,5,1
2,Payment,1772287715.089423,26862,4,1
1,NewOrder,1772287715.089456,25332,16,1
5,StockLevel,1772287715.089561,21576,23,1
1,NewOrder,1772287715.091514,10983,6,1
1,NewOrder,1772287715.092067,10408,15,1
2,Payment,1772287715.093149,31407,3,1
4,Delivery,1772287715.094446,13444,12,1
1,NewOrder,1772287715.094905,12965,17,1
1,NewOrder,1772287715.095121,30198,8,1
1,NewOrder,1772287715.095813,29091,19,1
1,NewOrder,1772287715.097087,37194,5,1
1,NewOrder,1772287715.097400,31495,2,1
2,Payment,1772287715.097737,9639,14,1
3,OrderStatus,1772287715.099236,13270,13,1
1,NewOrder,1772287715.101271,4537,7,1
1,NewOrder,1772287715.102034,18868,21,1
2,Payment,1772287715.102462,9420,9,1
2,Payment,1772287715.102485,8759,15,1
4,Delivery,1772287715.102507,13224,6,1
2,Payment,1772287715.105823,9576,7,1
1,NewOrder,1772287715.107384,21862,14,1
1,NewOrder,1772287715.107882,25946,17,1
4,Delivery,1772287715.107899,13410,12,1
2,Payment,1772287715.107919,4493,20,1
4,Delivery,1772287715.109457,24801,1,1
2,Payment,1772287715.110462,6038,22,1
1,NewOrder,1772287715.111149,15371,23,1
1,NewOrder,1772287715.111255,18057,15,1
2,Payment,1772287715.111888,12279,9,1
2,Payment,1772287715.112423,6097,20,1
2,Payment,1772287715.112511,8773,13,1
2,Payment,1772287715.112813,17210,0,1
1,NewOrder,1772287715.114797,13045,16,1
1,NewOrder,1772287715.115392,20629,10,1
1,NewOrder,1772287715.115408,12459,7,1
1,NewOrder,1772287715.115741,33525,6,1
2,Payment,1772287715.116292,28585,4,1
5,StockLevel,1772287715.116508,37893,22,1
1,NewOrder,1772287715.118526,31896,20,1
2,Payment,1772287715.120911,15245,21,1
2,Payment,1772287715.120972,7967,18,1
2,Payment,1772287715.121296,6161,13,1
1,NewOrder,1772287715.121318,40292,12,1
4,Delivery,1772287715.122373,19001,11,1
2,Payment,1772287715.124175,11381,9,1
2,Payment,1772287715.124565,23741,3,1
2,Payment,1772287715.124911,23002,19,1
1,NewOrder,1772287715.125325,33204,8,1
2,Payment,1772287715.126532,26812,23,1
5,StockLevel,1772287715.127469,29347,13,1
1,NewOrder,1772287715.127849,20363,16,1
1,NewOrder,1772287715.127874,21831,7,1
1,NewOrder,1772287715.128902,7354,2,1
1,NewOrder,1772287715.128950,34370,18,1
1,NewOrder,1772287715.129254,7728,14,1
2,Payment,1772287715.129319,3552,15,1
1,NewOrder,1772287715.130035,32014,0,1
2,Payment,1772287715.132878,3093,15,1
2,Payment,1772287715.133838,14496,17,1
1,NewOrder,1772287715.134266,27838,1,1
1,NewOrder,1772287715.134291,18211,5,1
5,StockLevel,1772287715.135566,31740,9,1
2,Payment,1772287715.135980,8485,15,1
1,NewOrder,1772287715.136033,26352,10,1
2,Payment,1772287715.136164,21960,21,1
1,NewOrder,1772287715.136264,6783,2,1
1,NewOrder,1772287715.136988,4056,14,1
2,Payment,1772287715.141050,9661,14,1
1,NewOrder,1772287715.141383,5009,11,1
1,NewOrder,1772287715.143054,27835,2,1
1,NewOrder,1772287715.144478,20624,15,1
2,Payment,1772287715.144889,9693,4,1
5,StockLevel,1772287715.146401,7805,11,1
2,Payment,1772287715.147921,16819,19,1
1,NewOrder,1772287715.148220,32990,16,1
1,NewOrder,1772287715.148317,29949,3,1
1,NewOrder,1772287715.148340,27360,17,1
1,NewOrder,1772287715.149283,17756,6,1
2,Payment,1772287715.149732,6230,7,1
2,Payment,1772287715.150436,20937,20,1
2,Payment,1772287715.150722,2250,14,1
2,Payment,1772287715.152508,7821,5,1
1,NewOrder,1772287715.152982,17562,14,1
2,Payment,1772287715.153352,20580,23,1
2,Payment,1772287715.154213,11033,11,1
1,NewOrder,1772287715.154409,15401,22,1
5,StockLevel,1772287715.154594,20660,4,1
2,Payment,1772287715.155982,6050,7,1
2,Payment,1772287715.156829,5862,13,1
2,Payment,1772287715.158131,18194,21,1
3,OrderStatus,1772287715.158542,8234,8,1
2,Payment,1772287715.160341,7682,5,1
2,Payment,1772287715.161626,8586,12,1
2,Payment,1772287715.162062,8087,7,1
1,NewOrder,1772287715.162065,12329,0,1
1,NewOrder,1772287715.162116,6635,1,1
2,Payment,1772287715.162392,13010,10,1
1,NewOrder,1772287715.162696,24318,13,1
2,Payment,1772287715.163328,15297,18,1
2,Payment,1772287715.164748,17491,19,1
2,Payment,1772287715.165108,9247,15,1
1,NewOrder,1772287715.165252,21326,11,1
1,NewOrder,1772287715.166785,22618,8,1
2,Payment,1772287715.167047,12016,6,1
2,Payment,1772287715.167312,15844,9,1
2,Payment,1772287715.168049,4766,5,1
4,Delivery,1772287715.168768,20215,1,1
1,NewOrder,1772287715.169826,21249,22,1
1,NewOrder,1772287715.170155,33722,7,1
2,Payment,1772287715.170224,10141,12,1
2,Payment,1772287715.170555,16000,14,1
1,NewOrder,1772287715.170901,38301,2,1
1,NewOrder,1772287715.171386,12609,20,1
2,Payment,1772287715.172823,8045,5,1
2,Payment,1772287715.173937,10279,23,1
1,NewOrder,1772287715.174372,38206,15,1
4,Delivery,1772287715.174426,14865,0,1
2,Payment,1772287715.175282,12179,4,1
3,OrderStatus,1772287715.175428,9208,10,1
2,Payment,1772287715.175721,19371,17,1
2,Payment,1772287715.176331,9571,21,1
2,Payment,1772287715.178276,15162,3,1
1,NewOrder,1772287715.178635,11416,18,1
1,NewOrder,1772287715.179070,17051,6,1
1,NewOrder,1772287715.180373,34097,12,1
4,Delivery,1772287715.180895,8363,5,1
1,NewOrder,1772287715.181222,21716,16,1
2,Payment,1772287715.182250,6344,19,1
2,Payment,1772287715.183171,4099,9,1
2,Payment,1772287715.184023,6312,20,1
2,Payment,1772287715.184238,8401,23,1
2,Payment,1772287715.184648,10340,10,1
1,NewOrder,1772287715.185911,6303,21,1
2,Payment,1772287715.186563,15788,14,1
1,NewOrder,1772287715.186587,24734,11,1
1,NewOrder,1772287715.187026,8495,13,1
2,Payment,1772287715.187277,11762,9,1
2,Payment,1772287715.187468,19461,4,1
2,Payment,1772287715.188606,6764,19,1
4,Delivery,1772287715.188991,22022,1,1
1,NewOrder,1772287715.189267,19912,5,1
2,Payment,1772287715.189299,19857,0,1
2,Payment,1772287715.189409,14255,8,1
2,Payment,1772287715.190058,12624,18,1
2,Payment,1772287715.190347,16952,20,1
1,NewOrder,1772287715.191095,6922,22,1
1,NewOrder,1772287715.192227,3621,21,1
2,Payment,1772287715.192647,20105,23,1
1,NewOrder,1772287715.193456,26237,3,1
3,OrderStatus,1772287715.195000,10277,10,1
1,NewOrder,1772287715.195101,27425,17,1
1,NewOrder,1772287715.195381,24660,19,1
1,NewOrder,1772287715.195533,16597,13,1
1,NewOrder,1772287715.195854,7843,21,1
2,Payment,1772287715.196127,12224,6,1
1,NewOrder,1772287715.198023,21568,22,1
1,NewOrder,1772287715.199059,23834,9,1
1,NewOrder,1772287715.202364,34223,14,1
2,Payment,1772287715.202687,25249,18,1
2,Payment,1772287715.202947,16436,16,1
1,NewOrder,1772287715.203677,22997,8,1
1,NewOrder,1772287715.203703,5923,21,1
2,Payment,1772287715.203886,12052,7,1
2,Payment,1772287715.205304,16244,10,1
1,NewOrder,1772287715.206956,11746,4,1
3,OrderStatus,1772287715.207312,10006,20,1
2,Payment,1772287715.208360,15161,6,1
1,NewOrder,1772287715.209166,11504,0,1
2,Payment,1772287715.209187,6310,5,1
2,Payment,1772287715.209211,13653,2,1
1,NewOrder,1772287715.209631,23379,21,1
1,NewOrder,1772287715.211021,9325,1,1
2,Payment,1772287715.211330,15865,11,1
2,Payment,1772287715.212140,14030,13,1
2,Payment,1772287715.212585,11507,15,1
1,NewOrder,1772287715.212764,9839,23,1
1,NewOrder,1772287715.214478,8741,12,1
1,NewOrder,1772287715.215506,20730,5,1
2,Payment,1772287715.215950,14880,7,1
1,NewOrder,1772287715.217330,28515,20,1
2,Payment,1772287715.218712,6197,4,1
2,Payment,1772287715.219393,9828,16,1
2,Payment,1772287715.219603,12554,22,1
2,Payment,1772287715.219700,7366,3,1
1,NewOrder,1772287715.220049,9686,19,1
2,Payment,1772287715.220354,9823,1,1
2,Payment,1772287715.220676,12720,0,1
1,NewOrder,1772287715.221560,24266,10,1
2,Payment,1772287715.222531,8779,17,1
2,Payment,1772287715.222613,13990,23,1
2,Payment,1772287715.222872,15271,2,1
2,Payment,1772287715.222899,10919,9,1
1,NewOrder,1772287715.223225,6915,12,1
1,NewOrder,1772287715.223532,15822,6,1
2,Payment,1772287715.224101,9273,15,1
2,Payment,1772287715.224914,16625,4,1
3,OrderStatus,1772287715.226180,7302,13,1
1,NewOrder,1772287715.226680,19118,8,1
3,OrderStatus,1772287715.227075,5394,3,1
2,Payment,1772287715.227199,11899,11,1
1,NewOrder,1772287715.227948,19541,18,1
2,Payment,1772287715.229229,7389,16,1
2,Payment,1772287715.229742,10548,19,1
1,NewOrder,1772287715.230149,10189,12,1
1,NewOrder,1772287715.230186,21142,1,1
2,Payment,1772287715.230836,15041,7,1
2,Payment,1772287715.231315,7167,17,1
1,NewOrder,1772287715.232164,13625,22,1
5,StockLevel,1772287715.232480,23493,3,1
2,Payment,1772287715.233017,13511,21,1
2,Payment,1772287715.233383,11039,15,1
2,Payment,1772287715.233405,13577,0,1
1,NewOrder,1772287715.233490,12663,13,1
1,NewOrder,1772287715.233825,39989,9,1
2,Payment,1772287715.236243,12999,5,1
1,NewOrder,1772287715.236593,11874,14,1
2,Payment,1772287715.236612,15318,23,1
2,Payment,1772287715.236625,15277,16,1
1,NewOrder,1772287715.238151,29127,2,1
3,OrderStatus,1772287715.238492,8757,17,1
1,NewOrder,1772287715.239114,42248,11,1
2,Payment,1772287715.239360,14275,6,1
1,NewOrder,1772287715.240297,24896,19,1
1,NewOrder,1772287715.240346,33552,12,1
3,OrderStatus,1772287715.241548,7514,4,1
1,NewOrder,1772287715.244430,33807,15,1
1,NewOrder,1772287715.245799,6213,22,1
1,NewOrder,1772287715.245811,37097,8,1
2,Payment,1772287715.245838,11729,10,1
2,Payment,1772287715.245853,11224,20,1
4,Delivery,1772287715.245884,39911,7,1
2,Payment,1772287715.246160,7974,13,1
1,NewOrder,1772287715.246535,27862,21,1
1,NewOrder,1772287715.246995,31262,0,1
2,Payment,1772287715.247254,11331,17,1
1,NewOrder,1772287715.247497,6960,18,1
1,NewOrder,1772287715.248473,9797,14,1
2,Payment,1772287715.249070,8467,4,1
5,StockLevel,1772287715.249252,4644,5,1
3,OrderStatus,1772287715.251339,12222,1,1
3,OrderStatus,1772287715.251909,10656,16,1
1,NewOrder,1772287715.251936,29365,23,1
2,Payment,1772287715.252020,6586,22,1
2,Payment,1772287715.253644,11872,6,1
1,NewOrder,1772287715.253904,18365,5,1
1,NewOrder,1772287715.254141,11890,13,1
3,OrderStatus,1772287715.254464,2185,18,1
1,NewOrder,1772287715.255981,21692,3,1
1,NewOrder,1772287715.256657,8834,18,1
4,Delivery,1772287715.257083,38188,20,1
2,Payment,1772287715.257548,8769,4,1
2,Payment,1772287715.257579,11807,10,1
1,NewOrder,1772287715.258281,10579,14,1
1,NewOrder,1772287715.258591,36695,17,1
1,NewOrder,1772287715.258614,13978,22,1
1,NewOrder,1772287715.262573,18853,16,1
3,OrderStatus,1772287715.263571,9058,1,1
2,Payment,1772287715.265216,8710,19,1
2,Payment,1772287715.265503,15874,18,1
2,Payment,1772287715.265522,8348,6,1
1,NewOrder,1772287715.266044,20694,13,1
2,Payment,1772287715.266326,4127,4,1
2,Payment,1772287715.267285,11092,2,1
2,Payment,1772287715.268871,5779,14,1
2,Payment,1772287715.269405,11309,10,1
2,Payment,1772287715.270459,14216,4,1
4,Delivery,1772287715.272297,43862,5,1
3,OrderStatus,1772287715.272601,4291,22,1
2,Payment,1772287715.272637,29723,1,1
2,Payment,1772287715.273831,11306,9,1
4,Delivery,1772287715.273895,12296,6,1
2,Payment,1772287715.273926,11299,12,1
1,NewOrder,1772287715.273954,25436,19,1
2,Payment,1772287715.274404,10772,21,1
3,OrderStatus,1772287715.274661,5704,14,1
3,OrderStatus,1772287715.276901,6179,22,1
2,Payment,1772287715.277689,19660,3,1
1,NewOrder,1772287715.278248,9854,15,1
2,Payment,1772287715.278265,27578,0,1
1,NewOrder,1772287715.278388,22398,2,1
2,Payment,1772287715.280391,7400,14,1
5,StockLevel,1772287715.280731,27853,10,1
1,NewOrder,1772287715.281310,31012,23,1
1,NewOrder,1772287715.281375,20640,11,1
1,NewOrder,1772287715.281390,19417,18,1
1,NewOrder,1772287715.281438,7400,16,1
1,NewOrder,1772287715.282936,13871,8,1
3,OrderStatus,1772287715.283087,8155,22,1
1,NewOrder,1772287715.284696,23969,4,1
1,NewOrder,1772287715.285153,22594,9,1
1,NewOrder,1772287715.285202,27953,21,1
1,NewOrder,1772287715.285237,27573,12,1
1,NewOrder,1772287715.285802,10121,7,1
2,Payment,1772287715.286199,3352,6,1
2,Payment,1772287715.286750,7754,13,1
1,NewOrder,1772287715.287812,19603,14,1
1,NewOrder,1772287715.288109,7769,15,1
2,Payment,1772287715.288846,8130,16,1
2,Payment,1772287715.289562,6336,6,1
1,NewOrder,1772287715.291254,16121,22,1
2,Payment,1772287715.294516,5865,13,1
1,NewOrder,1772287715.295282,16688,20,1
1,NewOrder,1772287715.295297,21260,17,1
1,NewOrder,1772287715.295885,34066,15,1
2,Payment,1772287715.295904,6563,6,1
2,Payment,1772287715.295934,9078,7,1
2,Payment,1772287715.296812,10633,8,1
1,NewOrder,1772287715.296981,24709,16,1
2,Payment,1772287715.297361,12846,3,1
1,NewOrder,1772287715.299398,12972,19,1
4,Delivery,1772287715.300394,29419,13,1
1,NewOrder,1772287715.300798,36666,2,1
2,Payment,1772287715.300816,6190,18,1
1,NewOrder,1772287715.302022,11737,11,1
1,NewOrder,1772287715.302369,38669,1,1
2,Payment,1772287715.302474,10190,6,1
2,Payment,1772287715.305020,12600,7,1
2,Payment,1772287715.305854,6724,0,1
2,Payment,1772287715.307014,9438,18,1
2,Payment,1772287715.307386,6994,22,1
2,Payment,1772287715.307427,12788,14,1
2,Payment,1772287715.307453,16057,8,1
2,Payment,1772287715.307753,13511,9,1
2,Payment,1772287715.308590,18736,10,1
1,NewOrder,1772287715.308670,5414,4,1
1,NewOrder,1772287715.310219,41788,3,1
1,NewOrder,1772287715.311979,42908,20,1
1,NewOrder,1772287715.312331,42535,23,1
2,Payment,1772287715.312376,9285,19,1
4,Delivery,1772287715.312586,3878,0,1
1,NewOrder,1772287715.312676,32295,6,1
2,Payment,1772287715.312817,11411,12,1
1,NewOrder,1772287715.313162,27414,21,1
1,NewOrder,1772287715.313765,16083,11,1
4,Delivery,1772287715.314091,2348,4,1
2,Payment,1772287715.314389,18423,22,1
1,NewOrder,1772287715.316167,20941,5,1
1,NewOrder,1772287715.316447,8333,4,1
1,NewOrder,1772287715.316461,19910,18,1
1,NewOrder,1772287715.316473,18095,0,1
1,NewOrder,1772287715.316562,38248,17,1
1,NewOrder,1772287715.317627,37144,7,1
1,NewOrder,1772287715.320226,27240,14,1
2,Payment,1772287715.321274,8093,9,1
1,NewOrder,1772287715.321671,26349,19,1
1,NewOrder,1772287715.321698,23662,16,1
2,Payment,1772287715.323519,9695,8,1
1,NewOrder,1772287715.324238,31289,12,1
5,StockLevel,1772287715.324786,8400,4,1
1,NewOrder,1772287715.327336,27395,10,1
1,NewOrder,1772287715.329376,25513,9,1
1,NewOrder,1772287715.329824,30308,13,1
3,OrderStatus,1772287715.329858,3390,11,1
1,NewOrder,1772287715.329959,25769,15,1
1,NewOrder,1772287715.332820,24187,22,1
2,Payment,1772287715.333196,5990,4,1
2,Payment,1772287715.333223,3460,8,1
3,OrderStatus,1772287715.333257,6317,11,1
2,Payment,1772287715.334574,7408,0,1
5,StockLevel,1772287715.336379,18300,18,1
4,Delivery,1772287715.336691,26037,8,1
2,Payment,1772287715.337117,10824,5,1
2,Payment,1772287715.337471,18309,2,1
1,NewOrder,1772287715.339193,16022,4,1
2,Payment,1772287715.339583,5705,11,1
5,StockLevel,1772287715.340582,12136,21,1
5,StockLevel,1772287715.341048,10911,1,1
5,StockLevel,1772287715.341990,18150,0,1
1,NewOrder,1772287715.344979,18015,6,1
2,Payment,1772287715.345298,4515,11,1
1,NewOrder,1772287715.345372,19113,16,1
1,NewOrder,1772287715.347475,17438,14,1
3,OrderStatus,1772287715.347953,3741,5,1
2,Payment,1772287715.348028,7161,19,1
2,Payment,1772287715.349822,5423,11,1
1,NewOrder,1772287715.351705,21222,5,1
2,Payment,1772287715.351969,13737,1,1
2,Payment,1772287715.352014,11037,3,1
4,Delivery,1772287715.352725,53537,21,1
2,Payment,1772287715.354687,21589,18,1
5,StockLevel,1772287715.354740,14819,10,1
2,Payment,1772287715.354782,8304,7,1
1,NewOrder,1772287715.354816,44394,17,1
2,Payment,1772287715.354876,8860,23,1
2,Payment,1772287715.354896,13835,9,1
1,NewOrder,1772287715.354900,8474,20,1
4,Delivery,1772287715.355194,51428,19,1
5,StockLevel,1772287715.355221,8954,4,1
1,NewOrder,1772287715.355251,23547,11,1
1,NewOrder,1772287715.355532,11989,12,1
2,Payment,1772287715.355733,4801,15,1
2,Payment,1772287715.355788,13863,2,1
2,Payment,1772287715.357018,12979,22,1
2,Payment,1772287715.360141,3407,13,1
5,StockLevel,1772287715.360150,11208,0,1
2,Payment,1772287715.360546,4826,15,1
2,Payment,1772287715.362739,7754,8,1
4,Delivery,1772287715.362999,11301,6,1
1,NewOrder,1772287715.363059,26498,3,1
2,Payment,1772287715.363092,8908,7,1
1,NewOrder,1772287715.363384,26583,20,1
1,NewOrder,1772287715.363558,9781,13,1
5,StockLevel,1772287715.363746,21507,23,1
2,Payment,1772287715.364180,12602,4,1
1,NewOrder,1772287715.364498,15089,16,1
2,Payment,1772287715.364930,5409,14,1
1,NewOrder,1772287715.365379,12622,15,1
2,Payment,1772287715.365718,15277,1,1
1,NewOrder,1772287715.367526,18500,12,1
2,Payment,1772287715.368739,6256,9,1
2,Payment,1772287715.369565,15645,10,1
2,Payment,1772287715.369659,17852,2,1
3,OrderStatus,1772287715.370006,5419,22,1
4,Delivery,1772287715.370349,36710,14,1
2,Payment,1772287715.370501,6189,8,1
1,NewOrder,1772287715.371364,22816,0,1
2,Payment,1772287715.372010,17933,7,1
1,NewOrder,1772287715.372934,20481,5,1
1,NewOrder,1772287715.373347,19625,13,1
1,NewOrder,1772287715.374310,19137,6,1
4,Delivery,1772287715.375003,22173,9,1
1,NewOrder,1772287715.375436,25854,22,1
2,Payment,1772287715.376289,11941,18,1
1,NewOrder,1772287715.376695,28708,8,1
1,NewOrder,1772287715.376787,35030,4,1
2,Payment,1772287715.378008,6399,15,1
2,Payment,1772287715.378807,18413,11,1
1,NewOrder,1772287715.379598,16571,16,1
5,StockLevel,1772287715.381004,10622,1,1
4,Delivery,1772287715.384416,22817,15,1
2,Payment,1772287715.385221,15690,10,1
1,NewOrder,1772287715.385260,13013,23,1
1,NewOrder,1772287715.386032,16608,12,1
1,NewOrder,1772287715.387523,29268,2,1
2,Payment,1772287715.388238,9975,18,1
1,NewOrder,1772287715.389564,8735,3,1
2,Payment,1772287715.389954,22222,7,1
2,Payment,1772287715.389975,13026,20,1
2,Payment,1772287715.391631,7409,1,1
2,Payment,1772287715.392981,6089,13,1
2,Payment,1772287715.393421,10138,5,1
5,StockLevel,1772287715.393458,23210,6,1
1,NewOrder,1772287715.394190,10249,0,1
2,Payment,1772287715.396179,5164,16,1
2,Payment,1772287715.397183,7953,9,1
2,Payment,1772287715.397228,12320,11,1
2,Payment,1772287715.398224,11855,18,1
2,Payment,1772287715.398280,6729,23,1
2,Payment,1772287715.398305,7591,3,1
3,OrderStatus,1772287715.399046,8007,1,1
4,Delivery,1772287715.399078,8176,13,1
1,NewOrder,1772287715.399215,23659,17,1
1,NewOrder,1772287715.400920,20635,10,1
4,Delivery,1772287715.401299,5317,22,1
1,NewOrder,1772287715.401354,19269,16,1
2,Payment,1772287715.402652,4582,12,1
2,Payment,1772287715.403008,9514,20,1
2,Payment,1772287715.403567,7921,5,1
4,Delivery,1772287715.404448,11201,0,1
1,NewOrder,1772287715.405015,17835,23,1
2,Payment,1772287715.405141,12671,9,1
4,Delivery,1772287715.405411,18303,8,1
1,NewOrder,1772287715.405904,15448,3,1
5,StockLevel,1772287715.406269,13091,21,1
3,OrderStatus,1772287715.406626,4151,22,1
1,NewOrder,1772287715.406632,22515,19,1
1,NewOrder,1772287715.407063,14579,1,1
1,NewOrder,1772287715.407072,33831,14,1
1,NewOrder,1772287715.407240,15578,15,1
1,NewOrder,1772287715.407242,31544,12,1
1,NewOrder,1772287715.407261,29192,13,1
2,Payment,1772287715.409556,16127,11,1
2,Payment,1772287715.410086,8989,18,1
2,Payment,1772287715.410786,19152,22,1
2,Payment,1772287715.411498,4625,5,1
1,NewOrder,1772287715.411828,22242,4,1
2,Payment,1772287715.412185,26237,7,1
2,Payment,1772287715.412538,12715,20,1
4,Delivery,1772287715.415657,6831,0,1
2,Payment,1772287715.416134,4843,5,1
2,Payment,1772287715.416679,15718,6,1
1,NewOrder,1772287715.416797,30559,2,1
1,NewOrder,1772287715.417822,27274,9,1
1,NewOrder,1772287715.419103,32137,18,1
1,NewOrder,1772287715.419369,32167,21,1
1,NewOrder,1772287715.420632,35478,16,1
1,NewOrder,1772287715.420983,35156,5,1
1,NewOrder,1772287715.421361,21302,3,1
1,NewOrder,1772287715.421567,33670,10,1
2,Payment,1772287715.421655,8709,1,1
1,NewOrder,1772287715.422502,10352,0,1
2,Payment,1772287715.422835,2809,15,1
1,NewOrder,1772287715.422868,8225,23,1
2,Payment,1772287715.422896,4518,17,1
2,Payment,1772287715.423735,12396,8,1
2,Payment,1772287715.425261,9530,20,1
2,Payment,1772287715.425652,4221,15,1
1,NewOrder,1772287715.425691,20270,11,1
2,Payment,1772287715.427426,5403,17,1
2,Payment,1772287715.429175,9793,19,1
3,OrderStatus,1772287715.429878,6179,15,1
2,Payment,1772287715.429947,15547,22,1
1,NewOrder,1772287715.430369,37815,1,1
2,Payment,1772287715.431101,18454,23,1
1,NewOrder,1772287715.432406,23308,6,1
2,Payment,1772287715.432837,2598,17,1
2,Payment,1772287715.432867,2488,0,1
2,Payment,1772287715.434079,5763,4,1
1,NewOrder,1772287715.434800,20100,20,1
2,Payment,1772287715.435370,10076,0,1
4,Delivery,1772287715.435450,47087,17,1
2,Payment,1772287715.436068,9402,15,1
2,Payment,1772287715.436136,9792,8,1
1,NewOrder,1772287715.436460,22329,13,1
5,StockLevel,1772287715.438432,16529,7,1
2,Payment,1772287715.438793,14225,12,1
1,NewOrder,1772287715.438975,19782,19,1
2,Payment,1772287715.439850,12647,4,1
5,StockLevel,1772287715.440932,17208,14,1
1,NewOrder,1772287715.442687,15386,3,1
1,NewOrder,1772287715.445108,12064,9,1
2,Payment,1772287715.445457,8564,0,1
1,NewOrder,1772287715.445480,23489,15,1
1,NewOrder,1772287715.445504,33587,22,1
1,NewOrder,1772287715.445934,38622,8,1
1,NewOrder,1772287715.445969,33092,11,1
2,Payment,1772287715.447368,13426,2,1
1,NewOrder,1772287715.449566,14166,23,1
1,NewOrder,1772287715.451252,9943,18,1
2,Payment,1772287715.451546,4510,21,1
4,Delivery,1772287715.452504,45036,4,1
1,NewOrder,1772287715.453027,19526,12,1
2,Payment,1772287715.454030,8328,0,1
2,Payment,1772287715.454927,12290,20,1
2,Payment,1772287715.454984,12200,7,1
2,Payment,1772287715.455243,9193,10,1
1,NewOrder,1772287715.455721,5770,6,1
1,NewOrder,1772287715.456064,5732,21,1
2,Payment,1772287715.456123,5111,16,1
2,Payment,1772287715.456151,8215,5,1
2,Payment,1772287715.457177,12625,9,1
2,Payment,1772287715.458084,9140,3,1
2,Payment,1772287715.458148,8151,14,1
1,NewOrder,1772287715.458765,20992,19,1
1,NewOrder,1772287715.458796,29015,13,1
3,OrderStatus,1772287715.460821,13760,2,1
2,Payment,1772287715.461205,8155,18,1
1,NewOrder,1772287715.461241,21635,16,1
2,Payment,1772287715.461503,13309,6,1
1,NewOrder,1772287715.461802,6823,21,1
1,NewOrder,1772287715.462366,5790,0,1
2,Payment,1772287715.463738,9177,23,1
2,Payment,1772287715.464378,11490,5,1
2,Payment,1772287715.464448,18531,10,1
2,Payment,1772287715.466318,10147,14,1
2,Payment,1772287715.467192,10431,7,1
1,NewOrder,1772287715.467223,25804,20,1
2,Payment,1772287715.467232,16327,3,1
1,NewOrder,1772287715.468160,26638,0,1
1,NewOrder,1772287715.468195,24153,1,1
1,NewOrder,1772287715.468637,18149,21,1
2,Payment,1772287715.468981,9452,15,1
1,NewOrder,1772287715.469367,24976,18,1
1,NewOrder,1772287715.469811,13200,9,1
1,NewOrder,1772287715.472565,34419,12,1
5,StockLevel,1772287715.472925,12490,23,1
1,NewOrder,1772287715.474592,21529,2,1
2,Payment,1772287715.474839,12601,6,1
5,StockLevel,1772287715.475874,19429,5,1
2,Payment,1772287715.476477,6816,14,1
1,NewOrder,1772287715.477633,18758,7,1
2,Payment,1772287715.478441,7896,15,1
1,NewOrder,1772287715.479072,19010,11,1
1,NewOrder,1772287715.479102,17034,22,1
1,NewOrder,1772287715.479770,18328,19,1
1,NewOrder,1772287715.482545,12109,17,1
2,Payment,1772287715.482881,15975,16,1
2,Payment,1772287715.482991,10917,10,1
2,Payment,1772287715.483022,6266,9,1
2,Payment,1772287715.483298,8305,14,1
1,NewOrder,1772287715.483567,25302,3,1
1,NewOrder,1772287715.484562,11969,8,1
4,Delivery,1772287715.485422,49101,23,1
2,Payment,1772287715.486347,14554,15,1
2,Payment,1772287715.486794,8800,21,1
3,OrderStatus,1772287715.487451,11944,6,1
1,NewOrder,1772287715.487819,24815,13,1
1,NewOrder,1772287715.489297,22719,9,1
1,NewOrder,1772287715.491611,30788,14,1
1,NewOrder,1772287715.492361,30547,1,1
1,NewOrder,1772287715.493039,7519,20,1
2,Payment,1772287715.493917,10661,10,1
2,Payment,1772287715.494352,4571,18,1
2,Payment,1772287715.494663,8809,17,1
2,Payment,1772287715.494809,10208,0,1
2,Payment,1772287715.495312,21999,5,1
1,NewOrder,1772287715.495599,23835,21,1
2,Payment,1772287715.496133,12785,2,1
1,NewOrder,1772287715.496147,26318,22,1
1,NewOrder,1772287715.496397,33894,7,1
1,NewOrder,1772287715.496540,28968,8,1
2,Payment,1772287715.497548,23975,4,1
1,NewOrder,1772287715.498090,24396,11,1
1,NewOrder,1772287715.498104,5205,19,1
4,Delivery,1772287715.498863,39036,16,1
2,Payment,1772287715.498935,4077,18,1
2,Payment,1772287715.499402,9535,6,1
1,NewOrder,1772287715.500567,6732,20,1
2,Payment,1772287715.500909,4710,15,1
2,Payment,1772287715.503023,4257,18,1
1,NewOrder,1772287715.503317,10260,19,1
2,Payment,1772287715.503483,5101,17,1
2,Payment,1772287715.504604,8099,10,1
1,NewOrder,1772287715.505028,27012,0,1
1,NewOrder,1772287715.505627,41478,15,1
1,NewOrder,1772287715.506996,23318,12,1
2,Payment,1772287715.507288,5476,18,1
1,NewOrder,1772287715.507305,6844,20,1
1,NewOrder,1772287715.508612,25262,17,1
1,NewOrder,1772287715.508908,27693,3,1
4,Delivery,1772287715.508928,54833,2,1
2,Payment,1772287715.508948,8785,6,1
2,Payment,1772287715.512026,10022,9,1
1,NewOrder,1772287715.512642,18947,13,1
1,NewOrder,1772287715.512714,42244,10,1
2,Payment,1772287715.512773,7668,18,1
1,NewOrder,1772287715.513583,19571,19,1
5,StockLevel,1772287715.514155,11447,20,1
1,NewOrder,1772287715.517326,41375,5,1
1,NewOrder,1772287715.517750,25522,6,1
4,Delivery,1772287715.519442,15421,21,1
2,Payment,1772287715.520449,9296,18,1
1,NewOrder,1772287715.521551,28869,4,1
2,Payment,1772287715.522066,10573,9,1
1,NewOrder,1772287715.522404,32186,14,1
1,NewOrder,1772287715.522477,20400,22,1
2,Payment,1772287715.522497,8154,11,1
2,Payment,1772287715.522930,14059,1,1
1,NewOrder,1772287715.525516,4934,8,1
2,Payment,1772287715.525607,8023,20,1
2,Payment,1772287715.529756,11806,18,1
2,Payment,1772287715.530300,10899,7,1
1,NewOrder,1772287715.530326,29700,12,1
1,NewOrder,1772287715.530459,8778,8,1
1,NewOrder,1772287715.530663,23128,11,1
1,NewOrder,1772287715.531598,9934,13,1
1,NewOrder,1772287715.532067,7561,0,1
2,Payment,1772287715.532647,12217,9,1
4,Delivery,1772287715.533166,3627,19,1
2,Payment,1772287715.533641,11562,20,1
2,Payment,1772287715.533880,8868,17,1
2,Payment,1772287715.534540,14081,23,1
2,Payment,1772287715.534871,15205,21,1
2,Payment,1772287715.536614,8590,3,1
2,Payment,1772287715.536817,22898,19,1
1,NewOrder,1772287715.536996,28792,1,1
1,NewOrder,1772287715.537910,7401,16,1
4,Delivery,1772287715.539253,8470,8,1
2,Payment,1772287715.539655,8556,0,1
1,NewOrder,1772287715.541216,22015,7,1
2,Payment,1772287715.541538,3622,13,1
1,NewOrder,1772287715.541571,45260,18,1
1,NewOrder,1772287715.542774,24061,17,1
2,Payment,1772287715.542889,24124,22,1
2,Payment,1772287715.543287,8163,6,1
1,NewOrder,1772287715.544871,19985,9,1
2,Payment,1772287715.545166,3479,13,1
1,NewOrder,1772287715.545211,36983,20,1
2,Payment,1772287715.545213,9714,3,1
1,NewOrder,1772287715.545322,20992,16,1
1,NewOrder,1772287715.547111,18260,15,1
2,Payment,1772287715.547734,5694,8,1
2,Payment,1772287715.548236,8354,0,1
4,Delivery,1772287715.548639,48999,23,1
1,NewOrder,1772287715.548661,21749,13,1
1,NewOrder,1772287715.550095,33411,21,1
5,StockLevel,1772287715.550427,17905,4,1
1,NewOrder,1772287715.551476,17443,6,1
1,NewOrder,1772287715.553439,19874,8,1
2,Payment,1772287715.553801,8353,11,1
2,Payment,1772287715.554605,5724,14,1
1,NewOrder,1772287715.554934,36990,3,1
1,NewOrder,1772287715.554970,19245,10,1
2,Payment,1772287715.556608,5887,0,1
2,Payment,1772287715.558709,17747,5,1
2,Payment,1772287715.559744,16326,19,1
1,NewOrder,1772287715.560048,26779,12,1
2,Payment,1772287715.560338,8139,14,1
2,Payment,1772287715.562161,14270,11,1
1,NewOrder,1772287715.562503,34830,0,1
1,NewOrder,1772287715.563238,9170,7,1
1,NewOrder,1772287715.563772,17276,2,1
2,Payment,1772287715.564863,14638,9,1
2,Payment,1772287715.565378,11069,15,1
2,Payment,1772287715.565801,14925,1,1
1,NewOrder,1772287715.566327,25282,16,1
1,NewOrder,1772287715.566846,4336,17,1
1,NewOrder,1772287715.567025,24265,22,1
3,OrderStatus,1772287715.568338,11032,4,1
1,NewOrder,1772287715.568489,29394,14,1
2,Payment,1772287715.568930,12220,6,1
2,Payment,1772287715.570422,14091,13,1
1,NewOrder,1772287715.571202,5173,17,1
2,Payment,1772287715.572413,14748,7,1
1,NewOrder,1772287715.573325,21495,8,1
2,Payment,1772287715.574237,18392,10,1
1,NewOrder,1772287715.576083,31588,19,1
2,Payment,1772287715.576386,9589,17,1
1,NewOrder,1772287715.576443,32740,11,1
1,NewOrder,1772287715.576458,27676,15,1
1,NewOrder,1772287715.576468,24173,5,1
2,Payment,1772287715.579378,11173,4,1
2,Payment,1772287715.579511,15817,9,1
2,Payment,1772287715.580734,11170,1,1
1,NewOrder,1772287715.581063,20009,2,1
1,NewOrder,1772287715.581170,21737,6,1
2,Payment,1772287715.582206,5708,20,1
1,NewOrder,1772287715.583516,15997,21,1
1,NewOrder,1772287715.584522,27679,13,1
1,NewOrder,1772287715.585987,23574,17,1
2,Payment,1772287715.586834,7291,12,1
3,OrderStatus,1772287715.586843,8308,18,1
2,Payment,1772287715.587169,10806,7,1
1,NewOrder,1772287715.587926,14504,20,1
1,NewOrder,1772287715.590563,20010,4,1
2,Payment,1772287715.591298,6558,22,1
2,Payment,1772287715.591621,6073,16,1
1,NewOrder,1772287715.591911,46084,1,1
1,NewOrder,1772287715.591935,23447,3,1
4,Delivery,1772287715.592635,27394,10,1
1,NewOrder,1772287715.594131,15430,12,1
1,NewOrder,1772287715.594832,17906,8,1
1,NewOrder,1772287715.595157,38069,18,1
2,Payment,1772287715.595338,9818,9,1
2,Payment,1772287715.597345,5946,0,1
5,StockLevel,1772287715.597645,17306,23,1
1,NewOrder,1772287715.597702,21198,16,1
2,Payment,1772287715.597863,5694,22,1
1,NewOrder,1772287715.597894,37067,14,1
2,Payment,1772287715.597983,16245,7,1
2,Payment,1772287715.599525,9705,21,1
1,NewOrder,1772287715.600648,16077,5,1
2,Payment,1772287715.601080,23546,2,1
3,OrderStatus,1772287715.602442,11186,20,1
2,Payment,1772287715.602915,18517,6,1
5,StockLevel,1772287715.603298,36914,0,1
2,Payment,1772287715.603563,12381,22,1
2,Payment,1772287715.604141,5398,15,1
5,StockLevel,1772287715.605162,29536,9,1
1,NewOrder,1772287715.607680,43194,19,1
1,NewOrder,1772287715.609196,28337,11,1
5,StockLevel,1772287715.609239,16140,21,1
2,Payment,1772287715.609546,11407,15,1
1,NewOrder,1772287715.609571,35928,12,1
3,OrderStatus,1772287715.609575,9673,17,1
4,Delivery,1772287715.610580,11933,4,1
3,OrderStatus,1772287715.612207,2594,13,1
2,Payment,1772287715.612745,10860,8,1
2,Payment,1772287715.613638,7674,20,1
1,NewOrder,1772287715.614236,32397,7,1
1,NewOrder,1772287715.614811,6813,13,1
2,Payment,1772287715.614960,10061,23,1
1,NewOrder,1772287715.615387,29497,3,1
4,Delivery,1772287715.615952,51333,22,1
2,Payment,1772287715.616735,10242,5,1
2,Payment,1772287715.618907,9963,16,1
2,Payment,1772287715.619259,13284,17,1
1,NewOrder,1772287715.620036,10312,10,1
5,StockLevel,1772287715.620962,23663,15,1
1,NewOrder,1772287715.621321,20223,20,1
2,Payment,1772287715.621437,4794,6,1
1,NewOrder,1772287715.621630,25730,13,1
4,Delivery,1772287715.622520,20024,4,1
2,Payment,1772287715.623614,4903,8,1
1,NewOrder,1772287715.624634,36895,2,1
1,NewOrder,1772287715.625030,21579,23,1
5,StockLevel,1772287715.625390,15248,21,1
2,Payment,1772287715.626238,4977,6,1
2,Payment,1772287715.626988,2968,5,1
1,NewOrder,1772287715.628525,16954,8,1
1,NewOrder,1772287715.628878,31247,16,1
2,Payment,1772287715.629964,2895,5,1
2,Payment,1772287715.630354,2559,10,1
2,Payment,1772287715.631223,4504,6,1
4,Delivery,1772287715.632555,40805,17,1
2,Payment,1772287715.632866,2493,5,1
2,Payment,1772287715.632921,5067,10,1
1,NewOrder,1772287715.633235,21868,18,1
1,NewOrder,1772287715.634708,19037,9,1
1,NewOrder,1772287715.634968,28228,14,1
1,NewOrder,1772287715.635365,10772,5,1
3,OrderStatus,1772287715.635733,5598,6,1
1,NewOrder,1772287715.637540,15495,11,1
2,Payment,1772287715.637992,1968,10,1
4,Delivery,1772287715.638006,4770,1,1
2,Payment,1772287715.639967,3209,10,1
1,NewOrder,1772287715.640224,36321,0,1
4,Delivery,1772287715.640645,26855,21,1
1,NewOrder,1772287715.641341,17540,6,1
1,NewOrder,1772287715.641555,22421,20,1
1,NewOrder,1772287715.642551,14089,4,1
2,Payment,1772287715.642785,7592,1,1
2,Payment,1772287715.643185,4898,10,1
1,NewOrder,1772287715.644632,36863,15,1
2,Payment,1772287715.644891,8492,3,1
1,NewOrder,1772287715.645484,18776,8,1
1,NewOrder,1772287715.645505,21132,12,1
3,OrderStatus,1772287715.646146,5233,5,1
1,NewOrder,1772287715.646616,11907,23,1
2,Payment,1772287715.646641,6692,7,1
1,NewOrder,1772287715.647367,14381,13,1
5,StockLevel,1772287715.648088,10537,10,1
2,Payment,1772287715.650384,8677,1,1
1,NewOrder,1772287715.650880,29493,19,1
1,NewOrder,1772287715.651388,15867,5,1
1,NewOrder,1772287715.653047,28773,11,1
2,Payment,1772287715.653341,8216,7,1
2,Payment,1772287715.653390,7444,3,1
2,Payment,1772287715.653750,11626,9,1
2,Payment,1772287715.655111,4139,18,1
2,Payment,1772287715.656647,15052,4,1
1,NewOrder,1772287715.658529,11362,23,1
2,Payment,1772287715.658634,21772,10,1
2,Payment,1772287715.658888,13923,6,1
3,OrderStatus,1772287715.659072,14779,1,1
2,Payment,1772287715.659256,5385,18,1
1,NewOrder,1772287715.660131,8139,16,1
1,NewOrder,1772287715.660840,20934,3,1
4,Delivery,1772287715.661538,43893,2,1
1,NewOrder,1772287715.661564,49056,7,1
1,NewOrder,1772287715.661754,32738,13,1
2,Payment,1772287715.663205,8838,14,1
1,NewOrder,1772287715.663987,27797,20,1
2,Payment,1772287715.664265,19503,8,1
1,NewOrder,1772287715.664645,19418,18,1
2,Payment,1772287715.665385,20725,9,1
1,NewOrder,1772287715.666647,7270,12,1
1,NewOrder,1772287715.667263,6632,5,1
4,Delivery,1772287715.667293,56264,22,1
2,Payment,1772287715.667508,4510,21,1
1,NewOrder,1772287715.668277,8577,16,1
4,Delivery,1772287715.669898,53933,23,1
1,NewOrder,1772287715.671711,35466,4,1
2,Payment,1772287715.672025,7966,21,1
1,NewOrder,1772287715.672052,35450,14,1
1,NewOrder,1772287715.672823,43077,6,1
1,NewOrder,1772287715.673369,8429,17,1
1,NewOrder,1772287715.673865,35916,1,1
2,Payment,1772287715.673923,2957,5,1
3,OrderStatus,1772287715.673939,2891,12,1
2,Payment,1772287715.676565,10305,0,1
1,NewOrder,1772287715.676850,5279,12,1
1,NewOrder,1772287715.676869,24978,16,1
1,NewOrder,1772287715.676897,24708,5,1
1,NewOrder,1772287715.680017,29335,21,1
2,Payment,1772287715.680382,9999,19,1
2,Payment,1772287715.680413,8815,10,1
1,NewOrder,1772287715.681502,27407,15,1
1,NewOrder,1772287715.681782,10942,3,1
2,Payment,1772287715.681808,2332,17,1
2,Payment,1772287715.681827,10921,11,1
1,NewOrder,1772287715.682138,5827,12,1
1,NewOrder,1772287715.683777,28952,8,1
1,NewOrder,1772287715.684069,28721,18,1
2,Payment,1772287715.684147,1668,17,1
1,NewOrder,1772287715.685842,4954,17,1
2,Payment,1772287715.686137,10797,9,1
2,Payment,1772287715.686877,8713,0,1
1,NewOrder,1772287715.687971,6867,12,1
1,NewOrder,1772287715.689241,43838,10,1
2,Payment,1772287715.690390,13873,19,1
1,NewOrder,1772287715.690823,9829,17,1
1,NewOrder,1772287715.691800,19295,20,1
2,Payment,1772287715.692743,6425,3,1
3,OrderStatus,1772287715.692761,5454,11,1
2,Payment,1772287715.694501,12655,13,1
1,NewOrder,1772287715.694843,16186,12,1
1,NewOrder,1772287715.695598,17144,0,1
1,NewOrder,1772287715.696945,17917,9,1
5,StockLevel,1772287715.698232,17414,11,1
1,NewOrder,1772287715.699185,25647,3,1
1,NewOrder,1772287715.700678,16208,17,1
4,Delivery,1772287715.701631,4893,5,1
2,Payment,1772287715.701862,10425,16,1
1,NewOrder,1772287715.704272,20575,19,1
1,NewOrder,1772287715.705444,20863,2,1
2,Payment,1772287715.706546,7597,5,1
2,Payment,1772287715.707183,7050,13,1
2,Payment,1772287715.707194,17283,4,1
1,NewOrder,1772287715.707547,17725,14,1
2,Payment,1772287715.708916,7510,15,1
2,Payment,1772287715.709363,4389,21,1
2,Payment,1772287715.709786,18150,1,1
2,Payment,1772287715.710632,6205,7,1
1,NewOrder,1772287715.711041,39542,12,1
2,Payment,1772287715.711103,6907,20,1
1,NewOrder,1772287715.712313,12845,16,1
1,NewOrder,1772287715.712757,30336,8,1
1,NewOrder,1772287715.712758,22490,0,1
1,NewOrder,1772287715.712815,26270,18,1
2,Payment,1772287715.713764,8627,21,1
1,NewOrder,1772287715.714154,36022,5,1
2,Payment,1772287715.714238,15039,13,1
1,NewOrder,1772287715.714866,14988,9,1
1,NewOrder,1772287715.715654,10520,11,1
1,NewOrder,1772287715.715919,32229,6,1
1,NewOrder,1772287715.716440,33063,15,1
4,Delivery,1772287715.716853,40967,7,1
2,Payment,1772287715.716912,15441,17,1
1,NewOrder,1772287715.718022,29307,20,1
1,NewOrder,1772287715.722402,32351,21,1
1,NewOrder,1772287715.723565,27819,22,1
2,Payment,1772287715.723840,11526,23,1
1,NewOrder,1772287715.724503,39186,4,1
1,NewOrder,1772287715.724859,28528,3,1
1,NewOrder,1772287715.724869,19793,19,1
1,NewOrder,1772287715.725170,12106,16,1
1,NewOrder,1772287715.725284,31825,14,1
1,NewOrder,1772287715.726187,10685,11,1
1,NewOrder,1772287715.726319,7819,2,1
2,Payment,1772287715.727953,9271,1,1
5,StockLevel,1772287715.729286,19683,13,1
1,NewOrder,1772287715.729859,16050,9,1
2,Payment,1772287715.732364,4136,17,1
1,NewOrder,1772287715.733096,22070,10,1
2,Payment,1772287715.734146,5459,2,1
2,Payment,1772287715.735275,15325,0,1
3,OrderStatus,1772287715.735392,6187,23,1
1,NewOrder,1772287715.736509,26075,17,1
2,Payment,1772287715.736880,4826,11,1
1,NewOrder,1772287715.737236,34223,1,1
1,NewOrder,1772287715.737284,23059,16,1
1,NewOrder,1772287715.739096,29695,18,1
2,Payment,1772287715.739617,12945,2,1
2,Payment,1772287715.741590,6546,23,1
1,NewOrder,1772287715.741714,15767,11,1
3,OrderStatus,1772287715.743102,9552,8,1
1,NewOrder,1772287715.744673,20535,19,1
3,OrderStatus,1772287715.745922,10724,9,1
1,NewOrder,1772287715.747337,17017,20,1
2,Payment,1772287715.748162,7020,23,1
1,NewOrder,1772287715.748170,25035,6,1
1,NewOrder,1772287715.748994,19729,13,1
1,NewOrder,1772287715.749516,15704,15,1
1,NewOrder,1772287715.750202,16244,5,1
1,NewOrder,1772287715.750589,18160,12,1
2,Payment,1772287715.750610,10082,0,1
1,NewOrder,1772287715.751403,22910,22,1
1,NewOrder,1772287715.752585,17028,2,1
4,Delivery,1772287715.752667,5363,8,1
2,Payment,1772287715.753395,11868,3,1
2,Payment,1772287715.754766,27044,21,1
2,Payment,1772287715.755172,11285,10,1
2,Payment,1772287715.755193,7714,23,1
2,Payment,1772287715.756673,11717,9,1
1,NewOrder,1772287715.757114,21684,14,1
5,StockLevel,1772287715.757494,10157,11,1
2,Payment,1772287715.757831,18183,7,1
2,Payment,1772287715.758036,22967,8,1
1,NewOrder,1772287715.760355,13512,16,1
2,Payment,1772287715.760704,9767,0,1
2,Payment,1772287715.762595,9404,17,1
3,OrderStatus,1772287715.762913,9502,23,1
1,NewOrder,1772287715.763698,14484,4,1
1,NewOrder,1772287715.764358,14141,20,1
4,Delivery,1772287715.765219,18137,19,1
1,NewOrder,1772287715.765228,12061,15,1
2,Payment,1772287715.765272,7874,3,1
2,Payment,1772287715.766471,9017,5,1
2,Payment,1772287715.766483,18413,10,1
2,Payment,1772287715.767663,18825,11,1
1,NewOrder,1772287715.768396,17763,9,1
1,NewOrder,1772287715.768730,23201,13,1
2,Payment,1772287715.768760,8437,12,1
2,Payment,1772287715.768802,15634,18,1
1,NewOrder,1772287715.769634,15364,2,1
1,NewOrder,1772287715.770481,16113,0,1
1,NewOrder,1772287715.771466,15949,1,1
3,OrderStatus,1772287715.772009,7689,17,1
4,Delivery,1772287715.772420,11179,23,1
1,NewOrder,1772287715.773154,19727,3,1
2,Payment,1772287715.773213,21779,6,1
1,NewOrder,1772287715.773901,22680,16,1
1,NewOrder,1772287715.774317,11896,22,1
1,NewOrder,1772287715.775499,9015,5,1
2,Payment,1772287715.776040,21462,7,1
2,Payment,1772287715.777208,5619,12,1
2,Payment,1772287715.777301,1526,15,1
2,Payment,1772287715.778189,5225,4,1
2,Payment,1772287715.778504,7269,20,1
2,Payment,1772287715.778810,12618,14,1
4,Delivery,1772287715.778837,29936,15,1
2,Payment,1772287715.779709,13667,17,1
1,NewOrder,1772287715.781010,21186,8,1
2,Payment,1772287715.781824,13869,21,1
1,NewOrder,1772287715.782846,31410,12,1
1,NewOrder,1772287715.783366,30914,19,1
2,Payment,1772287715.783426,5508,4,1
2,Payment,1772287715.783608,14052,23,1
2,Payment,1772287715.784461,16047,18,1
1,NewOrder,1772287715.784536,12655,5,1
2,Payment,1772287715.784909,15235,10,1
1,NewOrder,1772287715.785008,11494,2,1
1,NewOrder,1772287715.785784,16717,20,1
1,NewOrder,1772287715.786166,21209,9,1
2,Payment,1772287715.786219,19798,22,1
2,Payment,1772287715.786497,15508,11,1
2,Payment,1772287715.786599,6800,0,1
5,StockLevel,1772287715.787441,8879,1,1
1,NewOrder,1772287715.788942,16551,4,1
2,Payment,1772287715.791436,7737,14,1
2,Payment,1772287715.791943,8729,13,1
3,OrderStatus,1772287715.792892,4650,3,1
2,Payment,1772287715.793386,11764,17,1
5,StockLevel,1772287715.793411,16180,0,1
2,Payment,1772287715.795008,8885,6,1
2,Payment,1772287715.795704,16813,21,1
2,Payment,1772287715.796332,4144,1,1
3,OrderStatus,1772287715.796513,2765,2,1
1,NewOrder,1772287715.796593,10464,16,1
2,Payment,1772287715.797198,8744,5,1
1,NewOrder,1772287715.797508,17066,7,1
1,NewOrder,1772287715.797554,28419,3,1
1,NewOrder,1772287715.797667,16932,23,1
2,Payment,1772287715.799179,16263,14,1
2,Payment,1772287715.799282,9508,2,1
1,NewOrder,1772287715.800155,15747,10,1
5,StockLevel,1772287715.800487,8186,1,1
1,NewOrder,1772287715.800516,32450,18,1
2,Payment,1772287715.800681,7748,13,1
1,NewOrder,1772287715.802014,12164,11,1
2,Payment,1772287715.802203,3566,8,1
3,OrderStatus,1772287715.802513,5875,20,1
1,NewOrder,1772287715.803903,12456,6,1
2,Payment,1772287715.805184,11803,17,1
1,NewOrder,1772287715.805500,12614,4,1
2,Payment,1772287715.805773,5582,8,1
4,Delivery,1772287715.805950,60277,5,1
1,NewOrder,1772287715.806022,30300,22,1
2,Payment,1772287715.807064,12602,16,1
3,OrderStatus,1772287715.807385,10769,9,1
1,NewOrder,1772287715.808400,7855,20,1
2,Payment,1772287715.808441,13392,13,1
2,Payment,1772287715.808679,7949,1,1
1,NewOrder,1772287715.808785,24246,15,1
2,Payment,1772287715.808797,4989,2,1
1,NewOrder,1772287715.809598,24250,0,1
2,Payment,1772287715.811361,6347,8,1
2,Payment,1772287715.812528,10103,21,1
2,Payment,1772287715.813791,8070,2,1
1,NewOrder,1772287715.814191,18899,11,1
2,Payment,1772287715.814261,11737,12,1
2,Payment,1772287715.814292,14728,19,1
1,NewOrder,1772287715.814580,8098,7,1
2,Payment,1772287715.814610,18012,23,1
2,Payment,1772287715.815446,13263,14,1
2,Payment,1772287715.815929,5499,10,1
1,NewOrder,1772287715.816281,5610,20,1
2,Payment,1772287715.816371,7751,6,1
2,Payment,1772287715.816638,8997,1,1
4,Delivery,1772287715.816999,52618,17,1
1,NewOrder,1772287715.817734,26903,8,1
2,Payment,1772287715.818126,11001,4,1
2,Payment,1772287715.818168,9712,9,1
4,Delivery,1772287715.819677,50561,16,1
2,Payment,1772287715.821439,23269,10,1
5,StockLevel,1772287715.821844,22863,13,1
1,NewOrder,1772287715.821873,24518,2,1
2,Payment,1772287715.821897,12162,20,1
1,NewOrder,1772287715.822640,34956,21,1
2,Payment,1772287715.822689,8589,7,1
5,StockLevel,1772287715.824138,11898,6,1
2,Payment,1772287715.825645,7667,1,1
1,NewOrder,1772287715.825984,19641,3,1
1,NewOrder,1772287715.826007,27378,12,1
2,Payment,1772287715.827892,24387,9,1
1,NewOrder,1772287715.828735,27782,14,1
1,NewOrder,1772287715.829046,31914,19,1
2,Payment,1772287715.829138,20780,4,1
2,Payment,1772287715.831293,22861,7,1
1,NewOrder,1772287715.832649,30076,23,1
2,Payment,1772287715.832984,14395,18,1
1,NewOrder,1772287715.833051,32713,15,1
1,NewOrder,1772287715.833102,23738,11,1
4,Delivery,1772287715.833319,33185,1,1
2,Payment,1772287715.833859,18887,0,1
1,NewOrder,1772287715.834064,19505,20,1
1,NewOrder,1772287715.836041,23093,6,1
3,OrderStatus,1772287715.836333,15680,22,1
2,Payment,1772287715.844647,17705,8,1
2,Payment,1772287715.844722,14799,10,1
1,NewOrder,1772287715.844723,16262,13,1
3,OrderStatus,1772287715.845633,3580,3,1
2,Payment,1772287715.846401,9511,2,1
2,Payment,1772287715.847394,3215,18,1
1,NewOrder,1772287715.849221,11471,3,1
2,Payment,1772287715.849944,9536,4,1
2,Payment,1772287715.850616,2095,18,1
1,NewOrder,1772287715.852023,12655,22,1
2,Payment,1772287715.852284,14042,9,1
1,NewOrder,1772287715.852717,16968,18,1
1,NewOrder,1772287715.852757,26491,0,1
1,NewOrder,1772287715.853391,19494,12,1
1,NewOrder,1772287715.853581,22275,20,1
2,Payment,1772287715.854160,16638,7,1
1,NewOrder,1772287715.855919,17335,2,1
4,Delivery,1772287715.856523,13558,14,1
1,NewOrder,1772287715.856852,12790,11,1
2,Payment,1772287715.857601,5157,21,1
3,OrderStatus,1772287715.859141,3807,6,1
2,Payment,1772287715.859487,9624,4,1
3,OrderStatus,1772287715.859527,8338,10,1
2,Payment,1772287715.860704,9972,3,1
1,NewOrder,1772287715.860966,14690,19,1
4,Delivery,1772287715.860997,8990,13,1
2,Payment,1772287715.862362,14619,8,1
1,NewOrder,1772287715.862741,18325,23,1
2,Payment,1772287715.862776,6812,21,1
1,NewOrder,1772287715.862968,7073,6,1
2,Payment,1772287715.864691,11650,22,1
1,NewOrder,1772287715.865775,13453,15,1
2,Payment,1772287715.866236,12616,5,1
1,NewOrder,1772287715.866331,16799,9,1
2,Payment,1772287715.866511,18914,1,1
1,NewOrder,1772287715.867873,13517,10,1
2,Payment,1772287715.869122,18937,4,1
2,Payment,1772287715.869600,15522,21,1
1,NewOrder,1772287715.869622,40319,17,1
2,Payment,1772287715.869648,19253,11,1
2,Payment,1772287715.869692,13522,18,1
1,NewOrder,1772287715.869993,34313,13,1
1,NewOrder,1772287715.870046,18285,6,1
2,Payment,1772287715.870089,6424,14,1
1,NewOrder,1772287715.870246,17780,16,1
5,StockLevel,1772287715.870684,28767,3,1
2,Payment,1772287715.870804,10638,7,1
1,NewOrder,1772287715.872897,37215,12,1
2,Payment,1772287715.873260,19298,2,1
2,Payment,1772287715.875663,14412,19,1
1,NewOrder,1772287715.875865,7963,20,1
2,Payment,1772287715.876352,18099,22,1
2,Payment,1772287715.876525,5843,14,1
3,OrderStatus,1772287715.876986,10862,8,1
1,NewOrder,1772287715.878867,30562,5,1
2,Payment,1772287715.879234,7846,15,1
5,StockLevel,1772287715.879260,23312,0,1
1,NewOrder,1772287715.881077,10028,23,1
1,NewOrder,1772287715.881401,12049,10,1
2,Payment,1772287715.881448,11448,7,1
2,Payment,1772287715.882379,7175,14,1
2,Payment,1772287715.883144,15070,9,1
1,NewOrder,1772287715.883240,22649,18,1
1,NewOrder,1772287715.883846,13213,20,1
1,NewOrder,1772287715.885148,20003,21,1
2,Payment,1772287715.885433,11944,1,1
1,NewOrder,1772287715.887090,29397,15,1
1,NewOrder,1772287715.887860,28636,8,1
1,NewOrder,1772287715.888033,39407,16,1
1,NewOrder,1772287715.888067,38905,4,1
3,OrderStatus,1772287715.888343,6067,6,1
1,NewOrder,1772287715.888908,23449,11,1
2,Payment,1772287715.889560,10660,14,1
5,StockLevel,1772287715.890083,17701,19,1
2,Payment,1772287715.891112,4993,23,1
2,Payment,1772287715.892566,8698,2,1
4,Delivery,1772287715.892908,38234,7,1
2,Payment,1772287715.893455,7210,10,1
1,NewOrder,1772287715.894421,40888,6,1
1,NewOrder,1772287715.894463,16834,22,1
2,Payment,1772287715.896115,3327,23,1
1,NewOrder,1772287715.897067,11669,20,1
1,NewOrder,1772287715.897383,35022,1,1
1,NewOrder,1772287715.898225,31610,9,1
2,Payment,1772287715.899448,6109,23,1
2,Payment,1772287715.899459,21826,3,1
2,Payment,1772287715.900226,6300,14,1
1,NewOrder,1772287715.900676,34116,10,1
2,Payment,1772287715.901280,8626,2,1
1,NewOrder,1772287715.902583,14154,0,1
2,Payment,1772287715.904318,11376,13,1
2,Payment,1772287715.905176,10263,21,1
3,OrderStatus,1772287715.905567,11948,23,1
2,Payment,1772287715.905896,17590,18,1
1,NewOrder,1772287715.906551,24845,14,1
2,Payment,1772287715.907792,17775,19,1
1,NewOrder,1772287715.908754,24455,20,1
1,NewOrder,1772287715.909435,8389,5,1
5,StockLevel,1772287715.909917,33114,2,1
4,Delivery,1772287715.909953,45567,17,1
2,Payment,1772287715.910124,15468,12,1
1,NewOrder,1772287715.911309,6489,22,1
5,StockLevel,1772287715.912368,4325,11,1
1,NewOrder,1772287715.915451,27911,21,1
1,NewOrder,1772287715.915698,29772,13,1
2,Payment,1772287715.916498,13997,15,1
2,Payment,1772287715.916506,8609,8,1
2,Payment,1772287715.916704,10706,11,1
1,NewOrder,1772287715.916744,26267,0,1
1,NewOrder,1772287715.917527,5062,23,1
5,StockLevel,1772287715.917807,1634,22,1
2,Payment,1772287715.917831,5307,5,1
1,NewOrder,1772287715.919452,3737,22,1
2,Payment,1772287715.921296,5752,3,1
1,NewOrder,1772287715.922599,36189,23,1
2,Payment,1772287715.923148,7373,5,1
1,NewOrder,1772287715.923197,11043,22,1
2,Payment,1772287715.923494,6918,18,1
5,StockLevel,1772287715.925121,16710,8,1
2,Payment,1772287715.925580,10989,19,1
1,NewOrder,1772287715.925603,37593,12,1
2,Payment,1772287715.926979,16452,4,1
2,Payment,1772287715.927060,10316,3,1
2,Payment,1772287715.927415,3047,11,1
2,Payment,1772287715.927450,9817,16,1
1,NewOrder,1772287715.929840,11700,9,1
5,StockLevel,1772287715.930419,21416,18,1
1,NewOrder,1772287715.930469,23546,11,1
2,Payment,1772287715.930506,13116,15,1
2,Payment,1772287715.930526,15318,5,1
1,NewOrder,1772287715.931153,34848,7,1
2,Payment,1772287715.931402,18972,14,1
1,NewOrder,1772287715.932412,13827,1,1
2,Payment,1772287715.933221,9300,20,1
1,NewOrder,1772287715.934251,25056,22,1
1,NewOrder,1772287715.934799,18670,10,1
5,StockLevel,1772287715.935315,9776,6,1
2,Payment,1772287715.936574,13389,19,1
5,StockLevel,1772287715.937270,28153,16,1
1,NewOrder,1772287715.937382,40187,3,1
1,NewOrder,1772287715.941552,11437,9,1
1,NewOrder,1772287715.941837,14011,8,1
1,NewOrder,1772287715.942525,41733,20,1
5,StockLevel,1772287715.943023,7951,0,1
1,NewOrder,1772287715.943037,16167,2,1
2,Payment,1772287715.943369,12709,21,1
2,Payment,1772287715.943441,11538,4,1
1,NewOrder,1772287715.943629,38678,15,1
2,Payment,1772287715.945098,3916,6,1
3,OrderStatus,1772287715.945477,10959,13,1
5,StockLevel,1772287715.945851,13019,5,1
2,Payment,1772287715.946247,16417,1,1
2,Payment,1772287715.949021,4785,6,1
1,NewOrder,1772287715.949972,19397,19,1
2,Payment,1772287715.950385,14468,14,1
2,Payment,1772287715.950985,14681,0,1
1,NewOrder,1772287715.951846,11618,18,1
1,NewOrder,1772287715.952997,6227,9,1
1,NewOrder,1772287715.953476,6804,10,1
3,OrderStatus,1772287715.953814,2739,6,1
1,NewOrder,1772287715.954025,30022,11,1
1,NewOrder,1772287715.954984,26521,4,1
1,NewOrder,1772287715.955527,25426,17,1
2,Payment,1772287715.955854,11040,8,1
1,NewOrder,1772287715.956084,28198,21,1
2,Payment,1772287715.956443,11731,13,1
1,NewOrder,1772287715.956559,4921,6,1
1,NewOrder,1772287715.958794,26301,23,1
2,Payment,1772287715.958878,10370,5,1
1,NewOrder,1772287715.959209,24744,2,1
1,NewOrder,1772287715.959230,25105,9,1
1,NewOrder,1772287715.959318,24234,22,1
2,Payment,1772287715.960289,8535,10,1
1,NewOrder,1772287715.961485,4108,6,1
2,Payment,1772287715.962672,9818,1,1
2,Payment,1772287715.963202,10395,12,1
1,NewOrder,1772287715.963471,6982,18,1
2,Payment,1772287715.964859,13283,14,1
2,Payment,1772287715.965428,19801,16,1
1,NewOrder,1772287715.965598,17656,6,1
2,Payment,1772287715.965674,12371,0,1
1,NewOrder,1772287715.966008,30856,7,1
2,Payment,1772287715.966899,5038,8,1
2,Payment,1772287715.968181,18538,13,1
2,Payment,1772287715.968831,5345,10,1
4,Delivery,1772287715.969254,49781,5,1
1,NewOrder,1772287715.969377,16489,19,1
1,NewOrder,1772287715.970459,27911,18,1
2,Payment,1772287715.971943,10676,8,1
1,NewOrder,1772287715.972498,24337,1,1
1,NewOrder,1772287715.973602,28445,12,1
1,NewOrder,1772287715.974182,12183,10,1
2,Payment,1772287715.977577,5574,3,1
1,NewOrder,1772287715.978052,24593,0,1
1,NewOrder,1772287715.978147,22658,14,1
1,NewOrder,1772287715.980961,8394,17,1
2,Payment,1772287715.981518,9594,4,1
2,Payment,1772287715.982314,6471,15,1
1,NewOrder,1772287715.982625,28386,8,1
2,Payment,1772287715.983155,19525,3,1
1,NewOrder,1772287715.983257,23440,6,1
2,Payment,1772287715.983565,7879,22,1
2,Payment,1772287715.983965,13600,2,1
2,Payment,1772287715.984053,7415,11,1
3,OrderStatus,1772287715.984263,10937,20,1
1,NewOrder,1772287715.984288,27203,21,1
1,NewOrder,1772287715.984341,43812,9,1
2,Payment,1772287715.985100,9082,23,1
2,Payment,1772287715.985235,5559,16,1
2,Payment,1772287715.985871,11233,19,1
2,Payment,1772287715.986371,10072,10,1
1,NewOrder,1772287715.986727,18376,13,1
1,NewOrder,1772287715.988794,53075,15,1
1,NewOrder,1772287715.989362,11768,17,1
1,NewOrder,1772287715.990802,67403,16,1
2,Payment,1772287715.991123,16837,4,1
1,NewOrder,1772287715.991449,40762,22,1
1,NewOrder,1772287715.991474,55848,11,1
1,NewOrder,1772287715.994189,15154,23,1
1,NewOrder,1772287715.995207,23804,20,1
1,NewOrder,1772287715.996448,66542,10,1
1,NewOrder,1772287715.996841,54533,1,1
2,Payment,1772287715.996871,7610,7,1
1,NewOrder,1772287715.997114,14992,19,1
3,OrderStatus,1772287715.997570,13624,2,1
1,NewOrder,1772287715.998375,18013,18,1
1,NewOrder,1772287716.000815,13571,14,1
1,NewOrder,1772287716.001137,12620,17,1
1,NewOrder,1772287716.002052,14734,12,1
1,NewOrder,1772287716.002651,22098,0,1
2,Payment,1772287716.002688,11100,3,1
2,Payment,1772287716.004487,9392,7,1
2,Payment,1772287716.005108,7955,13,1
1,NewOrder,1772287716.006703,16733,6,1
2,Payment,1772287716.007967,11103,4,1
1,NewOrder,1772287716.009351,49926,23,1
2,Payment,1772287716.011023,7504,8,1
1,NewOrder,1772287716.011200,44358,2,1
3,OrderStatus,1772287716.011497,4955,21,1
2,Payment,1772287716.012111,5661,19,1
1,NewOrder,1772287716.013070,51876,13,1
2,Payment,1772287716.013761,9699,17,1
2,Payment,1772287716.013795,20084,3,1
1,NewOrder,1772287716.013886,43985,7,1
1,NewOrder,1772287716.014398,11473,14,1
1,NewOrder,1772287716.016394,12203,18,1
1,NewOrder,1772287716.016460,10175,21,1
2,Payment,1772287716.016795,21245,12,1
3,OrderStatus,1772287716.017776,14192,19,1
2,Payment,1772287716.018538,17307,8,1
1,NewOrder,1772287716.019017,35573,20,1
1,NewOrder,1772287716.019041,40921,5,1
1,NewOrder,1772287716.019078,51771,4,1
2,Payment,1772287716.023444,15192,6,1
2,Payment,1772287716.023468,24803,17,1
2,Payment,1772287716.024757,13852,0,1
1,NewOrder,1772287716.025880,9497,14,1
3,OrderStatus,1772287716.026643,1236,21,1
2,Payment,1772287716.027886,2530,21,1
4,Delivery,1772287716.028161,35407,9,1
1,NewOrder,1772287716.028605,10546,18,1
2,Payment,1772287716.030435,4365,21,1
1,NewOrder,1772287716.031977,34117,19,1
1,NewOrder,1772287716.032221,30211,22,1
1,NewOrder,1772287716.033890,41549,3,1
4,Delivery,1772287716.034819,24804,21,1
2,Payment,1772287716.035405,18756,14,1
1,NewOrder,1772287716.035861,25278,8,1
1,NewOrder,1772287716.038061,29143,12,1
4,Delivery,1772287716.038615,6629,0,1
2,Payment,1772287716.038645,3708,6,1
1,NewOrder,1772287716.039160,12983,18,1
2,Payment,1772287716.041882,15667,15,1
1,NewOrder,1772287716.042360,13813,6,1
2,Payment,1772287716.045269,4163,0,1
2,Payment,1772287716.047332,9241,11,1
2,Payment,1772287716.048288,15170,17,1
5,StockLevel,1772287716.049443,9809,0,1
3,OrderStatus,1772287716.051381,7563,1,1
5,StockLevel,1772287716.052169,8653,18,1
2,Payment,1772287716.054186,11265,14,1
2,Payment,1772287716.054616,3450,20,1
3,OrderStatus,1772287716.055569,8409,2,1
1,NewOrder,1772287716.056189,8780,6,1
1,NewOrder,1772287716.056593,26236,11,1
2,Payment,1772287716.057559,24427,15,1
1,NewOrder,1772287716.057882,17914,7,1
1,NewOrder,1772287716.058078,25179,20,1
2,Payment,1772287716.058216,16313,16,1
5,StockLevel,1772287716.058953,13528,1,1
2,Payment,1772287716.059258,4166,0,1
1,NewOrder,1772287716.059283,27158,23,1
1,NewOrder,1772287716.059629,20391,21,1
1,NewOrder,1772287716.059977,46655,5,1
1,NewOrder,1772287716.060832,13268,18,1
1,NewOrder,1772287716.061145,25320,8,1
1,NewOrder,1772287716.062446,17918,22,1
1,NewOrder,1772287716.063005,20188,10,1
2,Payment,1772287716.063431,4679,0,1
1,NewOrder,1772287716.063466,38565,17,1
2,Payment,1772287716.063576,7702,9,1
1,NewOrder,1772287716.063981,18553,2,1
1,NewOrder,1772287716.064952,19401,13,1
3,OrderStatus,1772287716.064975,3308,6,1
2,Payment,1772287716.065475,20536,14,1
1,NewOrder,1772287716.066109,21373,19,1
2,Payment,1772287716.067227,28915,12,1
1,NewOrder,1772287716.068122,20471,0,1
2,Payment,1772287716.068290,6734,6,1
4,Delivery,1772287716.070856,22368,4,1
2,Payment,1772287716.071293,9086,9,1
2,Payment,1772287716.072486,6138,1,1
2,Payment,1772287716.074112,5039,18,1
1,NewOrder,1772287716.074538,34712,16,1
3,OrderStatus,1772287716.075049,4817,6,1
1,NewOrder,1772287716.075445,38836,3,1
2,Payment,1772287716.075808,13293,7,1
1,NewOrder,1772287716.078634,12215,1,1
1,NewOrder,1772287716.079158,17043,18,1
1,NewOrder,1772287716.079892,15685,6,1
1,NewOrder,1772287716.080046,34706,21,1
2,Payment,1772287716.080375,11784,22,1
1,NewOrder,1772287716.080384,38920,9,1
4,Delivery,1772287716.081992,42000,15,1
2,Payment,1772287716.082546,11071,2,1
2,Payment,1772287716.082840,14313,11,1
1,NewOrder,1772287716.083200,32780,10,1
1,NewOrder,1772287716.083269,31966,20,1
1,NewOrder,1772287716.084362,11750,13,1
2,Payment,1772287716.086021,14137,14,1
1,NewOrder,1772287716.086448,21773,23,1
2,Payment,1772287716.086476,13229,8,1
1,NewOrder,1772287716.087488,7087,19,1
2,Payment,1772287716.088600,8107,0,1
2,Payment,1772287716.089113,12516,7,1
1,NewOrder,1772287716.090860,7074,1,1
2,Payment,1772287716.092172,7971,22,1
1,NewOrder,1772287716.093235,7140,4,1
2,Payment,1772287716.093628,7130,2,1
2,Payment,1772287716.094582,7972,19,1
1,NewOrder,1772287716.095593,34735,6,1
3,OrderStatus,1772287716.096119,2402,13,1
2,Payment,1772287716.096148,11067,12,1
1,NewOrder,1772287716.096212,26862,18,1
3,OrderStatus,1772287716.096716,7041,0,1
1,NewOrder,1772287716.097159,27812,11,1
4,Delivery,1772287716.097939,10323,1,1
1,NewOrder,1772287716.098529,20923,13,1
1,NewOrder,1772287716.099713,30588,8,1
2,Payment,1772287716.100148,7196,22,1
2,Payment,1772287716.100170,10386,14,1
2,Payment,1772287716.100381,3173,4,1
1,NewOrder,1772287716.100763,23383,2,1
2,Payment,1772287716.101640,8311,7,1
5,StockLevel,1772287716.102039,17435,17,1
2,Payment,1772287716.102559,7070,19,1
1,NewOrder,1772287716.103559,15950,4,1
2,Payment,1772287716.103762,6107,0,1
1,NewOrder,1772287716.106643,14066,5,1
2,Payment,1772287716.107222,8067,12,1
1,NewOrder,1772287716.107348,20630,22,1
2,Payment,1772287716.108229,9065,23,1
2,Payment,1772287716.108271,4340,1,1
2,Payment,1772287716.109261,10962,16,1
2,Payment,1772287716.109635,10265,19,1
1,NewOrder,1772287716.109875,33971,0,1
2,Payment,1772287716.109958,5298,7,1
2,Payment,1772287716.110560,13484,14,1
1,NewOrder,1772287716.112619,19335,1,1
1,NewOrder,1772287716.114290,16382,3,1
2,Payment,1772287716.114759,12695,21,1
1,NewOrder,1772287716.115241,17939,20,1
1,NewOrder,1772287716.115261,22708,7,1
3,OrderStatus,1772287716.115296,7839,12,1
2,Payment,1772287716.115991,9017,10,1
2,Payment,1772287716.117300,18324,23,1
2,Payment,1772287716.119309,9570,9,1
1,NewOrder,1772287716.119463,14262,13,1
2,Payment,1772287716.119478,10474,17,1
2,Payment,1772287716.119512,3925,4,1
2,Payment,1772287716.119908,19113,19,1
2,Payment,1772287716.120230,16385,16,1
1,NewOrder,1772287716.120716,11855,5,1
1,NewOrder,1772287716.123081,19542,18,1
2,Payment,1772287716.123142,17660,12,1
2,Payment,1772287716.123441,4424,4,1
5,StockLevel,1772287716.123999,9393,15,1
1,NewOrder,1772287716.124051,25136,14,1
2,Payment,1772287716.124151,12633,2,1
1,NewOrder,1772287716.124977,9080,11,1
2,Payment,1772287716.125013,5339,10,1
3,OrderStatus,1772287716.127462,12158,21,1
1,NewOrder,1772287716.127877,18171,4,1
1,NewOrder,1772287716.127986,24717,22,1
1,NewOrder,1772287716.128884,5195,9,1
1,NewOrder,1772287716.129962,13073,17,1
2,Payment,1772287716.130313,8401,8,1
2,Payment,1772287716.130336,19804,6,1
2,Payment,1772287716.130358,13474,10,1
2,Payment,1772287716.130678,7977,3,1
1,NewOrder,1772287716.131965,18514,1,1
2,Payment,1772287716.132577,8678,5,1
1,NewOrder,1772287716.133197,10199,20,1
2,Payment,1772287716.133418,11283,15,1
2,Payment,1772287716.133738,17007,13,1
1,NewOrder,1772287716.134082,18595,11,1
2,Payment,1772287716.134104,23895,9,1
2,Payment,1772287716.135635,8295,23,1
2,Payment,1772287716.136640,21736,16,1
1,NewOrder,1772287716.136810,15954,2,1
1,NewOrder,1772287716.137982,30923,7,1
1,NewOrder,1772287716.138663,25983,3,1
1,NewOrder,1772287716.138722,25597,8,1
2,Payment,1772287716.139032,9118,19,1
3,OrderStatus,1772287716.139630,4540,21,1
1,NewOrder,1772287716.140813,24175,12,1
2,Payment,1772287716.141262,4465,5,1
1,NewOrder,1772287716.142642,10009,18,1
1,NewOrder,1772287716.143060,13785,17,1
1,NewOrder,1772287716.143402,26574,20,1
2,Payment,1772287716.143842,17555,10,1
2,Payment,1772287716.143858,8462,0,1
1,NewOrder,1772287716.143938,19666,23,1
1,NewOrder,1772287716.144177,9818,21,1
2,Payment,1772287716.144706,18628,15,1
1,NewOrder,1772287716.145734,23242,5,1
1,NewOrder,1772287716.146059,32493,4,1
1,NewOrder,1772287716.148161,7901,19,1
2,Payment,1772287716.149197,17156,14,1
1,NewOrder,1772287716.150147,27219,6,1
1,NewOrder,1772287716.150486,20374,1,1
2,Payment,1772287716.150757,18016,13,1
3,OrderStatus,1772287716.152331,15568,0,1
2,Payment,1772287716.152656,12837,18,1
1,NewOrder,1772287716.152689,15393,11,1
2,Payment,1772287716.152715,10598,22,1
1,NewOrder,1772287716.152775,24613,2,1
1,NewOrder,1772287716.154002,4330,21,1
1,NewOrder,1772287716.156069,8276,19,1
2,Payment,1772287716.156857,16403,17,1
5,StockLevel,1772287716.158012,5099,9,1
1,NewOrder,1772287716.158340,5287,21,1
2,Payment,1772287716.158383,19048,16,1
2,Payment,1772287716.161407,8095,10,1
2,Payment,1772287716.163115,9501,9,1
1,NewOrder,1772287716.163324,18563,22,1
2,Payment,1772287716.163343,19133,15,1
2,Payment,1772287716.163608,4922,23,1
1,NewOrder,1772287716.163634,3780,21,1
1,NewOrder,1772287716.164329,16339,8,1
2,Payment,1772287716.164356,9046,19,1
2,Payment,1772287716.164653,6588,3,1
2,Payment,1772287716.164999,24315,12,1
4,Delivery,1772287716.165509,12681,18,1
2,Payment,1772287716.166369,27396,14,1
1,NewOrder,1772287716.167425,8817,21,1
2,Payment,1772287716.167907,7896,0,1
1,NewOrder,1772287716.168088,38340,11,1
1,NewOrder,1772287716.168542,36269,23,1
2,Payment,1772287716.168778,28491,13,1
2,Payment,1772287716.168916,7930,7,1
2,Payment,1772287716.168988,11743,5,1
1,NewOrder,1772287716.169507,16738,10,1
1,NewOrder,1772287716.169985,10329,20,1
1,NewOrder,1772287716.170901,14113,1,1
4,Delivery,1772287716.171253,63526,3,1
1,NewOrder,1772287716.172623,28417,9,1
1,NewOrder,1772287716.173271,26061,17,1
1,NewOrder,1772287716.173408,25480,19,1
2,Payment,1772287716.175814,12772,0,1
2,Payment,1772287716.176247,4500,21,1
2,Payment,1772287716.176852,16927,7,1
2,Payment,1772287716.177374,6534,6,1
1,NewOrder,1772287716.177397,38344,2,1
1,NewOrder,1772287716.177437,36464,16,1
1,NewOrder,1772287716.178194,8346,18,1
1,NewOrder,1772287716.178563,7631,4,1
1,NewOrder,1772287716.180318,8676,20,1
1,NewOrder,1772287716.180675,8411,8,1
3,OrderStatus,1772287716.180743,11431,5,1
2,Payment,1772287716.180758,5013,21,1
2,Payment,1772287716.181912,13087,22,1
1,NewOrder,1772287716.182491,10406,15,1
2,Payment,1772287716.183919,11989,6,1
1,NewOrder,1772287716.185030,4334,1,1
1,NewOrder,1772287716.185782,25333,21,1
2,Payment,1772287716.186201,6472,4,1
1,NewOrder,1772287716.186254,5794,10,1
2,Payment,1772287716.186550,11432,18,1
1,NewOrder,1772287716.188597,31771,0,1
1,NewOrder,1772287716.189003,34475,20,1
2,Payment,1772287716.189097,8861,8,1
2,Payment,1772287716.189326,9990,12,1
1,NewOrder,1772287716.189369,26951,1,1
2,Payment,1772287716.192054,10545,10,1
1,NewOrder,1772287716.192186,28536,5,1
1,NewOrder,1772287716.192699,12558,4,1
2,Payment,1772287716.192922,9113,15,1
2,Payment,1772287716.193774,11412,14,1
1,NewOrder,1772287716.193788,13381,7,1
1,NewOrder,1772287716.195011,33598,22,1
2,Payment,1772287716.195917,9672,6,1
1,NewOrder,1772287716.197280,18086,13,1
2,Payment,1772287716.197962,11246,8,1
2,Payment,1772287716.197993,2480,18,1
2,Payment,1772287716.198899,6371,19,1
1,NewOrder,1772287716.199323,24834,12,1
2,Payment,1772287716.199344,10376,17,1
1,NewOrder,1772287716.200487,43132,18,1
1,NewOrder,1772287716.201049,8759,9,1
2,Payment,1772287716.202043,10274,15,1
1,NewOrder,1772287716.202608,23531,10,1
5,StockLevel,1772287716.204825,14401,23,1
2,Payment,1772287716.205192,11377,14,1
1,NewOrder,1772287716.205269,22395,4,1
1,NewOrder,1772287716.205275,21182,19,1
2,Payment,1772287716.205603,8064,6,1
2,Payment,1772287716.206439,17058,11,1
2,Payment,1772287716.207180,9699,7,1
4,Delivery,1772287716.209220,21313,8,1
2,Payment,1772287716.209746,13132,17,1
1,NewOrder,1772287716.209832,18810,9,1
2,Payment,1772287716.211123,5136,21,1
1,NewOrder,1772287716.212324,18852,15,1
1,NewOrder,1772287716.213688,12790,6,1
1,NewOrder,1772287716.213906,17808,16,1
2,Payment,1772287716.215378,24194,13,1
1,NewOrder,1772287716.215754,16475,2,1
1,NewOrder,1772287716.216270,18125,21,1
2,Payment,1772287716.216328,7028,1,1
2,Payment,1772287716.216576,16888,14,1
1,NewOrder,1772287716.216884,22724,7,1
1,NewOrder,1772287716.219230,19545,23,1
1,NewOrder,1772287716.220379,33443,0,1
3,OrderStatus,1772287716.220734,5160,5,1
1,NewOrder,1772287716.222894,26970,17,1
2,Payment,1772287716.223361,7200,1,1
2,Payment,1772287716.223485,6613,20,1
2,Payment,1772287716.223503,12009,11,1
2,Payment,1772287716.224168,11056,12,1
2,Payment,1772287716.225906,7250,5,1
1,NewOrder,1772287716.226150,5965,10,1
1,NewOrder,1772287716.226469,5676,19,1
2,Payment,1772287716.226489,11137,6,1
4,Delivery,1772287716.227669,7335,4,1
1,NewOrder,1772287716.228636,24014,22,1
1,NewOrder,1772287716.228666,15903,9,1
1,NewOrder,1772287716.230105,25037,20,1
1,NewOrder,1772287716.230544,15054,8,1
2,Payment,1772287716.230567,8490,1,1
2,Payment,1772287716.231190,13681,15,1
2,Payment,1772287716.231739,18802,16,1
1,NewOrder,1772287716.232144,24360,10,1
1,NewOrder,1772287716.232154,14736,19,1
1,NewOrder,1772287716.232240,15990,2,1
1,NewOrder,1772287716.233178,47756,5,1
1,NewOrder,1772287716.233475,40744,14,1
2,Payment,1772287716.234406,7265,21,1
1,NewOrder,1772287716.234784,17830,3,1
2,Payment,1772287716.235013,8302,4,1
1,NewOrder,1772287716.235236,16125,12,1
1,NewOrder,1772287716.235518,45097,11,1
3,OrderStatus,1772287716.237633,6231,6,1
2,Payment,1772287716.238786,6036,23,1
1,NewOrder,1772287716.239072,24021,1,1
2,Payment,1772287716.239588,14853,13,1
5,StockLevel,1772287716.239634,30888,7,1
1,NewOrder,1772287716.241685,21361,21,1
1,NewOrder,1772287716.243328,32414,4,1
1,NewOrder,1772287716.243630,35144,18,1
2,Payment,1772287716.243869,6325,6,1
5,StockLevel,1772287716.244595,9441,9,1
2,Payment,1772287716.244848,6289,23,1
1,NewOrder,1772287716.244898,32885,15,1
1,NewOrder,1772287716.245609,18878,8,1
1,NewOrder,1772287716.246896,31862,19,1
2,Payment,1772287716.248256,3856,2,1
2,Payment,1772287716.249877,12879,17,1
1,NewOrder,1772287716.250202,16285,6,1
1,NewOrder,1772287716.250549,32141,16,1
1,NewOrder,1772287716.251147,22052,23,1
2,Payment,1772287716.251365,14384,12,1
2,Payment,1772287716.252123,4680,2,1
1,NewOrder,1772287716.252626,11840,3,1
1,NewOrder,1772287716.252656,13230,22,1
2,Payment,1772287716.253848,19716,0,1
1,NewOrder,1772287716.254043,19565,9,1
1,NewOrder,1772287716.254447,30987,13,1
1,NewOrder,1772287716.255151,8978,20,1
2,Payment,1772287716.256515,7626,10,1
1,NewOrder,1772287716.256814,42913,2,1
1,NewOrder,1772287716.262767,21048,17,1
1,NewOrder,1772287716.263070,17228,21,1
2,Payment,1772287716.263114,15030,1,1
1,NewOrder,1772287716.264156,32031,10,1
1,NewOrder,1772287716.264161,15564,20,1
1,NewOrder,1772287716.264473,13974,3,1
1,NewOrder,1772287716.264498,13618,8,1
5,StockLevel,1772287716.265763,16439,12,1
2,Payment,1772287716.265909,3830,22,1
1,NewOrder,1772287716.266512,16508,6,1
3,OrderStatus,1772287716.269749,3776,22,1
1,NewOrder,1772287716.270532,15252,7,1
2,Payment,1772287716.273210,9204,23,1
1,NewOrder,1772287716.273541,26718,22,1
1,NewOrder,1772287716.273589,26108,0,1
2,Payment,1772287716.273633,4604,9,1
2,Payment,1772287716.274224,4875,14,1
2,Payment,1772287716.275754,13034,4,1
2,Payment,1772287716.277793,7223,15,1
1,NewOrder,1772287716.278128,27731,8,1
1,NewOrder,1772287716.278153,30084,1,1
2,Payment,1772287716.278245,3160,9,1
2,Payment,1772287716.278453,14635,3,1
1,NewOrder,1772287716.278764,6652,19,1
2,Payment,1772287716.278781,11476,18,1
1,NewOrder,1772287716.279103,28366,14,1
1,NewOrder,1772287716.279735,26451,20,1
2,Payment,1772287716.280309,15199,21,1
2,Payment,1772287716.280622,10021,11,1
2,Payment,1772287716.280940,14474,5,1
1,NewOrder,1772287716.281421,32739,9,1
2,Payment,1772287716.282215,9643,12,1
1,NewOrder,1772287716.282439,21878,23,1
1,NewOrder,1772287716.282715,24378,16,1
2,Payment,1772287716.283033,11963,6,1
2,Payment,1772287716.283827,9604,17,1
2,Payment,1772287716.285041,14336,15,1
1,NewOrder,1772287716.285428,4191,19,1
3,OrderStatus,1772287716.285445,5442,13,1
1,NewOrder,1772287716.285794,7769,7,1
2,Payment,1772287716.288799,11108,4,1
1,NewOrder,1772287716.289644,44607,19,1
1,NewOrder,1772287716.290273,23910,18,1
2,Payment,1772287716.290659,12460,11,1
1,NewOrder,1772287716.290899,15271,13,1
2,Payment,1772287716.291864,13952,12,1
2,Payment,1772287716.293114,17998,3,1
2,Payment,1772287716.293442,16912,17,1
4,Delivery,1772287716.293575,20558,7,1
2,Payment,1772287716.295004,16141,6,1
5,StockLevel,1772287716.295424,14097,5,1
2,Payment,1772287716.295519,11160,21,1
1,NewOrder,1772287716.296193,19681,10,1
5,StockLevel,1772287716.299388,24769,15,1
1,NewOrder,1772287716.299704,12804,0,1
2,Payment,1772287716.299735,15477,2,1
1,NewOrder,1772287716.299918,24957,4,1
3,OrderStatus,1772287716.300270,4008,22,1
5,StockLevel,1772287716.303129,25800,11,1
1,NewOrder,1772287716.304288,12581,22,1
1,NewOrder,1772287716.304323,9480,23,1
2,Payment,1772287716.305841,18978,12,1
5,StockLevel,1772287716.305891,22160,8,1
1,NewOrder,1772287716.306181,26767,13,1
2,Payment,1772287716.306198,8884,20,1
2,Payment,1772287716.306706,16340,21,1
2,Payment,1772287716.307100,12623,16,1
1,NewOrder,1772287716.307480,7990,14,1
1,NewOrder,1772287716.308242,9325,1,1
1,NewOrder,1772287716.309532,15702,5,1
2,Payment,1772287716.310361,18213,17,1
2,Payment,1772287716.311129,10153,3,1
2,Payment,1772287716.311158,7926,6,1
1,NewOrder,1772287716.312513,6892,0,1
1,NewOrder,1772287716.313825,5859,23,1
1,NewOrder,1772287716.314143,23024,7,1
1,NewOrder,1772287716.314172,42582,9,1
2,Payment,1772287716.314190,11557,18,1
2,Payment,1772287716.315094,14747,20,1
1,NewOrder,1772287716.315224,19030,2,1
3,OrderStatus,1772287716.315475,11809,14,1
1,NewOrder,1772287716.315884,18053,10,1
2,Payment,1772287716.316876,15517,22,1
4,Delivery,1772287716.317574,6066,1,1
3,OrderStatus,1772287716.319089,8503,6,1
5,StockLevel,1772287716.319409,1435,0,1
1,NewOrder,1772287716.319691,21320,23,1
5,StockLevel,1772287716.319727,20351,16,1
2,Payment,1772287716.320869,2684,0,1
2,Payment,1772287716.321295,5612,3,1
3,OrderStatus,1772287716.323056,5906,21,1
2,Payment,1772287716.323560,11635,0,1
1,NewOrder,1772287716.323651,14523,1,1
2,Payment,1772287716.324168,19487,15,1
2,Payment,1772287716.324826,11621,12,1
1,NewOrder,1772287716.324881,23336,4,1
1,NewOrder,1772287716.325244,18847,5,1
2,Payment,1772287716.325758,11475,18,1
2,Payment,1772287716.326919,12627,3,1
2,Payment,1772287716.327288,27683,14,1
2,Payment,1772287716.327601,6682,6,1
1,NewOrder,1772287716.328056,14478,8,1
1,NewOrder,1772287716.328584,19434,17,1
1,NewOrder,1772287716.328941,15126,11,1
2,Payment,1772287716.328987,15104,21,1
1,NewOrder,1772287716.329849,20731,20,1
1,NewOrder,1772287716.332418,22612,22,1
1,NewOrder,1772287716.332969,26615,13,1
2,Payment,1772287716.333949,5874,10,1
2,Payment,1772287716.334264,20278,19,1
1,NewOrder,1772287716.334264,16035,2,1
4,Delivery,1772287716.334289,13023,6,1
1,NewOrder,1772287716.335206,19810,0,1
1,NewOrder,1772287716.336466,34337,12,1
2,Payment,1772287716.337171,12815,7,1
2,Payment,1772287716.337244,20485,18,1
1,NewOrder,1772287716.338183,16872,1,1
2,Payment,1772287716.339571,10866,3,1
1,NewOrder,1772287716.339834,28153,10,1
5,StockLevel,1772287716.340085,4147,16,1
1,NewOrder,1772287716.341022,9256,23,1
1,NewOrder,1772287716.342545,5230,8,1
1,NewOrder,1772287716.343666,20573,15,1
2,Payment,1772287716.344079,12111,11,1
1,NewOrder,1772287716.344096,33988,21,1
2,Payment,1772287716.344104,11401,5,1
5,StockLevel,1772287716.344238,1929,16,1
2,Payment,1772287716.346170,11060,16,1
2,Payment,1772287716.347337,10633,6,1
5,StockLevel,1772287716.347794,20149,8,1
2,Payment,1772287716.348024,15163,17,1
5,StockLevel,1772287716.348229,21581,4,1
2,Payment,1772287716.350011,15481,7,1
1,NewOrder,1772287716.350291,7511,23,1
2,Payment,1772287716.350303,11370,2,1
1,NewOrder,1772287716.350450,17981,3,1
2,Payment,1772287716.350585,14207,20,1
2,Payment,1772287716.354551,15877,19,1
2,Payment,1772287716.354982,13094,14,1
2,Payment,1772287716.355027,12229,0,1
1,NewOrder,1772287716.355041,17558,22,1
3,OrderStatus,1772287716.355066,4312,1,1
1,NewOrder,1772287716.355515,12940,5,1
2,Payment,1772287716.356195,14697,11,1
1,NewOrder,1772287716.356766,14940,9,1
1,NewOrder,1772287716.357241,17223,16,1
1,NewOrder,1772287716.357755,19383,18,1
2,Payment,1772287716.357817,15077,23,1
5,StockLevel,1772287716.357983,17636,6,1
3,OrderStatus,1772287716.359389,3585,1,1
2,Payment,1772287716.359595,12756,13,1
2,Payment,1772287716.361704,10491,2,1
5,StockLevel,1772287716.362981,7485,1,1
2,Payment,1772287716.363201,11993,17,1
4,Delivery,1772287716.364251,25904,15,1
2,Payment,1772287716.364803,15241,20,1
1,NewOrder,1772287716.365518,22009,7,1
1,NewOrder,1772287716.367271,19902,0,1
1,NewOrder,1772287716.367958,7266,8,1
2,Payment,1772287716.368013,8256,10,1
4,Delivery,1772287716.368101,22382,14,1
2,Payment,1772287716.368443,8735,3,1
2,Payment,1772287716.368467,12676,5,1
1,NewOrder,1772287716.369814,6954,4,1
1,NewOrder,1772287716.370441,16757,19,1
2,Payment,1772287716.370491,13965,1,1
1,NewOrder,1772287716.370829,17888,12,1
2,Payment,1772287716.370897,9513,11,1
2,Payment,1772287716.371718,10473,9,1
2,Payment,1772287716.372201,16740,2,1
1,NewOrder,1772287716.372362,14793,13,1
2,Payment,1772287716.372610,9367,22,1
2,Payment,1772287716.372900,13664,23,1
3,OrderStatus,1772287716.374475,6822,16,1
2,Payment,1772287716.375202,3717,17,1
1,NewOrder,1772287716.375232,6405,8,1
1,NewOrder,1772287716.375623,15054,6,1
2,Payment,1772287716.376281,8734,10,1
2,Payment,1772287716.376777,13813,4,1
1,NewOrder,1772287716.377149,19617,18,1
5,StockLevel,1772287716.377190,13618,3,1
1,NewOrder,1772287716.378095,14767,21,1
2,Payment,1772287716.378932,4300,17,1
2,Payment,1772287716.380054,13897,20,1
2,Payment,1772287716.380417,7918,11,1
2,Payment,1772287716.381168,14690,5,1
2,Payment,1772287716.381308,4757,16,1
2,Payment,1772287716.381644,9065,8,1
2,Payment,1772287716.381988,16042,22,1
2,Payment,1772287716.382203,11439,9,1
2,Payment,1772287716.383237,6989,17,1
1,NewOrder,1772287716.384462,18154,1,1
1,NewOrder,1772287716.385025,15507,10,1
2,Payment,1772287716.386076,8886,16,1
1,NewOrder,1772287716.386572,14776,23,1
2,Payment,1772287716.387167,9286,13,1
2,Payment,1772287716.387184,14305,0,1
1,NewOrder,1772287716.387204,15016,19,1
2,Payment,1772287716.387538,11350,7,1
1,NewOrder,1772287716.388340,14748,11,1
2,Payment,1772287716.388722,12944,12,1
3,OrderStatus,1772287716.388949,5320,2,1
2,Payment,1772287716.390163,20124,15,1
2,Payment,1772287716.390232,15452,17,1
1,NewOrder,1772287716.390492,14834,14,1
1,NewOrder,1772287716.390595,18295,4,1
2,Payment,1772287716.390689,10331,6,1
2,Payment,1772287716.390716,14678,8,1
2,Payment,1772287716.390820,15696,3,1
2,Payment,1772287716.392865,12033,21,1
2,Payment,1772287716.393654,15653,9,1
2,Payment,1772287716.393958,8548,20,1
2,Payment,1772287716.394273,13750,2,1
1,NewOrder,1772287716.394973,15861,16,1
1,NewOrder,1772287716.395869,15510,5,1
2,Payment,1772287716.396458,18136,13,1
1,NewOrder,1772287716.396774,16772,18,1
1,NewOrder,1772287716.398037,14759,22,1
2,Payment,1772287716.398913,18971,7,1
2,Payment,1772287716.400568,20989,10,1
2,Payment,1772287716.401038,26410,6,1
2,Payment,1772287716.401353,8160,23,1
2,Payment,1772287716.401501,8127,0,1
1,NewOrder,1772287716.401704,11150,12,1
2,Payment,1772287716.402225,10208,19,1
1,NewOrder,1772287716.402517,16590,20,1
2,Payment,1772287716.402621,9264,1,1
2,Payment,1772287716.403099,32317,11,1
2,Payment,1772287716.404907,11740,21,1
1,NewOrder,1772287716.405337,18454,14,1
1,NewOrder,1772287716.405406,23908,8,1
1,NewOrder,1772287716.405689,19380,17,1
2,Payment,1772287716.406527,10093,3,1
1,NewOrder,1772287716.408056,6988,2,1
2,Payment,1772287716.408894,26052,4,1
2,Payment,1772287716.409319,31063,9,1
2,Payment,1772287716.409520,9669,23,1
2,Payment,1772287716.409635,12203,0,1
2,Payment,1772287716.410305,5746,15,1
2,Payment,1772287716.410853,7333,16,1
2,Payment,1772287716.411386,16558,5,1
1,NewOrder,1772287716.411890,19679,1,1
2,Payment,1772287716.412445,8549,19,1
1,NewOrder,1772287716.412801,5463,22,1
2,Payment,1772287716.412859,8585,12,1
2,Payment,1772287716.413556,11579,18,1
3,OrderStatus,1772287716.414604,5949,13,1
1,NewOrder,1772287716.415050,6333,2,1
1,NewOrder,1772287716.416062,16968,15,1
2,Payment,1772287716.416647,25155,3,1
1,NewOrder,1772287716.416660,14506,21,1
1,NewOrder,1772287716.417888,36376,7,1
2,Payment,1772287716.418198,6524,16,1
2,Payment,1772287716.418270,12770,22,1
2,Payment,1772287716.419132,23182,20,1
4,Delivery,1772287716.419211,23632,23,1
2,Payment,1772287716.420565,9554,13,1
1,NewOrder,1772287716.420999,9087,19,1
1,NewOrder,1772287716.421386,13955,2,1
1,NewOrder,1772287716.421456,36495,12,1
4,Delivery,1772287716.421566,47204,10,1
1,NewOrder,1772287716.421845,29831,0,1
2,Payment,1772287716.423800,13022,14,1
1,NewOrder,1772287716.424730,24381,16,1
2,Payment,1772287716.425081,17542,17,1
2,Payment,1772287716.425141,20200,18,1
1,NewOrder,1772287716.427473,27179,6,1
2,Payment,1772287716.427955,16274,5,1
5,StockLevel,1772287716.429349,4752,8,1
1,NewOrder,1772287716.430098,5238,19,1
5,StockLevel,1772287716.430130,22304,13,1
1,NewOrder,1772287716.431055,28825,22,1
1,NewOrder,1772287716.431176,33827,21,1
1,NewOrder,1772287716.431594,33334,1,1
1,NewOrder,1772287716.433041,4784,15,1
1,NewOrder,1772287716.434112,5093,8,1
2,Payment,1772287716.434953,15317,4,1
1,NewOrder,1772287716.435339,8249,19,1
2,Payment,1772287716.435353,11487,2,1
2,Payment,1772287716.435427,14070,11,1
1,NewOrder,1772287716.436831,23295,14,1
1,NewOrder,1772287716.437834,5679,15,1
1,NewOrder,1772287716.439210,8058,8,1
1,NewOrder,1772287716.440395,19447,9,1
2,Payment,1772287716.441810,12122,3,1
2,Payment,1772287716.442325,5715,20,1
5,StockLevel,1772287716.442648,13526,17,1
2,Payment,1772287716.442856,7286,23,1
3,OrderStatus,1772287716.443524,2620,15,1
1,NewOrder,1772287716.443600,14117,19,1
2,Payment,1772287716.444244,15090,5,1
2,Payment,1772287716.445348,11845,18,1
2,Payment,1772287716.446154,3277,15,1
2,Payment,1772287716.446847,18145,2,1
1,NewOrder,1772287716.447276,17325,8,1
3,OrderStatus,1772287716.448051,7157,20,1
1,NewOrder,1772287716.449122,12922,16,1
1,NewOrder,1772287716.449436,12676,15,1
3,OrderStatus,1772287716.449508,6667,11,1
1,NewOrder,1772287716.450179,28364,23,1
2,Payment,1772287716.450277,21289,4,1
1,NewOrder,1772287716.451701,12374,0,1
3,OrderStatus,1772287716.452444,5035,13,1
1,NewOrder,1772287716.453940,38333,3,1
1,NewOrder,1772287716.454275,34251,7,1
2,Payment,1772287716.454659,6615,6,1
1,NewOrder,1772287716.455219,33888,20,1
1,NewOrder,1772287716.456179,13059,17,1
2,Payment,1772287716.456186,9586,11,1
2,Payment,1772287716.457204,9823,18,1
1,NewOrder,1772287716.457486,14000,13,1
4,Delivery,1772287716.457728,24990,19,1
3,OrderStatus,1772287716.457958,8464,12,1
2,Payment,1772287716.459345,18715,5,1
2,Payment,1772287716.459851,11359,9,1
2,Payment,1772287716.459891,14811,22,1
1,NewOrder,1772287716.460131,12793,14,1
1,NewOrder,1772287716.461289,30387,6,1
2,Payment,1772287716.462076,3267,16,1
1,NewOrder,1772287716.462129,30929,15,1
2,Payment,1772287716.464080,16445,0,1
1,NewOrder,1772287716.464613,28423,8,1
1,NewOrder,1772287716.464935,35354,1,1
2,Payment,1772287716.465003,21603,2,1
1,NewOrder,1772287716.465015,37075,21,1
2,Payment,1772287716.465350,2435,16,1
1,NewOrder,1772287716.465776,38736,11,1
2,Payment,1772287716.466425,13694,12,1
1,NewOrder,1772287716.467038,13457,18,1
2,Payment,1772287716.467789,15748,16,1
1,NewOrder,1772287716.468778,6262,10,1
3,OrderStatus,1772287716.469249,1914,17,1
1,NewOrder,1772287716.471171,5655,17,1
2,Payment,1772287716.471223,12687,9,1
1,NewOrder,1772287716.471492,18991,13,1
4,Delivery,1772287716.471577,38876,4,1
5,StockLevel,1772287716.472935,1550,14,1
1,NewOrder,1772287716.474492,6108,14,1
2,Payment,1772287716.474709,11098,22,1
2,Payment,1772287716.475051,14809,10,1
2,Payment,1772287716.476833,10191,17,1
1,NewOrder,1772287716.478067,16912,5,1
3,OrderStatus,1772287716.478554,8823,23,1
2,Payment,1772287716.480130,13691,12,1
2,Payment,1772287716.480502,8579,18,1
5,StockLevel,1772287716.480532,16067,0,1
1,NewOrder,1772287716.480605,14052,14,1
2,Payment,1772287716.482729,14153,19,1
1,NewOrder,1772287716.483544,15299,16,1
5,StockLevel,1772287716.483918,15446,9,1
2,Payment,1772287716.485815,18058,22,1
1,NewOrder,1772287716.486613,17943,2,1
2,Payment,1772287716.487028,8451,17,1
1,NewOrder,1772287716.487388,18429,23,1
1,NewOrder,1772287716.488536,17790,7,1
1,NewOrder,1772287716.489090,23598,18,1
1,NewOrder,1772287716.489117,54660,20,1
2,Payment,1772287716.489867,8330,10,1
2,Payment,1772287716.490491,14722,13,1
1,NewOrder,1772287716.491680,17240,6,1
1,NewOrder,1772287716.492279,13233,3,1
1,NewOrder,1772287716.493041,17435,8,1
3,OrderStatus,1772287716.493069,5614,15,1
1,NewOrder,1772287716.493827,46443,12,1
2,Payment,1772287716.494662,16729,14,1
3,OrderStatus,1772287716.494987,5334,5,1
1,NewOrder,1772287716.495484,20212,17,1
2,Payment,1772287716.496603,10573,0,1
2,Payment,1772287716.496892,18476,19,1
2,Payment,1772287716.498202,24065,10,1
1,NewOrder,1772287716.498692,12472,15,1
1,NewOrder,1772287716.498849,15360,16,1
1,NewOrder,1772287716.499376,31279,9,1
2,Payment,1772287716.500295,18954,1,1
1,NewOrder,1772287716.500333,31416,5,1
1,NewOrder,1772287716.502097,7967,21,1
1,NewOrder,1772287716.503878,49062,22,1
1,NewOrder,1772287716.504519,34321,11,1
5,StockLevel,1772287716.504559,26025,2,1
1,NewOrder,1772287716.505232,33271,13,1
1,NewOrder,1772287716.505520,40012,3,1
3,OrderStatus,1772287716.505822,11784,23,1
2,Payment,1772287716.506351,19394,7,1
2,Payment,1772287716.507182,19426,0,1
1,NewOrder,1772287716.508945,9167,6,1
1,NewOrder,1772287716.510074,10463,21,1
1,NewOrder,1772287716.510464,9371,4,1
3,OrderStatus,1772287716.510487,2979,8,1
1,NewOrder,1772287716.511170,9278,15,1
4,Delivery,1772287716.511403,33765,14,1
1,NewOrder,1772287716.512693,30768,18,1
1,NewOrder,1772287716.513476,9612,8,1
2,Payment,1772287716.514220,6976,16,1
2,Payment,1772287716.515379,12959,19,1
1,NewOrder,1772287716.515703,35177,17,1
2,Payment,1772287716.517614,14536,23,1
2,Payment,1772287716.518123,17242,6,1
5,StockLevel,1772287716.519275,33802,1,1
3,OrderStatus,1772287716.519847,2196,4,1
2,Payment,1772287716.520474,3221,15,1
1,NewOrder,1772287716.520563,5651,21,1
1,NewOrder,1772287716.521221,36153,16,1
2,Payment,1772287716.522050,6663,4,1
2,Payment,1772287716.522275,9959,10,1
4,Delivery,1772287716.523102,9784,8,1
5,StockLevel,1772287716.523706,1840,15,1
2,Payment,1772287716.525558,3178,15,1
1,NewOrder,1772287716.525750,34159,7,1
2,Payment,1772287716.526232,14420,21,1
1,NewOrder,1772287716.526632,11188,0,1
2,Payment,1772287716.528350,10453,19,1
1,NewOrder,1772287716.528718,5817,4,1
5,StockLevel,1772287716.528744,2258,15,1
2,Payment,1772287716.530610,10363,2,1
1,NewOrder,1772287716.530682,29210,9,1
5,StockLevel,1772287716.531023,2051,15,1
1,NewOrder,1772287716.531758,19937,5,1
3,OrderStatus,1772287716.532162,8476,23,1
5,StockLevel,1772287716.532245,17722,10,1
2,Payment,1772287716.532911,4233,8,1
1,NewOrder,1772287716.533097,31976,15,1
1,NewOrder,1772287716.534552,13371,4,1
2,Payment,1772287716.535384,3381,6,1
1,NewOrder,1772287716.537155,13228,8,1
1,NewOrder,1772287716.537831,19840,0,1
4,Delivery,1772287716.538529,7082,13,1
1,NewOrder,1772287716.538790,9840,6,1
1,NewOrder,1772287716.538817,22439,19,1
1,NewOrder,1772287716.538866,26838,11,1
4,Delivery,1772287716.540275,5346,12,1
1,NewOrder,1772287716.540647,19266,23,1
2,Payment,1772287716.540663,3896,21,1
2,Payment,1772287716.540999,6225,2,1
1,NewOrder,1772287716.543472,17134,18,1
3,OrderStatus,1772287716.543784,5796,20,1
1,NewOrder,1772287716.544570,19712,21,1
2,Payment,1772287716.545194,10501,14,1
2,Payment,1772287716.545545,7732,3,1
3,OrderStatus,1772287716.545633,1345,13,1
2,Payment,1772287716.545642,13518,12,1
2,Payment,1772287716.546996,15115,13,1
1,NewOrder,1772287716.547234,16515,2,1
4,Delivery,1772287716.547929,30038,4,1
5,StockLevel,1772287716.548640,10763,6,1
1,NewOrder,1772287716.549587,16731,20,1
2,Payment,1772287716.549985,8633,10,1
2,Payment,1772287716.550394,5798,8,1
1,NewOrder,1772287716.550885,19220,17,1
2,Payment,1772287716.551705,5990,5,1
2,Payment,1772287716.552952,11375,22,1
5,StockLevel,1772287716.553082,17870,1,1
1,NewOrder,1772287716.553283,20905,3,1
1,NewOrder,1772287716.555706,36364,14,1
2,Payment,1772287716.556204,12879,8,1
2,Payment,1772287716.557383,6798,16,1
2,Payment,1772287716.557688,16912,0,1
2,Payment,1772287716.557700,8653,5,1
1,NewOrder,1772287716.558638,26430,10,1
2,Payment,1772287716.559171,7529,12,1
1,NewOrder,1772287716.559414,12598,6,1
1,NewOrder,1772287716.559904,21110,9,1
2,Payment,1772287716.559915,12549,7,1
1,NewOrder,1772287716.559925,23810,23,1
1,NewOrder,1772287716.560618,17294,18,1
1,NewOrder,1772287716.561263,17395,19,1
2,Payment,1772287716.562117,7472,13,1
3,OrderStatus,1772287716.563753,3737,2,1
1,NewOrder,1772287716.564198,35076,16,1
1,NewOrder,1772287716.564321,39850,21,1
3,OrderStatus,1772287716.564336,4456,22,1
1,NewOrder,1772287716.565098,11162,15,1
2,Payment,1772287716.565730,17138,11,1
1,NewOrder,1772287716.566327,39355,20,1
2,Payment,1772287716.566364,11900,5,1
1,NewOrder,1772287716.566709,19793,12,1
1,NewOrder,1772287716.567498,11426,2,1
1,NewOrder,1772287716.568799,30490,22,1
1,NewOrder,1772287716.569094,33774,8,1
1,NewOrder,1772287716.569597,29604,13,1
2,Payment,1772287716.570124,3666,17,1
1,NewOrder,1772287716.570968,26884,1,1
2,Payment,1772287716.572015,20396,6,1
2,Payment,1772287716.572470,23590,7,1
2,Payment,1772287716.573795,3596,17,1
1,NewOrder,1772287716.574215,10947,3,1
2,Payment,1772287716.574626,11492,0,1
2,Payment,1772287716.576274,2756,15,1
1,NewOrder,1772287716.577396,7089,17,1
1,NewOrder,1772287716.577919,24918,18,1
1,NewOrder,1772287716.577979,23420,4,1
2,Payment,1772287716.578275,12311,5,1
3,OrderStatus,1772287716.578670,12632,19,1
1,NewOrder,1772287716.578939,7619,2,1
1,NewOrder,1772287716.579056,6713,15,1
1,NewOrder,1772287716.581027,20318,9,1
2,Payment,1772287716.582876,24132,11,1
1,NewOrder,1772287716.583747,19197,23,1
2,Payment,1772287716.584491,3779,17,1
1,NewOrder,1772287716.585083,34227,10,1
1,NewOrder,1772287716.585190,15073,3,1
2,Payment,1772287716.585774,3638,15,1
2,Payment,1772287716.586125,9065,0,1
2,Payment,1772287716.586515,7197,12,1
1,NewOrder,1772287716.586565,9876,2,1
2,Payment,1772287716.588295,7783,17,1
2,Payment,1772287716.589423,9859,15,1
4,Delivery,1772287716.590611,45032,5,1
4,Delivery,1772287716.591313,12833,19,1
1,NewOrder,1772287716.592081,18895,14,1
3,OrderStatus,1772287716.592418,4836,6,1
1,NewOrder,1772287716.593718,28149,12,1
1,NewOrder,1772287716.595201,14329,0,1
2,Payment,1772287716.596071,13204,7,1
2,Payment,1772287716.596084,7046,17,1
1,NewOrder,1772287716.596458,12457,2,1
2,Payment,1772287716.597261,14632,6,1
2,Payment,1772287716.597860,11483,1,1
1,NewOrder,1772287716.599213,20475,13,1
1,NewOrder,1772287716.599286,20746,16,1
2,Payment,1772287716.599294,7737,15,1
1,NewOrder,1772287716.599298,35338,22,1
1,NewOrder,1772287716.600275,23523,3,1
1,NewOrder,1772287716.601356,18388,9,1
4,Delivery,1772287716.601409,34485,4,1
1,NewOrder,1772287716.602845,31202,18,1
2,Payment,1772287716.602880,12493,8,1
2,Payment,1772287716.602954,7374,23,1
1,NewOrder,1772287716.603136,20008,17,1
1,NewOrder,1772287716.604156,6609,19,1
2,Payment,1772287716.604180,10535,21,1
1,NewOrder,1772287716.605691,11462,20,1
1,NewOrder,1772287716.607020,22291,11,1
2,Payment,1772287716.607038,2288,15,1
2,Payment,1772287716.608926,7015,2,1
1,NewOrder,1772287716.609286,22721,7,1
1,NewOrder,1772287716.609332,27554,15,1
4,Delivery,1772287716.609354,26641,1,1
1,NewOrder,1772287716.609535,29169,0,1
1,NewOrder,1772287716.610340,16549,23,1
2,Payment,1772287716.610776,5575,19,1
1,NewOrder,1772287716.610986,20566,14,1
2,Payment,1772287716.611899,4842,6,1
2,Payment,1772287716.614726,7178,21,1
2,Payment,1772287716.615379,6701,8,1
2,Payment,1772287716.615952,5438,2,1
2,Payment,1772287716.616356,9447,19,1
1,NewOrder,1772287716.616767,8698,6,1
2,Payment,1772287716.617170,10776,20,1
2,Payment,1772287716.619315,11665,10,1
2,Payment,1772287716.619692,8884,13,1
2,Payment,1772287716.619756,15570,9,1
1,NewOrder,1772287716.620039,36314,16,1
1,NewOrder,1772287716.621401,14283,2,1
3,OrderStatus,1772287716.621878,6025,12,1
1,NewOrder,1772287716.621917,35651,21,1
1,NewOrder,1772287716.622085,34762,8,1
1,NewOrder,1772287716.623161,11677,17,1
5,StockLevel,1772287716.623810,8826,3,1
2,Payment,1772287716.625477,13600,6,1
2,Payment,1772287716.625817,4051,19,1
2,Payment,1772287716.626914,7564,23,1
2,Payment,1772287716.627915,11189,12,1
1,NewOrder,1772287716.627955,12593,20,1
2,Payment,1772287716.628588,6656,13,1
2,Payment,1772287716.629323,12964,11,1
2,Payment,1772287716.629875,9813,19,1
2,Payment,1772287716.630987,24084,10,1
2,Payment,1772287716.631557,13503,14,1
2,Payment,1772287716.632018,27425,7,1
2,Payment,1772287716.632651,2559,3,1
2,Payment,1772287716.634059,8362,18,1
1,NewOrder,1772287716.634486,18416,23,1
2,Payment,1772287716.634647,13821,22,1
1,NewOrder,1772287716.634848,26182,17,1
2,Payment,1772287716.635219,9218,3,1
2,Payment,1772287716.635249,7393,13,1
5,StockLevel,1772287716.635338,22190,9,1
1,NewOrder,1772287716.635651,6238,5,1
3,OrderStatus,1772287716.635696,7875,2,1
1,NewOrder,1772287716.635902,10862,4,1
1,NewOrder,1772287716.636005,4544,1,1
1,NewOrder,1772287716.636897,21100,15,1
1,NewOrder,1772287716.638710,20312,0,1
1,NewOrder,1772287716.639088,19983,6,1
1,NewOrder,1772287716.639110,25283,12,1
1,NewOrder,1772287716.639695,20201,19,1
2,Payment,1772287716.640554,5524,1,1
1,NewOrder,1772287716.640559,24147,20,1
1,NewOrder,1772287716.641895,14575,5,1
1,NewOrder,1772287716.642298,39815,11,1
2,Payment,1772287716.642425,11624,18,1
1,NewOrder,1772287716.642649,21384,13,1
2,Payment,1772287716.643582,6853,2,1
2,Payment,1772287716.644464,11481,3,1
2,Payment,1772287716.645085,3806,14,1
4,Delivery,1772287716.646089,16016,1,1
1,NewOrder,1772287716.646770,21557,4,1
2,Payment,1772287716.648475,14030,22,1
1,NewOrder,1772287716.648899,14146,14,1
2,Payment,1772287716.650450,16666,2,1
2,Payment,1772287716.652922,19679,23,1
5,StockLevel,1772287716.654064,30068,18,1
1,NewOrder,1772287716.655089,27407,10,1
1,NewOrder,1772287716.655957,33511,3,1
3,OrderStatus,1772287716.656377,13801,16,1
1,NewOrder,1772287716.656495,21826,5,1
2,Payment,1772287716.656873,8538,8,1
1,NewOrder,1772287716.657540,9981,9,1
2,Payment,1772287716.657575,16852,21,1
1,NewOrder,1772287716.658021,9523,15,1
2,Payment,1772287716.659034,14342,0,1
1,NewOrder,1772287716.659083,6804,6,1
2,Payment,1772287716.659453,9736,7,1
1,NewOrder,1772287716.659908,8672,19,1
2,Payment,1772287716.661045,3320,17,1
2,Payment,1772287716.662132,16460,1,1
1,NewOrder,1772287716.662516,25264,22,1
2,Payment,1772287716.663051,7452,14,1
1,NewOrder,1772287716.664043,28776,13,1
1,NewOrder,1772287716.664372,28600,17,1
1,NewOrder,1772287716.664401,20607,12,1
3,OrderStatus,1772287716.664717,15999,20,1
1,NewOrder,1772287716.665423,19970,8,1
2,Payment,1772287716.665893,7098,6,1
2,Payment,1772287716.667140,14681,2,1
1,NewOrder,1772287716.667538,5403,9,1
2,Payment,1772287716.667560,5456,15,1
1,NewOrder,1772287716.668338,16128,4,1
4,Delivery,1772287716.668586,4453,19,1
2,Payment,1772287716.669207,7620,7,1
1,NewOrder,1772287716.670204,19242,16,1
4,Delivery,1772287716.670514,20323,14,1
1,NewOrder,1772287716.672611,17305,23,1
2,Payment,1772287716.672955,6777,9,1
1,NewOrder,1772287716.673000,18159,6,1
2,Payment,1772287716.673027,4341,15,1
2,Payment,1772287716.673045,3260,19,1
2,Payment,1772287716.673388,14971,0,1
1,NewOrder,1772287716.674444,14461,21,1
1,NewOrder,1772287716.676321,12243,19,1
2,Payment,1772287716.676846,4444,7,1
2,Payment,1772287716.677372,4387,15,1
4,Delivery,1772287716.678328,29467,5,1
2,Payment,1772287716.678596,13677,1,1
2,Payment,1772287716.679759,8515,9,1
2,Payment,1772287716.680724,6251,20,1
2,Payment,1772287716.681297,12130,7,1
5,StockLevel,1772287716.681765,17870,15,1
2,Payment,1772287716.681826,16352,2,1
2,Payment,1772287716.682129,17540,11,1
2,Payment,1772287716.682521,23013,10,1
2,Payment,1772287716.684137,5680,18,1
2,Payment,1772287716.684470,18125,4,1
2,Payment,1772287716.685018,4054,12,1
1,NewOrder,1772287716.685404,39316,8,1
2,Payment,1772287716.686999,4805,20,1
1,NewOrder,1772287716.687807,13339,22,1
2,Payment,1772287716.688301,24172,9,1
1,NewOrder,1772287716.688371,31590,0,1
4,Delivery,1772287716.688570,9556,19,1
1,NewOrder,1772287716.688914,9187,21,1
2,Payment,1772287716.689083,5992,12,1
2,Payment,1772287716.689457,12489,16,1
1,NewOrder,1772287716.689476,14492,3,1
1,NewOrder,1772287716.689823,12481,18,1
2,Payment,1772287716.689927,3808,23,1
2,Payment,1772287716.690842,19079,14,1
1,NewOrder,1772287716.691163,27778,6,1
2,Payment,1772287716.691814,5833,20,1
1,NewOrder,1772287716.692282,41227,1,1
2,Payment,1772287716.692830,20098,13,1
1,NewOrder,1772287716.692983,34216,17,1
1,NewOrder,1772287716.693433,30339,7,1
2,Payment,1772287716.693753,8577,23,1
2,Payment,1772287716.695087,23285,12,1
2,Payment,1772287716.697663,11076,20,1
1,NewOrder,1772287716.698111,9783,21,1
1,NewOrder,1772287716.698152,35324,19,1
1,NewOrder,1772287716.698184,35824,2,1
2,Payment,1772287716.699638,23775,15,1
2,Payment,1772287716.699677,15738,11,1
1,NewOrder,1772287716.701171,6295,22,1
4,Delivery,1772287716.701957,45504,16,1
1,NewOrder,1772287716.702313,21436,18,1
1,NewOrder,1772287716.702336,32073,23,1
2,Payment,1772287716.702601,12784,4,1
1,NewOrder,1772287716.703977,6291,3,1
1,NewOrder,1772287716.705540,29051,10,1
1,NewOrder,1772287716.707476,7186,22,1
1,NewOrder,1772287716.707812,11194,5,1
1,NewOrder,1772287716.707921,4971,21,1
2,Payment,1772287716.708744,6396,20,1
1,NewOrder,1772287716.709943,26731,14,1
3,OrderStatus,1772287716.710274,12438,3,1
2,Payment,1772287716.712493,6557,9,1
1,NewOrder,1772287716.712905,15665,21,1
1,NewOrder,1772287716.712942,32648,13,1
2,Payment,1772287716.714678,4399,22,1
1,NewOrder,1772287716.715166,31343,20,1
2,Payment,1772287716.715395,5658,4,1
1,NewOrder,1772287716.715420,36193,11,1
1,NewOrder,1772287716.718383,32941,12,1
1,NewOrder,1772287716.718950,14997,6,1
1,NewOrder,1772287716.719017,18626,5,1
1,NewOrder,1772287716.719058,25100,9,1
3,OrderStatus,1772287716.719088,3496,22,1
1,NewOrder,1772287716.719985,14539,0,1
2,Payment,1772287716.721057,8670,4,1
1,NewOrder,1772287716.722596,18022,22,1
2,Payment,1772287716.722720,14555,3,1
2,Payment,1772287716.723424,10608,15,1
1,NewOrder,1772287716.723755,28948,18,1
2,Payment,1772287716.723783,10204,7,1
2,Payment,1772287716.724731,12891,8,1
1,NewOrder,1772287716.727210,16971,17,1
1,NewOrder,1772287716.728581,39427,21,1
3,OrderStatus,1772287716.729753,14198,4,1
2,Payment,1772287716.733487,9427,19,1
1,NewOrder,1772287716.733522,17188,1,1
1,NewOrder,1772287716.733954,22216,6,1
1,NewOrder,1772287716.733997,16970,7,1
2,Payment,1772287716.734015,9852,2,1
3,OrderStatus,1772287716.734039,4955,15,1
1,NewOrder,1772287716.734415,22882,23,1
5,StockLevel,1772287716.734536,11460,0,1
2,Payment,1772287716.734602,6662,10,1
1,NewOrder,1772287716.736687,13899,14,1
1,NewOrder,1772287716.737300,22633,3,1
5,StockLevel,1772287716.737627,14251,8,1
1,NewOrder,1772287716.737655,40473,5,1
2,Payment,1772287716.739001,10838,15,1
2,Payment,1772287716.740629,7466,22,1
1,NewOrder,1772287716.741292,10445,10,1
2,Payment,1772287716.742924,12570,19,1
2,Payment,1772287716.743872,14590,2,1
2,Payment,1772287716.743962,6300,4,1
5,StockLevel,1772287716.744164,15831,9,1
1,NewOrder,1772287716.744192,16073,17,1
1,NewOrder,1772287716.745616,10577,13,1
2,Payment,1772287716.746018,14280,0,1
1,NewOrder,1772287716.746515,9643,20,1
1,NewOrder,1772287716.747475,17475,16,1
2,Payment,1772287716.748111,13513,22,1
2,Payment,1772287716.749848,3156,15,1
2,Payment,1772287716.750286,12061,4,1
1,NewOrder,1772287716.750610,30251,14,1
2,Payment,1772287716.750737,14552,1,1
1,NewOrder,1772287716.750983,25491,7,1
2,Payment,1772287716.751329,8998,12,1
1,NewOrder,1772287716.751622,36079,11,1
1,NewOrder,1772287716.751741,30025,10,1
1,NewOrder,1772287716.751883,27955,8,1
2,Payment,1772287716.752711,11094,18,1
3,OrderStatus,1772287716.753011,1427,15,1
2,Payment,1772287716.754443,8298,15,1
2,Payment,1772287716.755498,11010,19,1
1,NewOrder,1772287716.756167,9140,20,1
1,NewOrder,1772287716.756177,20715,6,1
2,Payment,1772287716.756199,9148,13,1
1,NewOrder,1772287716.757309,15617,23,1
3,OrderStatus,1772287716.758487,8745,2,1
1,NewOrder,1772287716.759939,13573,3,1
1,NewOrder,1772287716.760001,20527,9,1
1,NewOrder,1772287716.760272,15255,17,1
2,Payment,1772287716.760305,7351,0,1
2,Payment,1772287716.760333,19383,12,1
1,NewOrder,1772287716.761649,22933,22,1
2,Payment,1772287716.762358,7039,4,1
2,Payment,1772287716.762753,19824,15,1
2,Payment,1772287716.763825,8304,18,1
2,Payment,1772287716.764964,7386,16,1
2,Payment,1772287716.765294,5928,1,1
2,Payment,1772287716.765312,16306,20,1
1,NewOrder,1772287716.765362,14023,13,1
2,Payment,1772287716.766524,17309,19,1
1,NewOrder,1772287716.767240,36003,2,1
1,NewOrder,1772287716.767661,14310,0,1
2,Payment,1772287716.768015,27139,21,1
1,NewOrder,1772287716.769408,10066,4,1
1,NewOrder,1772287716.771228,7670,1,1
5,StockLevel,1772287716.772134,15570,18,1
2,Payment,1772287716.772362,13954,16,1
2,Payment,1772287716.772939,31077,23,1
1,NewOrder,1772287716.773525,8467,3,1
1,NewOrder,1772287716.775538,13667,17,1
1,NewOrder,1772287716.776481,27564,7,1
4,Delivery,1772287716.776899,15097,6,1
1,NewOrder,1772287716.778132,25065,5,1
2,Payment,1772287716.778910,3107,1,1
2,Payment,1772287716.779394,9836,13,1
1,NewOrder,1772287716.779486,10531,4,1
1,NewOrder,1772287716.779727,13161,12,1
1,NewOrder,1772287716.779844,22568,8,1
2,Payment,1772287716.780532,6704,9,1
1,NewOrder,1772287716.780869,21264,14,1
1,NewOrder,1772287716.781630,35687,20,1
1,NewOrder,1772287716.781779,31988,10,1
2,Payment,1772287716.781977,3322,0,1
2,Payment,1772287716.781999,6869,3,1
1,NewOrder,1772287716.782027,13567,1,1
2,Payment,1772287716.782585,9743,15,1
1,NewOrder,1772287716.783841,28417,19,1
1,NewOrder,1772287716.784595,23973,22,1
1,NewOrder,1772287716.785306,12010,0,1
1,NewOrder,1772287716.786323,11720,16,1
2,Payment,1772287716.787244,9654,9,1
3,OrderStatus,1772287716.787713,13219,18,1
2,Payment,1772287716.787715,10792,11,1
2,Payment,1772287716.788876,6705,3,1
1,NewOrder,1772287716.789212,8081,17,1
1,NewOrder,1772287716.789237,8181,13,1
2,Payment,1772287716.790024,13241,4,1
5,StockLevel,1772287716.792002,17317,6,1
2,Payment,1772287716.792335,10507,15,1
1,NewOrder,1772287716.792893,28687,12,1
2,Payment,1772287716.795164,16235,21,1
1,NewOrder,1772287716.795594,20721,3,1
1,NewOrder,1772287716.795605,24970,1,1
2,Payment,1772287716.796904,4921,9,1
5,StockLevel,1772287716.797300,23031,17,1
1,NewOrder,1772287716.797320,32229,0,1
1,NewOrder,1772287716.797425,2409,13,1
2,Payment,1772287716.798048,6536,16,1
2,Payment,1772287716.798518,1663,11,1
2,Payment,1772287716.799840,5828,13,1
2,Payment,1772287716.800187,3802,11,1
3,OrderStatus,1772287716.800940,4943,18,1
1,NewOrder,1772287716.801836,28163,9,1
2,Payment,1772287716.802138,7245,14,1
2,Payment,1772287716.802415,6474,8,1
2,Payment,1772287716.802855,13076,15,1
1,NewOrder,1772287716.803202,16504,5,1
2,Payment,1772287716.803249,6533,2,1
2,Payment,1772287716.803276,4885,4,1
1,NewOrder,1772287716.803995,40519,11,1
2,Payment,1772287716.804021,13367,23,1
1,NewOrder,1772287716.804050,33589,7,1
2,Payment,1772287716.804591,13922,16,1
1,NewOrder,1772287716.805673,10747,13,1
2,Payment,1772287716.805890,23164,18,1
2,Payment,1772287716.808172,6795,4,1
1,NewOrder,1772287716.808580,10651,22,1
1,NewOrder,1772287716.808897,28220,8,1
1,NewOrder,1772287716.809322,18436,6,1
5,StockLevel,1772287716.809387,27228,14,1
1,NewOrder,1772287716.809789,25885,2,1
1,NewOrder,1772287716.811405,37082,21,1
2,Payment,1772287716.812269,23435,19,1
1,NewOrder,1772287716.813775,9991,10,1
1,NewOrder,1772287716.814977,27149,4,1
2,Payment,1772287716.815935,9505,15,1
2,Payment,1772287716.816321,6649,3,1
3,OrderStatus,1772287716.816431,4807,13,1
3,OrderStatus,1772287716.817325,3797,20,1
1,NewOrder,1772287716.817395,25077,23,1
1,NewOrder,1772287716.818519,13500,16,1
2,Payment,1772287716.819237,21218,22,1
1,NewOrder,1772287716.819716,10930,5,1
2,Payment,1772287716.820337,13316,17,1
1,NewOrder,1772287716.820584,13766,1,1
1,NewOrder,1772287716.821127,12197,20,1
1,NewOrder,1772287716.821244,20346,13,1
1,NewOrder,1772287716.821591,8388,12,1
1,NewOrder,1772287716.822976,41989,3,1
1,NewOrder,1772287716.823770,11531,10,1
2,Payment,1772287716.825451,12014,15,1
1,NewOrder,1772287716.827766,6602,6,1
1,NewOrder,1772287716.829063,29607,18,1
1,NewOrder,1772287716.829553,45833,0,1
2,Payment,1772287716.829997,12465,12,1
2,Payment,1772287716.830014,9263,9,1
1,NewOrder,1772287716.830658,23883,5,1
1,NewOrder,1772287716.832025,12873,16,1
4,Delivery,1772287716.833337,15199,20,1
3,OrderStatus,1772287716.833665,5105,17,1
1,NewOrder,1772287716.834360,8880,1,1
2,Payment,1772287716.834375,6553,6,1
1,NewOrder,1772287716.835312,10852,10,1
2,Payment,1772287716.835686,13125,2,1
1,NewOrder,1772287716.835713,24066,19,1
2,Payment,1772287716.836640,32851,14,1
2,Payment,1772287716.837129,7739,8,1
2,Payment,1772287716.837468,9507,15,1
1,NewOrder,1772287716.837646,25987,7,1
2,Payment,1772287716.838785,23145,17,1
2,Payment,1772287716.839287,13141,9,1
2,Payment,1772287716.840464,6581,22,1
3,OrderStatus,1772287716.840939,1721,6,1
2,Payment,1772287716.841595,13097,13,1
2,Payment,1772287716.842133,14049,4,1
2,Payment,1772287716.842473,31097,12,1
1,NewOrder,1772287716.842484,21258,23,1
2,Payment,1772287716.842668,4384,6,1
1,NewOrder,1772287716.843252,16476,1,1
1,NewOrder,1772287716.844541,19111,11,1
1,NewOrder,1772287716.844886,20204,8,1
1,NewOrder,1772287716.844910,18795,16,1
3,OrderStatus,1772287716.846174,3628,10,1
1,NewOrder,1772287716.846984,17949,15,1
1,NewOrder,1772287716.847058,16662,22,1
1,NewOrder,1772287716.847064,18052,6,1
1,NewOrder,1772287716.848512,16466,21,1
1,NewOrder,1772287716.848558,11204,20,1
4,Delivery,1772287716.848821,18154,2,1
1,NewOrder,1772287716.849809,6364,10,1
1,NewOrder,1772287716.852436,22106,9,1
1,NewOrder,1772287716.854557,22859,5,1
2,Payment,1772287716.854718,24857,13,1
5,StockLevel,1772287716.856181,7086,10,1
1,NewOrder,1772287716.856188,17288,4,1
3,OrderStatus,1772287716.858695,3152,18,1
2,Payment,1772287716.859740,3933,1,1
2,Payment,1772287716.859780,3918,20,1
2,Payment,1772287716.859794,12722,19,1
1,NewOrder,1772287716.861853,20113,18,1
2,Payment,1772287716.861942,21328,17,1
2,Payment,1772287716.863283,10248,10,1
2,Payment,1772287716.863660,18258,7,1
1,NewOrder,1772287716.863665,7132,11,1
1,NewOrder,1772287716.863697,13782,1,1
1,NewOrder,1772287716.863713,13788,20,1
2,Payment,1772287716.863739,27208,16,1
1,NewOrder,1772287716.863743,18129,22,1
2,Payment,1772287716.863767,15711,23,1
1,NewOrder,1772287716.864939,5880,15,1
2,Payment,1772287716.864971,5729,3,1
2,Payment,1772287716.864990,18557,21,1
1,NewOrder,1772287716.865101,7476,8,1
2,Payment,1772287716.865124,24143,6,1
1,NewOrder,1772287716.866982,12461,2,1
2,Payment,1772287716.869502,26029,14,1
1,NewOrder,1772287716.870708,12705,3,1
2,Payment,1772287716.870805,23539,11,1
2,Payment,1772287716.870826,30515,15,1
2,Payment,1772287716.872522,18392,19,1
1,NewOrder,1772287716.872587,11830,8,1
2,Payment,1772287716.873501,8444,4,1
2,Payment,1772287716.873545,27832,10,1
1,NewOrder,1772287716.873585,10778,12,1
4,Delivery,1772287716.874554,14681,9,1
2,Payment,1772287716.875393,13786,0,1
5,StockLevel,1772287716.877427,2067,5,1
1,NewOrder,1772287716.877485,7225,1,1
2,Payment,1772287716.877513,23844,20,1
4,Delivery,1772287716.879452,7552,2,1
1,NewOrder,1772287716.879483,11391,23,1
3,OrderStatus,1772287716.879505,676,5,1
3,OrderStatus,1772287716.879586,2138,13,1
2,Payment,1772287716.880189,15239,5,1
1,NewOrder,1772287716.881748,18177,13,1
1,NewOrder,1772287716.881900,18026,22,1
1,NewOrder,1772287716.881944,19379,7,1
1,NewOrder,1772287716.881970,17884,4,1
1,NewOrder,1772287716.881979,17918,18,1
2,Payment,1772287716.883275,25281,17,1
2,Payment,1772287716.883424,17794,3,1
2,Payment,1772287716.883555,26930,21,1
1,NewOrder,1772287716.884376,13868,12,1
1,NewOrder,1772287716.884443,15408,8,1
1,NewOrder,1772287716.884725,18404,1,1
2,Payment,1772287716.887020,21621,2,1
1,NewOrder,1772287716.889190,16197,0,1
2,Payment,1772287716.889241,19457,9,1
1,NewOrder,1772287716.889272,13875,6,1
1,NewOrder,1772287716.890880,13159,23,1
2,Payment,1772287716.890928,25854,19,1
1,NewOrder,1772287716.890955,12191,16,1
2,Payment,1772287716.894355,22466,11,1
2,Payment,1772287716.895434,21167,5,1
5,StockLevel,1772287716.895535,6083,14,1
1,NewOrder,1772287716.898270,8402,12,1
2,Payment,1772287716.899856,24152,8,1
2,Payment,1772287716.899865,24261,4,1
2,Payment,1772287716.899909,24182,18,1
2,Payment,1772287716.899937,16828,13,1
1,NewOrder,1772287716.899939,16737,22,1
3,OrderStatus,1772287716.901227,7716,3,1
1,NewOrder,1772287716.901334,7227,7,1
1,NewOrder,1772287716.901346,7319,15,1
1,NewOrder,1772287716.901369,15378,20,1
1,NewOrder,1772287716.901384,13536,10,1
2,Payment,1772287716.901629,24368,14,1
1,NewOrder,1772287716.903147,13641,1,1
1,NewOrder,1772287716.903162,15274,6,1
2,Payment,1772287716.903173,28135,16,1
2,Payment,1772287716.904049,28328,23,1
2,Payment,1772287716.905397,25794,0,1
1,NewOrder,1772287716.906694,9960,12,1
1,NewOrder,1772287716.908567,11838,17,1
1,NewOrder,1772287716.908569,10586,7,1
1,NewOrder,1772287716.908649,15398,2,1
1,NewOrder,1772287716.908677,11767,15,1
1,NewOrder,1772287716.908705,13449,9,1
2,Payment,1772287716.908955,30105,3,1
1,NewOrder,1772287716.910492,19467,21,1
2,Payment,1772287716.914946,12206,10,1
2,Payment,1772287716.916607,29904,5,1
1,NewOrder,1772287716.916661,13280,12,1
2,Payment,1772287716.916683,22485,22,1
2,Payment,1772287716.916758,29675,20,1
1,NewOrder,1772287716.916773,7251,13,1
2,Payment,1772287716.916799,38865,19,1
1,NewOrder,1772287716.916802,9133,1,1
1,NewOrder,1772287716.916827,13042,11,1
1,NewOrder,1772287716.918461,12777,6,1
1,NewOrder,1772287716.919162,13820,7,1
2,Payment,1772287716.920420,17291,17,1
2,Payment,1772287716.920469,20895,15,1
1,NewOrder,1772287716.922165,11621,9,1
2,Payment,1772287716.924018,7246,8,1
1,NewOrder,1772287716.924030,15161,13,1
1,NewOrder,1772287716.924053,18504,2,1
1,NewOrder,1772287716.924099,27924,18,1
1,NewOrder,1772287716.924131,13642,4,1
1,NewOrder,1772287716.925938,10078,1,1
4,Delivery,1772287716.926008,13168,14,1
2,Payment,1772287716.927163,11959,10,1
1,NewOrder,1772287716.929893,17857,11,1
1,NewOrder,1772287716.929967,14551,12,1
1,NewOrder,1772287716.929976,20622,21,1
1,NewOrder,1772287716.931208,15154,0,1
1,NewOrder,1772287716.931263,16371,6,1
3,OrderStatus,1772287716.931281,7162,8,1
2,Payment,1772287716.931333,16274,16,1
1,NewOrder,1772287716.932383,16669,23,1
2,Payment,1772287716.932988,14654,7,1
2,Payment,1772287716.933798,20387,9,1
2,Payment,1772287716.936043,15980,1,1
1,NewOrder,1772287716.937722,26556,17,1
2,Payment,1772287716.937779,21209,4,1
2,Payment,1772287716.938452,21635,8,1
1,NewOrder,1772287716.939071,26903,3,1
2,Payment,1772287716.939145,26793,10,1
2,Payment,1772287716.939195,20855,22,1
1,NewOrder,1772287716.939202,9092,14,1
1,NewOrder,1772287716.939209,24990,13,1
1,NewOrder,1772287716.941370,9286,15,1
1,NewOrder,1772287716.942582,8095,2,1
1,NewOrder,1772287716.944525,21506,12,1
1,NewOrder,1772287716.946370,19600,0,1
2,Payment,1772287716.946440,19430,20,1
4,Delivery,1772287716.946523,24788,5,1
1,NewOrder,1772287716.947626,18205,16,1
1,NewOrder,1772287716.947660,18353,7,1
2,Payment,1772287716.947664,23554,6,1
1,NewOrder,1772287716.947776,14287,11,1
1,NewOrder,1772287716.948305,17456,14,1
2,Payment,1772287716.949058,22186,23,1
2,Payment,1772287716.950611,27104,21,1
1,NewOrder,1772287716.950682,18902,15,1
2,Payment,1772287716.950694,15140,2,1
1,NewOrder,1772287716.952051,21776,18,1
4,Delivery,1772287716.952054,19801,1,1
2,Payment,1772287716.954199,22094,9,1
2,Payment,1772287716.955675,30561,19,1
2,Payment,1772287716.958999,12319,4,1
3,OrderStatus,1772287716.960062,2690,22,1
1,NewOrder,1772287716.960096,17531,8,1
2,Payment,1772287716.962072,17099,11,1
2,Payment,1772287716.962780,38674,22,1
2,Payment,1772287716.964224,9533,13,1
1,NewOrder,1772287716.964303,6943,17,1
2,Payment,1772287716.965778,21647,14,1
2,Payment,1772287716.965847,12011,16,1
1,NewOrder,1772287716.965859,7099,2,1
2,Payment,1772287716.965881,23119,20,1
2,Payment,1772287716.965964,17013,10,1
2,Payment,1772287716.965995,11761,0,1
2,Payment,1772287716.966003,18103,3,1
1,NewOrder,1772287716.966026,9184,7,1
1,NewOrder,1772287716.966048,13757,12,1
3,OrderStatus,1772287716.969592,4622,15,1
2,Payment,1772287716.971230,16156,6,1
5,StockLevel,1772287716.971251,4644,23,1
2,Payment,1772287716.971258,24654,17,1
2,Payment,1772287716.971322,17893,5,1
2,Payment,1772287716.971330,24614,4,1
4,Delivery,1772287716.971865,5958,1,1
2,Payment,1772287716.972976,28535,2,1
2,Payment,1772287716.973782,7355,13,1
2,Payment,1772287716.973852,22027,18,1
4,Delivery,1772287716.974231,14892,15,1
1,NewOrder,1772287716.975235,8830,7,1
2,Payment,1772287716.975910,34090,23,1
1,NewOrder,1772287716.976319,6607,9,1
1,NewOrder,1772287716.977639,6395,8,1
2,Payment,1772287716.977740,5121,21,1
1,NewOrder,1772287716.977771,18145,0,1
1,NewOrder,1772287716.977842,19436,1,1
2,Payment,1772287716.977867,23652,16,1
4,Delivery,1772287716.979182,16664,11,1
2,Payment,1772287716.979813,30147,12,1
1,NewOrder,1772287716.981143,6260,13,1
2,Payment,1772287716.982865,29605,21,1
5,StockLevel,1772287716.982933,3460,9,1
2,Payment,1772287716.982981,10043,10,1
1,NewOrder,1772287716.984039,17325,8,1
1,NewOrder,1772287716.984073,17290,7,1
2,Payment,1772287716.984112,23877,3,1
1,NewOrder,1772287716.986242,5193,19,1
2,Payment,1772287716.986404,10904,9,1
1,NewOrder,1772287716.987412,12427,6,1
1,NewOrder,1772287716.987429,13958,13,1
2,Payment,1772287716.987443,25168,14,1
2,Payment,1772287716.989024,28762,20,1
4,Delivery,1772287716.989142,16545,15,1
1,NewOrder,1772287716.989240,12339,5,1
3,OrderStatus,1772287716.991450,1711,19,1
2,Payment,1772287716.993035,8400,10,1
3,OrderStatus,1772287716.993168,2057,19,1
2,Payment,1772287716.995237,26196,19,1
2,Payment,1772287716.995871,12270,11,1
2,Payment,1772287716.995898,23560,18,1
2,Payment,1772287716.995928,20421,17,1
1,NewOrder,1772287716.995943,8732,0,1
2,Payment,1772287716.995961,15152,4,1
1,NewOrder,1772287716.997287,12735,1,1
1,NewOrder,1772287716.997314,6192,9,1
1,NewOrder,1772287716.999843,7106,6,1
5,StockLevel,1772287717.001371,6239,7,1
2,Payment,1772287717.001376,9767,8,1
1,NewOrder,1772287717.001399,9722,13,1
3,OrderStatus,1772287717.001443,1531,10,1
2,Payment,1772287717.001465,22265,22,1
2,Payment,1772287717.001521,19359,2,1
1,NewOrder,1772287717.001530,10327,16,1
2,Payment,1772287717.001591,14013,5,1
1,NewOrder,1772287717.002980,6945,10,1
2,Payment,1772287717.003510,9976,9,1
5,StockLevel,1772287717.004685,1454,0,1
2,Payment,1772287717.005698,12455,15,1
2,Payment,1772287717.006144,21369,0,1
3,OrderStatus,1772287717.006955,1328,6,1
1,NewOrder,1772287717.007633,9219,7,1
2,Payment,1772287717.008004,27584,3,1
2,Payment,1772287717.008166,6610,11,1
2,Payment,1772287717.008307,8414,6,1
2,Payment,1772287717.009936,8190,10,1
1,NewOrder,1772287717.009971,12105,12,1
2,Payment,1772287717.010010,18005,23,1
2,Payment,1772287717.010028,29340,1,1
1,NewOrder,1772287717.011119,27786,4,1
2,Payment,1772287717.011132,11635,13,1
1,NewOrder,1772287717.011151,16872,8,1
1,NewOrder,1772287717.011869,35391,16,1
1,NewOrder,1772287717.012480,20921,21,1
5,StockLevel,1772287717.012620,12373,14,1
1,NewOrder,1772287717.013491,16072,9,1
1,NewOrder,1772287717.014801,11149,11,1
1,NewOrder,1772287717.015629,28857,5,1
1,NewOrder,1772287717.016356,24020,17,1
2,Payment,1772287717.016733,5029,6,1
2,Payment,1772287717.016865,6486,7,1
2,Payment,1772287717.017794,16035,20,1
4,Delivery,1772287717.018137,24655,10,1
1,NewOrder,1772287717.018158,25369,15,1
1,NewOrder,1772287717.019475,35403,18,1
1,NewOrder,1772287717.020886,39332,2,1
4,Delivery,1772287717.021459,23405,19,1
1,NewOrder,1772287717.021786,39631,6,1
4,Delivery,1772287717.022089,9684,12,1
2,Payment,1772287717.022778,8092,13,1
1,NewOrder,1772287717.023361,10473,7,1
1,NewOrder,1772287717.023741,16014,22,1
1,NewOrder,1772287717.025020,24788,14,1
1,NewOrder,1772287717.025960,15999,11,1
5,StockLevel,1772287717.027539,24717,0,1
1,NewOrder,1772287717.028041,36746,8,1
1,NewOrder,1772287717.028045,35133,23,1
2,Payment,1772287717.029573,4225,9,1
2,Payment,1772287717.030877,5246,13,1
1,NewOrder,1772287717.031810,21226,12,1
5,StockLevel,1772287717.033414,21016,21,1
2,Payment,1772287717.033813,5967,9,1
2,Payment,1772287717.033857,11380,20,1
2,Payment,1772287717.033861,2616,7,1
1,NewOrder,1772287717.035603,22556,3,1
2,Payment,1772287717.036149,4696,13,1
1,NewOrder,1772287717.036489,6568,7,1
2,Payment,1772287717.038918,9943,4,1
2,Payment,1772287717.039375,7160,1,1
2,Payment,1772287717.039763,12879,22,1
2,Payment,1772287717.039792,6137,9,1
2,Payment,1772287717.040402,2626,17,1
1,NewOrder,1772287717.040870,13293,13,1
2,Payment,1772287717.041966,5971,11,1
1,NewOrder,1772287717.042818,13312,10,1
2,Payment,1772287717.043046,3710,17,1
2,Payment,1772287717.043071,7377,7,1
2,Payment,1772287717.043549,7054,15,1
1,NewOrder,1772287717.044497,33368,5,1
2,Payment,1772287717.044873,10366,19,1
1,NewOrder,1772287717.045248,26473,20,1
2,Payment,1772287717.045941,7096,9,1
2,Payment,1772287717.046550,7985,1,1
1,NewOrder,1772287717.046770,24710,17,1
2,Payment,1772287717.047270,10521,16,1
1,NewOrder,1772287717.047947,15634,11,1
2,Payment,1772287717.048870,11047,4,1
4,Delivery,1772287717.049822,29646,14,1
2,Payment,1772287717.050455,4684,7,1
1,NewOrder,1772287717.050608,20797,15,1
1,NewOrder,1772287717.052267,32899,0,1
3,OrderStatus,1772287717.052648,4076,22,1
1,NewOrder,1772287717.053042,15861,9,1
1,NewOrder,1772287717.053047,25028,12,1
2,Payment,1772287717.054189,7637,13,1
3,OrderStatus,1772287717.054441,4976,21,1
1,NewOrder,1772287717.054542,24519,1,1
2,Payment,1772287717.054886,8729,18,1
4,Delivery,1772287717.055143,16179,7,1
2,Payment,1772287717.055246,15075,19,1
1,NewOrder,1772287717.056141,20167,10,1
2,Payment,1772287717.056731,16344,22,1
2,Payment,1772287717.057802,11248,16,1
2,Payment,1772287717.058166,6972,3,1
1,NewOrder,1772287717.059427,22212,21,1
2,Payment,1772287717.059928,12817,4,1
4,Delivery,1772287717.060229,29545,2,1
2,Payment,1772287717.061429,7179,6,1
2,Payment,1772287717.061837,12836,13,1
2,Payment,1772287717.063186,13103,23,1
2,Payment,1772287717.063589,10287,11,1
1,NewOrder,1772287717.063626,20769,18,1
1,NewOrder,1772287717.064799,23211,8,1
5,StockLevel,1772287717.065149,23622,3,1
1,NewOrder,1772287717.068633,26174,6,1
1,NewOrder,1772287717.068919,18003,9,1
2,Payment,1772287717.069076,8340,16,1
2,Payment,1772287717.070330,8685,19,1
5,StockLevel,1772287717.071330,5055,7,1
2,Payment,1772287717.071412,10106,15,1
1,NewOrder,1772287717.071485,7554,17,1
1,NewOrder,1772287717.071732,27901,20,1
1,NewOrder,1772287717.072758,21011,4,1
2,Payment,1772287717.073080,8206,22,1
1,NewOrder,1772287717.073887,21243,11,1
1,NewOrder,1772287717.074698,19057,13,1
2,Payment,1772287717.076300,11444,23,1
2,Payment,1772287717.076320,1516,10,1
2,Payment,1772287717.076390,4543,7,1
2,Payment,1772287717.077427,14631,16,1
1,NewOrder,1772287717.077843,30085,10,1
1,NewOrder,1772287717.077876,44887,5,1
1,NewOrder,1772287717.078088,33506,12,1
1,NewOrder,1772287717.079023,16543,19,1
3,OrderStatus,1772287717.079050,4063,17,1
1,NewOrder,1772287717.079071,33655,1,1
2,Payment,1772287717.079494,24586,14,1
2,Payment,1772287717.080960,6891,7,1
2,Payment,1772287717.081302,12077,22,1
1,NewOrder,1772287717.081535,31700,15,1
1,NewOrder,1772287717.081665,25814,21,1
5,StockLevel,1772287717.083121,18103,17,1
1,NewOrder,1772287717.084400,10820,18,1
4,Delivery,1772287717.085178,4809,0,1
1,NewOrder,1772287717.086933,12642,9,1
2,Payment,1772287717.087760,16750,23,1
2,Payment,1772287717.087863,7613,7,1
1,NewOrder,1772287717.088018,23440,8,1
4,Delivery,1772287717.088782,1225,3,1
2,Payment,1772287717.089781,13807,2,1
5,StockLevel,1772287717.089995,24503,0,1
5,StockLevel,1772287717.090014,4766,3,1
1,NewOrder,1772287717.092070,14455,16,1
1,NewOrder,1772287717.093385,22810,22,1
3,OrderStatus,1772287717.093766,6983,13,1
5,StockLevel,1772287717.093779,26504,4,1
1,NewOrder,1772287717.094805,9718,3,1
1,NewOrder,1772287717.094833,7446,6,1
2,Payment,1772287717.095144,11264,11,1
2,Payment,1772287717.095245,11842,18,1
3,OrderStatus,1772287717.095488,9565,7,1
1,NewOrder,1772287717.095576,4922,19,1
2,Payment,1772287717.099583,9044,9,1
1,NewOrder,1772287717.099642,23097,20,1
5,StockLevel,1772287717.100517,3925,19,1
1,NewOrder,1772287717.100775,21841,13,1
1,NewOrder,1772287717.101249,27014,17,1
1,NewOrder,1772287717.102286,20439,6,1
2,Payment,1772287717.103594,7047,2,1
1,NewOrder,1772287717.104084,24206,14,1
2,Payment,1772287717.104447,5377,19,1
1,NewOrder,1772287717.104518,28343,23,1
1,NewOrder,1772287717.104534,9943,3,1
2,Payment,1772287717.105065,8105,7,1
1,NewOrder,1772287717.106413,21827,11,1
2,Payment,1772287717.106536,9694,16,1
1,NewOrder,1772287717.107092,23827,18,1
2,Payment,1772287717.107485,12916,21,1
1,NewOrder,1772287717.107940,21485,10,1
2,Payment,1772287717.108633,6653,9,1
1,NewOrder,1772287717.109830,17899,19,1
1,NewOrder,1772287717.110648,55265,2,1
1,NewOrder,1772287717.111466,23226,8,1
2,Payment,1772287717.111607,16158,12,1
2,Payment,1772287717.112738,9954,1,1
1,NewOrder,1772287717.113177,33615,7,1
2,Payment,1772287717.113247,20763,15,1
1,NewOrder,1772287717.114488,32635,3,1
2,Payment,1772287717.114504,19437,0,1
1,NewOrder,1772287717.115289,31643,9,1
2,Payment,1772287717.116202,13139,22,1
1,NewOrder,1772287717.116240,30564,16,1
2,Payment,1772287717.120308,26599,4,1
1,NewOrder,1772287717.120407,9082,21,1
2,Payment,1772287717.122635,24409,13,1
1,NewOrder,1772287717.122719,24202,1,1
2,Payment,1772287717.122750,8187,6,1
2,Payment,1772287717.122757,11253,20,1
2,Payment,1772287717.122776,6691,5,1
1,NewOrder,1772287717.127740,19073,19,1
2,Payment,1772287717.127773,24403,12,1
1,NewOrder,1772287717.128251,18815,11,1
2,Payment,1772287717.128275,21273,17,1
2,Payment,1772287717.128298,31273,14,1
2,Payment,1772287717.129345,17650,22,1
1,NewOrder,1772287717.129433,17654,10,1
1,NewOrder,1772287717.129476,17412,5,1
1,NewOrder,1772287717.129500,17508,21,1
2,Payment,1772287717.130945,23560,18,1
1,NewOrder,1772287717.130954,15745,6,1
1,NewOrder,1772287717.132873,13976,23,1
2,Payment,1772287717.133962,20510,0,1
1,NewOrder,1772287717.134023,16026,20,1
2,Payment,1772287717.134037,31465,15,1
1,NewOrder,1772287717.134717,12315,8,1
2,Payment,1772287717.146724,9791,6,1
1,NewOrder,1772287717.146820,14006,7,1
2,Payment,1772287717.146840,30633,16,1
1,NewOrder,1772287717.146843,20418,19,1
2,Payment,1772287717.146859,13656,23,1
1,NewOrder,1772287717.146900,18539,5,1
1,NewOrder,1772287717.146913,18617,4,1
2,Payment,1772287717.146933,13931,1,1
1,NewOrder,1772287717.146944,35156,9,1
1,NewOrder,1772287717.147000,25912,22,1
1,NewOrder,1772287717.147014,23377,21,1
2,Payment,1772287717.147044,1957,8,1
1,NewOrder,1772287717.147051,35077,13,1
2,Payment,1772287717.147073,4348,11,1
1,NewOrder,1772287717.147093,13495,10,1
1,NewOrder,1772287717.147131,33247,3,1
2,Payment,1772287717.149012,4733,8,1
2,Payment,1772287717.149565,32633,17,1
1,NewOrder,1772287717.150061,15405,20,1
1,NewOrder,1772287717.151446,18961,11,1
1,NewOrder,1772287717.152196,17691,12,1
2,Payment,1772287717.153759,6675,8,1
2,Payment,1772287717.154481,9641,0,1
3,OrderStatus,1772287717.154517,2558,18,1
1,NewOrder,1772287717.156523,20985,6,1
1,NewOrder,1772287717.157078,33842,18,1
2,Payment,1772287717.159578,29042,14,1
1,NewOrder,1772287717.160441,14684,8,1
1,NewOrder,1772287717.160527,16098,23,1
1,NewOrder,1772287717.160594,16983,10,1
2,Payment,1772287717.160834,8304,7,1
1,NewOrder,1772287717.160875,21199,1,1
2,Payment,1772287717.164130,5657,0,1
1,NewOrder,1772287717.165451,18450,5,1
2,Payment,1772287717.165477,8962,20,1
1,NewOrder,1772287717.165507,44511,15,1
1,NewOrder,1772287717.165541,26696,4,1
1,NewOrder,1772287717.165919,21747,2,1
3,OrderStatus,1772287717.167270,9468,19,1
2,Payment,1772287717.169164,13005,7,1
1,NewOrder,1772287717.169792,36528,0,1
2,Payment,1772287717.169895,23963,12,1
1,NewOrder,1772287717.170402,29714,21,1
1,NewOrder,1772287717.170419,23396,11,1
1,NewOrder,1772287717.172917,25677,22,1
1,NewOrder,1772287717.174450,22136,20,1
5,StockLevel,1772287717.175137,22874,8,1
2,Payment,1772287717.176633,5424,23,1
1,NewOrder,1772287717.176748,21887,19,1
2,Payment,1772287717.177485,21244,16,1
2,Payment,1772287717.177520,8466,6,1
1,NewOrder,1772287717.177589,12162,10,1
2,Payment,1772287717.180389,4272,3,1
1,NewOrder,1772287717.182068,38681,23,1
1,NewOrder,1772287717.182081,38610,1,1
2,Payment,1772287717.182112,10542,9,1
1,NewOrder,1772287717.182134,27365,13,1
2,Payment,1772287717.182178,16428,7,1
1,NewOrder,1772287717.182205,15420,17,1
1,NewOrder,1772287717.183907,24720,5,1
1,NewOrder,1772287717.184673,25419,3,1
1,NewOrder,1772287717.185997,23970,6,1
1,NewOrder,1772287717.187675,21075,2,1
2,Payment,1772287717.188629,20145,14,1
1,NewOrder,1772287717.189763,19663,10,1
2,Payment,1772287717.190929,6732,18,1
1,NewOrder,1772287717.192253,16589,4,1
2,Payment,1772287717.192664,16209,9,1
1,NewOrder,1772287717.193821,14998,11,1
1,NewOrder,1772287717.193866,26139,12,1
1,NewOrder,1772287717.196592,13351,20,1
2,Payment,1772287717.197645,22002,17,1
1,NewOrder,1772287717.197707,26249,18,1
2,Payment,1772287717.198023,22658,8,1
1,NewOrder,1772287717.198607,20977,22,1
2,Payment,1772287717.198632,19563,7,1
5,StockLevel,1772287717.198651,16416,19,1
5,StockLevel,1772287717.198742,9715,16,1
2,Payment,1772287717.200127,8663,21,1
2,Payment,1772287717.206331,5724,0,1
2,Payment,1772287717.208468,37662,16,1
1,NewOrder,1772287717.208638,17760,5,1
2,Payment,1772287717.208756,10787,2,1
2,Payment,1772287717.208786,16584,14,1
4,Delivery,1772287717.208796,24408,21,1
1,NewOrder,1772287717.208830,15147,11,1
1,NewOrder,1772287717.208853,12155,4,1
2,Payment,1772287717.208880,16448,9,1
1,NewOrder,1772287717.209431,13606,10,1
3,OrderStatus,1772287717.209510,3438,13,1
2,Payment,1772287717.209948,9671,20,1
5,StockLevel,1772287717.209972,12220,6,1
2,Payment,1772287717.210029,25207,15,1
2,Payment,1772287717.210104,15062,3,1
1,NewOrder,1772287717.212067,14309,0,1
2,Payment,1772287717.212956,25595,13,1
1,NewOrder,1772287717.215081,10266,19,1
1,NewOrder,1772287717.218237,31020,7,1
4,Delivery,1772287717.219549,29542,2,1
4,Delivery,1772287717.219595,13915,22,1
1,NewOrder,1772287717.219627,28741,20,1
2,Payment,1772287717.219658,21955,17,1
1,NewOrder,1772287717.220014,23961,12,1
1,NewOrder,1772287717.220688,6161,8,1
2,Payment,1772287717.220703,14641,1,1
1,NewOrder,1772287717.220762,6107,23,1
2,Payment,1772287717.221019,8263,4,1
2,Payment,1772287717.222217,5780,6,1
2,Payment,1772287717.223055,7202,10,1
2,Payment,1772287717.223967,2405,18,1
1,NewOrder,1772287717.223989,19330,11,1
2,Payment,1772287717.225171,12748,3,1
1,NewOrder,1772287717.225334,24422,9,1
2,Payment,1772287717.225359,10780,19,1
1,NewOrder,1772287717.225375,14837,14,1
1,NewOrder,1772287717.226383,23710,18,1
1,NewOrder,1772287717.226386,15403,0,1
1,NewOrder,1772287717.226409,23278,5,1
1,NewOrder,1772287717.226860,9241,8,1
2,Payment,1772287717.226877,13779,23,1
1,NewOrder,1772287717.228002,10513,6,1
1,NewOrder,1772287717.229288,19941,4,1
1,NewOrder,1772287717.230263,8332,10,1
2,Payment,1772287717.233210,26186,21,1
2,Payment,1772287717.233519,11127,22,1
1,NewOrder,1772287717.235249,14817,15,1
2,Payment,1772287717.235351,6712,1,1
2,Payment,1772287717.236105,2470,8,1
2,Payment,1772287717.236150,34277,19,1
2,Payment,1772287717.237929,7262,3,1
1,NewOrder,1772287717.238522,20366,6,1
2,Payment,1772287717.238562,20867,13,1
1,NewOrder,1772287717.238586,20731,8,1
3,OrderStatus,1772287717.238603,4646,10,1
1,NewOrder,1772287717.240217,21659,14,1
1,NewOrder,1772287717.240663,20440,23,1
2,Payment,1772287717.241618,24954,17,1
1,NewOrder,1772287717.241799,36157,0,1
2,Payment,1772287717.242070,14704,1,1
2,Payment,1772287717.243257,16214,10,1
2,Payment,1772287717.243325,19609,11,1
2,Payment,1772287717.243986,26345,12,1
2,Payment,1772287717.244653,33446,22,1
1,NewOrder,1772287717.245196,14034,3,1
1,NewOrder,1772287717.246136,15717,16,1
5,StockLevel,1772287717.248374,10507,20,1
2,Payment,1772287717.249095,11983,2,1
1,NewOrder,1772287717.249241,11813,4,1
1,NewOrder,1772287717.249269,10025,7,1
1,NewOrder,1772287717.249693,9647,5,1
2,Payment,1772287717.249763,19624,9,1
2,Payment,1772287717.250074,28081,15,1
1,NewOrder,1772287717.250104,9209,18,1
4,Delivery,1772287717.256800,19670,1,1
2,Payment,1772287717.258907,4381,20,1
2,Payment,1772287717.258915,30335,6,1
1,NewOrder,1772287717.259240,24808,3,1
2,Payment,1772287717.259303,18826,7,1
2,Payment,1772287717.259321,30239,18,1
4,Delivery,1772287717.259329,23154,8,1
2,Payment,1772287717.259347,6499,5,1
2,Payment,1772287717.259404,32226,21,1
1,NewOrder,1772287717.259435,18561,13,1
1,NewOrder,1772287717.259483,22975,10,1
1,NewOrder,1772287717.261068,16962,4,1
2,Payment,1772287717.261111,9712,2,1
1,NewOrder,1772287717.261128,22946,23,1
1,NewOrder,1772287717.261864,16188,16,1
1,NewOrder,1772287717.261881,18039,14,1
1,NewOrder,1772287717.262950,8508,11,1
2,Payment,1772287717.263304,30756,20,1
1,NewOrder,1772287717.265871,16586,5,1
1,NewOrder,1772287717.266582,18532,17,1
2,Payment,1772287717.269398,27558,9,1
5,StockLevel,1772287717.270342,5167,12,1
2,Payment,1772287717.270435,26660,19,1
2,Payment,1772287717.270834,7353,2,1
1,NewOrder,1772287717.271465,18663,11,1
1,NewOrder,1772287717.275525,33847,12,1
2,Payment,1772287717.276474,12062,1,1
1,NewOrder,1772287717.277963,11170,0,1
2,Payment,1772287717.278008,3384,13,1
1,NewOrder,1772287717.278041,26149,4,1
2,Payment,1772287717.278061,8033,16,1
5,StockLevel,1772287717.278103,30960,22,1
2,Payment,1772287717.278137,22091,7,1
1,NewOrder,1772287717.278163,28672,15,1
1,NewOrder,1772287717.278195,22152,2,1
1,NewOrder,1772287717.279925,33745,14,1
3,OrderStatus,1772287717.281400,1867,13,1
1,NewOrder,1772287717.282464,6748,5,1
1,NewOrder,1772287717.282470,7241,10,1
2,Payment,1772287717.282494,21579,8,1
1,NewOrder,1772287717.283278,7987,13,1
1,NewOrder,1772287717.284056,22158,3,1
3,OrderStatus,1772287717.284083,4680,23,1
1,NewOrder,1772287717.285126,4981,17,1
2,Payment,1772287717.286100,7469,16,1
1,NewOrder,1772287717.288548,19178,1,1
1,NewOrder,1772287717.288769,23164,23,1
2,Payment,1772287717.289140,9329,0,1
1,NewOrder,1772287717.289216,24503,5,1
2,Payment,1772287717.289260,19629,6,1
5,StockLevel,1772287717.289564,2611,18,1
2,Payment,1772287717.289716,23508,10,1
1,NewOrder,1772287717.290115,23764,17,1
1,NewOrder,1772287717.290134,23766,11,1
2,Payment,1772287717.291271,5171,13,1
2,Payment,1772287717.291637,8034,21,1
3,OrderStatus,1772287717.292180,1006,18,1
1,NewOrder,1772287717.293192,9508,18,1
1,NewOrder,1772287717.293580,23329,16,1
2,Payment,1772287717.294072,9344,20,1
1,NewOrder,1772287717.296449,6902,13,1
2,Payment,1772287717.296962,23096,9,1
2,Payment,1772287717.297102,10344,19,1
2,Payment,1772287717.298477,6067,0,1
2,Payment,1772287717.299679,11045,21,1
2,Payment,1772287717.300234,22045,7,1
1,NewOrder,1772287717.300358,15833,2,1
2,Payment,1772287717.302707,18317,18,1
2,Payment,1772287717.303358,3486,13,1
2,Payment,1772287717.303424,11006,20,1
2,Payment,1772287717.304084,21459,8,1
1,NewOrder,1772287717.304195,26568,4,1
2,Payment,1772287717.304549,4889,0,1
2,Payment,1772287717.306225,10790,3,1
1,NewOrder,1772287717.306840,10090,15,1
2,Payment,1772287717.306851,2555,13,1
1,NewOrder,1772287717.307457,21456,19,1
2,Payment,1772287717.307737,14672,1,1
2,Payment,1772287717.308899,20042,6,1
3,OrderStatus,1772287717.309069,3901,22,1
1,NewOrder,1772287717.309380,8236,12,1
2,Payment,1772287717.309412,3000,13,1
1,NewOrder,1772287717.309444,23860,0,1
3,OrderStatus,1772287717.310730,6027,21,1
2,Payment,1772287717.311939,15509,23,1
2,Payment,1772287717.312417,4929,13,1
1,NewOrder,1772287717.312979,4289,22,1
2,Payment,1772287717.313234,27016,10,1
1,NewOrder,1772287717.313684,14635,14,1
1,NewOrder,1772287717.313724,18013,5,1
4,Delivery,1772287717.313884,27128,17,1
2,Payment,1772287717.313904,21070,11,1
2,Payment,1772287717.314437,16896,20,1
2,Payment,1772287717.316196,16642,2,1
2,Payment,1772287717.316763,19568,21,1
1,NewOrder,1772287717.316914,16721,16,1
1,NewOrder,1772287717.316936,6156,15,1
2,Payment,1772287717.317022,9556,3,1
1,NewOrder,1772287717.317272,12036,22,1
1,NewOrder,1772287717.317359,17102,13,1
1,NewOrder,1772287717.317622,4146,12,1
2,Payment,1772287717.320070,24407,9,1
1,NewOrder,1772287717.321029,25155,18,1
2,Payment,1772287717.321775,3181,12,1
2,Payment,1772287717.322284,25156,7,1
1,NewOrder,1772287717.322417,24907,1,1
1,NewOrder,1772287717.323101,33957,15,1
2,Payment,1772287717.324962,4210,12,1
1,NewOrder,1772287717.325550,37256,8,1
1,NewOrder,1772287717.326584,29007,3,1
2,Payment,1772287717.327460,12703,23,1
2,Payment,1772287717.328324,10054,14,1
2,Payment,1772287717.328920,13403,19,1
1,NewOrder,1772287717.328952,30696,6,1
1,NewOrder,1772287717.329184,18803,12,1
1,NewOrder,1772287717.329312,32636,22,1
1,NewOrder,1772287717.330770,13185,4,1
1,NewOrder,1772287717.331344,24968,20,1
2,Payment,1772287717.331745,9139,5,1
2,Payment,1772287717.332844,16397,2,1
1,NewOrder,1772287717.333310,23099,0,1
1,NewOrder,1772287717.333642,7978,16,1
2,Payment,1772287717.334466,6385,13,1
1,NewOrder,1772287717.334979,6316,11,1
2,Payment,1772287717.336337,8855,21,1
1,NewOrder,1772287717.338389,28050,14,1
2,Payment,1772287717.340174,8990,23,1
1,NewOrder,1772287717.340257,19411,10,1
2,Payment,1772287717.340858,4343,13,1
1,NewOrder,1772287717.340891,42776,5,1
1,NewOrder,1772287717.341016,18043,17,1
1,NewOrder,1772287717.341307,15072,11,1
2,Payment,1772287717.341625,6539,16,1
1,NewOrder,1772287717.342329,23673,19,1
1,NewOrder,1772287717.343961,19586,4,1
1,NewOrder,1772287717.344485,20716,9,1
1,NewOrder,1772287717.345202,15426,21,1
3,OrderStatus,1772287717.345206,3472,13,1
1,NewOrder,1772287717.346190,20667,18,1
2,Payment,1772287717.347335,8852,1,1
3,OrderStatus,1772287717.347445,6196,7,1
5,StockLevel,1772287717.347999,12752,12,1
2,Payment,1772287717.348170,5682,16,1
1,NewOrder,1772287717.348683,25984,13,1
2,Payment,1772287717.349172,7476,23,1
1,NewOrder,1772287717.349248,43299,2,1
2,Payment,1772287717.353653,7802,7,1
2,Payment,1772287717.353858,5835,16,1
2,Payment,1772287717.355598,11328,3,1
1,NewOrder,1772287717.356196,26458,1,1
2,Payment,1772287717.356318,13239,20,1
1,NewOrder,1772287717.356382,36189,11,1
1,NewOrder,1772287717.356420,28650,0,1
1,NewOrder,1772287717.356659,35937,23,1
1,NewOrder,1772287717.357063,27927,15,1
2,Payment,1772287717.359064,10522,17,1
1,NewOrder,1772287717.359660,32964,6,1
5,StockLevel,1772287717.359675,19070,10,1
1,NewOrder,1772287717.359697,28250,16,1
1,NewOrder,1772287717.360639,6658,21,1
2,Payment,1772287717.360758,5332,12,1
2,Payment,1772287717.361467,7363,7,1
4,Delivery,1772287717.361960,30138,22,1
2,Payment,1772287717.362813,8872,8,1
2,Payment,1772287717.363558,6477,4,1
2,Payment,1772287717.365207,11186,9,1
1,NewOrder,1772287717.366009,25935,19,1
1,NewOrder,1772287717.366099,21923,12,1
2,Payment,1772287717.366450,17396,14,1
2,Payment,1772287717.366862,7206,18,1
1,NewOrder,1772287717.366937,29959,3,1
1,NewOrder,1772287717.367305,11783,21,1
2,Payment,1772287717.368835,11822,7,1
1,NewOrder,1772287717.369563,22801,20,1
2,Payment,1772287717.369598,7373,17,1
2,Payment,1772287717.370043,7109,4,1
1,NewOrder,1772287717.371696,20426,8,1
3,OrderStatus,1772287717.374075,4370,18,1
1,NewOrder,1772287717.374674,33025,13,1
2,Payment,1772287717.376401,15834,9,1
1,NewOrder,1772287717.376977,19192,17,1
2,Payment,1772287717.377160,14996,4,1
1,NewOrder,1772287717.378457,17256,18,1
2,Payment,1772287717.378751,23929,10,1
2,Payment,1772287717.379100,16665,21,1
2,Payment,1772287717.380664,27701,7,1
1,NewOrder,1772287717.382660,33636,1,1
2,Payment,1772287717.383677,19154,5,1
1,NewOrder,1772287717.383857,22221,14,1
2,Payment,1772287717.384999,10733,15,1
5,StockLevel,1772287717.385075,6322,0,1
1,NewOrder,1772287717.387959,9872,16,1
1,NewOrder,1772287717.388035,23186,12,1
1,NewOrder,1772287717.391404,7503,0,1
4,Delivery,1772287717.391955,26583,19,1
1,NewOrder,1772287717.392110,23212,22,1
1,NewOrder,1772287717.392134,20997,8,1
2,Payment,1772287717.392163,22583,4,1
1,NewOrder,1772287717.392247,10536,9,1
2,Payment,1772287717.392371,9007,20,1
2,Payment,1772287717.392553,16040,2,1
5,StockLevel,1772287717.392578,2670,11,1
1,NewOrder,1772287717.392604,22693,23,1
2,Payment,1772287717.392638,22586,6,1
1,NewOrder,1772287717.395255,9030,11,1
1,NewOrder,1772287717.395724,20339,18,1
1,NewOrder,1772287717.395738,19555,15,1
1,NewOrder,1772287717.395773,19498,21,1
1,NewOrder,1772287717.396179,6042,17,1
2,Payment,1772287717.396901,22911,3,1
1,NewOrder,1772287717.397838,14246,16,1
2,Payment,1772287717.398912,25201,0,1
2,Payment,1772287717.401387,6954,20,1
1,NewOrder,1772287717.402232,20394,17,1
1,NewOrder,1772287717.402688,30217,10,1
1,NewOrder,1772287717.402791,19816,9,1
1,NewOrder,1772287717.402834,24804,5,1
1,NewOrder,1772287717.404288,25509,11,1
2,Payment,1772287717.406085,6544,14,1
2,Payment,1772287717.407707,10172,13,1
2,Payment,1772287717.408348,15244,20,1
1,NewOrder,1772287717.408378,19870,7,1
2,Payment,1772287717.408599,21268,2,1
2,Payment,1772287717.411230,9959,12,1
1,NewOrder,1772287717.412095,14975,16,1
3,OrderStatus,1772287717.412636,8927,14,1
1,NewOrder,1772287717.413138,17435,8,1
1,NewOrder,1772287717.414760,30111,4,1
1,NewOrder,1772287717.415230,19971,6,1
1,NewOrder,1772287717.415277,10775,21,1
1,NewOrder,1772287717.415298,8778,15,1
2,Payment,1772287717.415309,11367,23,1
2,Payment,1772287717.415329,14008,22,1
1,NewOrder,1772287717.416069,16127,18,1
1,NewOrder,1772287717.416302,10537,1,1
1,NewOrder,1772287717.417891,13106,13,1
1,NewOrder,1772287717.418544,22858,19,1
2,Payment,1772287717.419819,16402,3,1
1,NewOrder,1772287717.421195,19411,12,1
2,Payment,1772287717.421571,7122,14,1
2,Payment,1772287717.422618,5651,9,1
2,Payment,1772287717.422633,7579,17,1
2,Payment,1772287717.423597,11980,20,1
1,NewOrder,1772287717.424082,20387,15,1
2,Payment,1772287717.424120,18001,0,1
1,NewOrder,1772287717.426065,14562,21,1
1,NewOrder,1772287717.426688,11823,23,1
4,Delivery,1772287717.426847,12658,1,1
2,Payment,1772287717.427076,8559,16,1
3,OrderStatus,1772287717.427645,4284,5,1
4,Delivery,1772287717.428257,16468,7,1
2,Payment,1772287717.428275,6451,9,1
1,NewOrder,1772287717.428700,23407,14,1
2,Payment,1772287717.429343,14284,22,1
1,NewOrder,1772287717.429809,21701,11,1
1,NewOrder,1772287717.429874,28209,2,1
4,Delivery,1772287717.430218,37417,17,1
2,Payment,1772287717.430579,11486,8,1
2,Payment,1772287717.431003,8315,13,1
3,OrderStatus,1772287717.431936,3061,5,1
2,Payment,1772287717.432207,15012,18,1
1,NewOrder,1772287717.432911,15780,10,1
1,NewOrder,1772287717.434734,19696,9,1
1,NewOrder,1772287717.435003,23274,5,1
1,NewOrder,1772287717.435209,45905,6,1
3,OrderStatus,1772287717.435584,10434,20,1
2,Payment,1772287717.435641,8828,16,1
2,Payment,1772287717.436227,13846,3,1
2,Payment,1772287717.438518,12056,23,1
1,NewOrder,1772287717.439324,18739,13,1
1,NewOrder,1772287717.439511,8505,1,1
2,Payment,1772287717.440616,7389,12,1
2,Payment,1772287717.440637,13500,21,1
1,NewOrder,1772287717.441410,20762,19,1
2,Payment,1772287717.442071,13930,8,1
1,NewOrder,1772287717.442126,39083,0,1
1,NewOrder,1772287717.443632,36520,22,1
5,StockLevel,1772287717.444483,6918,15,1
1,NewOrder,1772287717.444484,32373,16,1
1,NewOrder,1772287717.444732,20975,7,1
2,Payment,1772287717.444878,12398,4,1
2,Payment,1772287717.446025,15294,20,1
2,Payment,1772287717.447226,22352,18,1
2,Payment,1772287717.448017,5725,12,1
1,NewOrder,1772287717.448023,10823,1,1
1,NewOrder,1772287717.448697,22719,10,1
2,Payment,1772287717.450079,16718,3,1
2,Payment,1772287717.450582,26219,23,1
1,NewOrder,1772287717.451413,10686,15,1
1,NewOrder,1772287717.451518,15233,11,1
2,Payment,1772287717.452113,5991,14,1
1,NewOrder,1772287717.453749,22981,12,1
1,NewOrder,1772287717.454149,27038,21,1
2,Payment,1772287717.454437,7707,9,1
1,NewOrder,1772287717.456012,20449,8,1
2,Payment,1772287717.457283,13579,4,1
2,Payment,1772287717.458075,4045,13,1
1,NewOrder,1772287717.458092,8665,2,1
1,NewOrder,1772287717.458112,8615,14,1
1,NewOrder,1772287717.458282,22896,5,1
2,Payment,1772287717.458853,15497,1,1
2,Payment,1772287717.461326,29130,20,1
1,NewOrder,1772287717.462106,19124,15,1
2,Payment,1772287717.462126,5538,13,1
1,NewOrder,1772287717.462151,19001,9,1
2,Payment,1772287717.462178,20437,19,1
2,Payment,1772287717.465720,11088,7,1
2,Payment,1772287717.466736,4810,14,1
1,NewOrder,1772287717.466763,14288,11,1
2,Payment,1772287717.466765,15881,2,1
2,Payment,1772287717.466804,22684,3,1
1,NewOrder,1772287717.467645,9243,17,1
3,OrderStatus,1772287717.467671,1404,13,1
2,Payment,1772287717.469086,11172,13,1
2,Payment,1772287717.469588,26406,18,1
1,NewOrder,1772287717.470868,17916,4,1
2,Payment,1772287717.471422,12181,10,1
5,StockLevel,1772287717.471555,2623,14,1
2,Payment,1772287717.474189,8276,14,1
5,StockLevel,1772287717.474356,10103,1,1
2,Payment,1772287717.476472,20831,8,1
5,StockLevel,1772287717.476737,9718,12,1
2,Payment,1772287717.476809,29516,23,1
2,Payment,1772287717.476821,13086,7,1
1,NewOrder,1772287717.476863,12595,16,1
1,NewOrder,1772287717.476900,11461,17,1
2,Payment,1772287717.480158,32612,22,1
2,Payment,1772287717.480270,10079,13,1
2,Payment,1772287717.481059,25677,11,1
1,NewOrder,1772287717.481122,8985,6,1
2,Payment,1772287717.481158,32405,9,1
2,Payment,1772287717.481186,24931,5,1
2,Payment,1772287717.481200,34605,21,1
2,Payment,1772287717.481220,10895,0,1
1,NewOrder,1772287717.481235,22528,15,1
1,NewOrder,1772287717.482470,32247,14,1
5,StockLevel,1772287717.482621,21194,19,1
2,Payment,1772287717.482652,28520,2,1
2,Payment,1772287717.483608,25848,10,1
2,Payment,1772287717.484465,29842,1,1
1,NewOrder,1772287717.486461,10862,12,1
2,Payment,1772287717.488371,6074,17,1
3,OrderStatus,1772287717.488790,6990,4,1
3,OrderStatus,1772287717.489470,7152,16,1
2,Payment,1772287717.489494,30225,3,1
1,NewOrder,1772287717.489920,15037,7,1
1,NewOrder,1772287717.490113,27901,6,1
1,NewOrder,1772287717.490357,21594,13,1
2,Payment,1772287717.490465,26946,20,1
5,StockLevel,1772287717.492124,11721,0,1
2,Payment,1772287717.494457,9289,17,1
2,Payment,1772287717.495787,26821,4,1
1,NewOrder,1772287717.496001,17542,18,1
4,Delivery,1772287717.496629,40095,16,1
5,StockLevel,1772287717.497315,6618,8,1
2,Payment,1772287717.497333,9893,12,1
2,Payment,1772287717.503757,6765,17,1
1,NewOrder,1772287717.503770,12604,15,1
1,NewOrder,1772287717.503822,20185,19,1
1,NewOrder,1772287717.503856,9730,0,1
2,Payment,1772287717.503938,18739,8,1
2,Payment,1772287717.504968,15412,7,1
2,Payment,1772287717.506129,23744,5,1
1,NewOrder,1772287717.506332,22529,23,1
2,Payment,1772287717.506740,23617,11,1
1,NewOrder,1772287717.507238,13050,12,1
2,Payment,1772287717.509465,26585,10,1
2,Payment,1772287717.510531,3081,17,1
1,NewOrder,1772287717.511180,24790,2,1
1,NewOrder,1772287717.511961,20348,13,1
1,NewOrder,1772287717.512779,23869,22,1
4,Delivery,1772287717.513554,9512,18,1
1,NewOrder,1772287717.513571,11231,9,1
1,NewOrder,1772287717.513592,13829,0,1
2,Payment,1772287717.513619,4423,17,1
2,Payment,1772287717.514313,17471,1,1
4,Delivery,1772287717.514728,22315,14,1
2,Payment,1772287717.515816,6269,21,1
2,Payment,1772287717.516381,8339,15,1
1,NewOrder,1772287717.517418,25402,20,1
2,Payment,1772287717.518020,10102,6,1
2,Payment,1772287717.518049,12345,17,1
2,Payment,1772287717.519725,16301,3,1
1,NewOrder,1772287717.520294,11252,12,1
1,NewOrder,1772287717.520392,7512,7,1
2,Payment,1772287717.522092,8319,21,1
1,NewOrder,1772287717.522613,14585,4,1
5,StockLevel,1772287717.522683,13118,8,1
2,Payment,1772287717.523078,13037,18,1
2,Payment,1772287717.524012,17848,19,1
1,NewOrder,1772287717.524726,13332,15,1
5,StockLevel,1772287717.524808,2220,9,1
2,Payment,1772287717.527032,25069,9,1
1,NewOrder,1772287717.527432,10800,0,1
2,Payment,1772287717.527910,14039,7,1
2,Payment,1772287717.528132,30826,6,1
2,Payment,1772287717.528868,18372,23,1
2,Payment,1772287717.529881,13008,5,1
2,Payment,1772287717.530364,16974,11,1
2,Payment,1772287717.530406,4838,17,1
1,NewOrder,1772287717.530422,16254,21,1
1,NewOrder,1772287717.531552,10939,12,1
5,StockLevel,1772287717.531790,5025,1,1
2,Payment,1772287717.532321,10583,13,1
1,NewOrder,1772287717.535253,17798,17,1
2,Payment,1772287717.535807,1793,8,1
1,NewOrder,1772287717.535982,17581,2,1
1,NewOrder,1772287717.536032,9256,3,1
2,Payment,1772287717.536061,27515,10,1
1,NewOrder,1772287717.536126,15906,18,1
2,Payment,1772287717.536652,16885,22,1
1,NewOrder,1772287717.536732,15699,16,1
1,NewOrder,1772287717.536820,4459,1,1
2,Payment,1772287717.537050,10223,14,1
1,NewOrder,1772287717.537209,14855,4,1
4,Delivery,1772287717.537605,15844,8,1
2,Payment,1772287717.538065,12554,15,1
1,NewOrder,1772287717.538237,20652,0,1
3,OrderStatus,1772287717.541285,4270,1,1
3,OrderStatus,1772287717.541868,4668,19,1
2,Payment,1772287717.541955,26167,7,1
2,Payment,1772287717.542499,18609,12,1
1,NewOrder,1772287717.542824,17377,20,1
2,Payment,1772287717.542900,4404,5,1
2,Payment,1772287717.542910,15217,13,1
2,Payment,1772287717.545293,6324,3,1
3,OrderStatus,1772287717.545562,946,1,1
2,Payment,1772287717.546514,17883,1,1
1,NewOrder,1772287717.546545,18320,19,1
2,Payment,1772287717.546683,12292,21,1
1,NewOrder,1772287717.547245,22693,23,1
1,NewOrder,1772287717.547281,14357,14,1
2,Payment,1772287717.547316,11623,5,1
2,Payment,1772287717.547343,26058,11,1
2,Payment,1772287717.550624,14368,15,1
1,NewOrder,1772287717.551624,19542,3,1
1,NewOrder,1772287717.552038,17928,18,1
2,Payment,1772287717.552075,19115,4,1
1,NewOrder,1772287717.552106,17400,9,1
1,NewOrder,1772287717.552438,6574,16,1
2,Payment,1772287717.553057,13968,17,1
2,Payment,1772287717.553459,23611,8,1
3,OrderStatus,1772287717.553543,4452,22,1
1,NewOrder,1772287717.553568,6641,2,1
1,NewOrder,1772287717.558002,11916,22,1
2,Payment,1772287717.558133,16070,13,1
1,NewOrder,1772287717.558901,23555,0,1
3,OrderStatus,1772287717.558945,3271,5,1
1,NewOrder,1772287717.558970,21851,6,1
1,NewOrder,1772287717.558991,22409,21,1
2,Payment,1772287717.559022,18135,16,1
1,NewOrder,1772287717.560206,8690,20,1
2,Payment,1772287717.560218,14080,2,1
1,NewOrder,1772287717.561115,30546,12,1
1,NewOrder,1772287717.561648,31001,14,1
2,Payment,1772287717.562220,14877,5,1
1,NewOrder,1772287717.563580,28974,10,1
1,NewOrder,1772287717.564401,19094,1,1
1,NewOrder,1772287717.564872,19197,19,1
1,NewOrder,1772287717.565001,19046,15,1
1,NewOrder,1772287717.567034,20878,17,1
2,Payment,1772287717.568128,13317,7,1
1,NewOrder,1772287717.568903,1029907,20,1
2,Payment,1772287717.569511,17175,9,1
1,NewOrder,1772287717.569923,1009419,22,1
1,NewOrder,1772287717.569948,4898,23,1
1,NewOrder,1772287717.569981,1017459,18,1
2,Payment,1772287717.571171,10238,3,1
1,NewOrder,1772287717.571201,21364,4,1
1,NewOrder,1772287717.573407,19196,11,1
1,NewOrder,1772287717.574210,17341,13,1
1,NewOrder,1772287717.574308,24290,2,1
2,Payment,1772287717.574850,1701,23,1
1,NewOrder,1772287717.576556,11400,23,1
2,Payment,1772287717.577074,14997,8,1
1,NewOrder,1772287717.577105,18701,5,1
2,Payment,1772287717.577168,4546,16,1
2,Payment,1772287717.580832,15432,6,1
1,NewOrder,1772287717.581409,11621,21,1
1,NewOrder,1772287717.581416,18786,3,1
2,Payment,1772287717.581452,20556,7,1
1,NewOrder,1772287717.581725,15034,16,1
1,NewOrder,1772287717.582470,10626,0,1
2,Payment,1772287717.583501,8204,1,1
2,Payment,1772287717.584054,6762,15,1
2,Payment,1772287717.584075,7518,19,1
2,Payment,1772287717.586700,20258,9,1
2,Payment,1772287717.587920,8367,17,1
2,Payment,1772287717.587962,6506,23,1
2,Payment,1772287717.590842,15307,15,1
2,Payment,1772287717.591559,21204,13,1
2,Payment,1772287717.591599,10334,19,1
1,NewOrder,1772287717.591672,10631,12,1
2,Payment,1772287717.591717,4088,1,1
1,NewOrder,1772287717.592086,10242,8,1
2,Payment,1772287717.592566,20051,10,1
1,NewOrder,1772287717.592591,23750,4,1
2,Payment,1772287717.592629,26668,11,1
2,Payment,1772287717.592675,27128,14,1
1,NewOrder,1772287717.593056,19627,21,1
3,OrderStatus,1772287717.593111,7039,0,1
2,Payment,1772287717.594480,12449,23,1
2,Payment,1772287717.595820,5450,1,1
2,Payment,1772287717.595831,11377,5,1
5,StockLevel,1772287717.596276,19524,6,1
1,NewOrder,1772287717.596293,24450,17,1
1,NewOrder,1772287717.596766,19112,16,1
1,NewOrder,1772287717.598623,12601,2,1
1,NewOrder,1772287717.600162,16151,0,1
2,Payment,1772287717.600209,12441,3,1
1,NewOrder,1772287717.601273,12762,1,1
1,NewOrder,1772287717.601959,16921,19,1
1,NewOrder,1772287717.602025,13148,7,1
1,NewOrder,1772287717.602314,10390,12,1
1,NewOrder,1772287717.602340,10379,8,1
1,NewOrder,1772287717.606155,25411,15,1
1,NewOrder,1772287717.606937,15292,23,1
2,Payment,1772287717.606965,18806,9,1
2,Payment,1772287717.607219,12212,5,1
2,Payment,1772287717.611235,10540,2,1
3,OrderStatus,1772287717.612630,7916,10,1
1,NewOrder,1772287717.612665,22645,3,1
2,Payment,1772287717.612708,13140,21,1
4,Delivery,1772287717.612730,9692,12,1
1,NewOrder,1772287717.612736,21717,8,1
2,Payment,1772287717.612790,12834,13,1
1,NewOrder,1772287717.614041,26389,1,1
1,NewOrder,1772287717.615181,24116,7,1
1,NewOrder,1772287717.615806,10262,6,1
1,NewOrder,1772287717.615889,10215,16,1
1,NewOrder,1772287717.616318,8835,0,1
2,Payment,1772287717.616353,12633,4,1
1,NewOrder,1772287717.618892,7225,19,1
2,Payment,1772287717.619305,9227,11,1
1,NewOrder,1772287717.619442,16662,5,1
2,Payment,1772287717.619809,10904,14,1
1,NewOrder,1772287717.620558,19529,10,1
2,Payment,1772287717.620755,11932,17,1
2,Payment,1772287717.621801,10318,2,1
2,Payment,1772287717.622234,7179,23,1
5,StockLevel,1772287717.622426,12062,12,1
2,Payment,1772287717.625181,9946,0,1
2,Payment,1772287717.625632,9287,13,1
2,Payment,1772287717.625783,6242,9,1
4,Delivery,1772287717.625854,18411,21,1
1,NewOrder,1772287717.626073,16555,6,1
3,OrderStatus,1772287717.626116,5079,16,1
1,NewOrder,1772287717.626129,975020,19,1
1,NewOrder,1772287717.628540,20873,11,1
2,Payment,1772287717.628994,10373,4,1
2,Payment,1772287717.629418,2726,23,1
2,Payment,1772287717.630729,8160,14,1
1,NewOrder,1772287717.631206,17824,16,1
2,Payment,1772287717.631571,13117,15,1
2,Payment,1772287717.632036,5888,9,1
1,NewOrder,1772287717.632130,20897,2,1
2,Payment,1772287717.632149,6354,23,1
1,NewOrder,1772287717.632712,11223,17,1
2,Payment,1772287717.634463,8712,8,1
1,NewOrder,1772287717.634504,11841,12,1
2,Payment,1772287717.634945,17461,13,1
1,NewOrder,1772287717.635155,17805,0,1
2,Payment,1772287717.635319,7828,3,1
1,NewOrder,1772287717.636115,8364,5,1
2,Payment,1772287717.637938,6987,9,1
2,Payment,1772287717.638528,7216,23,1
2,Payment,1772287717.638904,16650,14,1
1,NewOrder,1772287717.639309,10688,7,1
2,Payment,1772287717.639379,5686,4,1
2,Payment,1772287717.640091,9004,10,1
2,Payment,1772287717.640447,7971,1,1
1,NewOrder,1772287717.642647,10753,6,1
1,NewOrder,1772287717.643158,34379,3,1
2,Payment,1772287717.643183,12326,8,1
1,NewOrder,1772287717.643961,21250,17,1
1,NewOrder,1772287717.644276,15243,21,1
5,StockLevel,1772287717.644486,15953,5,1
1,NewOrder,1772287717.644697,27919,15,1
2,Payment,1772287717.644950,15137,9,1
3,OrderStatus,1772287717.645071,9305,4,1
1,NewOrder,1772287717.645756,9823,23,1
1,NewOrder,1772287717.646357,25709,12,1
2,Payment,1772287717.648425,6501,1,1
1,NewOrder,1772287717.649055,23032,16,1
2,Payment,1772287717.649110,14372,10,1
1,NewOrder,1772287717.649422,26139,11,1
2,Payment,1772287717.650005,16069,7,1
1,NewOrder,1772287717.652417,22750,13,1
1,NewOrder,1772287717.652971,17448,0,1
1,NewOrder,1772287717.653039,25947,2,1
2,Payment,1772287717.653405,14864,6,1
1,NewOrder,1772287717.654386,17059,4,1
5,StockLevel,1772287717.654950,14128,1,1
2,Payment,1772287717.655516,15992,8,1
5,StockLevel,1772287717.655560,2559,14,1
2,Payment,1772287717.655595,4451,23,1
5,StockLevel,1772287717.658131,7907,14,1
1,NewOrder,1772287717.659525,23316,21,1
1,NewOrder,1772287717.660057,7770,23,1
4,Delivery,1772287717.660099,17436,9,1
1,NewOrder,1772287717.660451,18054,5,1
2,Payment,1772287717.663487,12084,10,1
2,Payment,1772287717.665223,7470,17,1
2,Payment,1772287717.666061,9588,14,1
2,Payment,1772287717.666090,12461,7,1
2,Payment,1772287717.667845,3627,23,1
2,Payment,1772287717.668277,16055,6,1
1,NewOrder,1772287717.669086,19115,1,1
2,Payment,1772287717.670431,5111,0,1
1,NewOrder,1772287717.671469,30692,4,1
2,Payment,1772287717.671489,2658,23,1
1,NewOrder,1772287717.671535,25320,8,1
2,Payment,1772287717.672077,8727,12,1
2,Payment,1772287717.672099,20976,16,1
3,OrderStatus,1772287717.672622,4622,15,1
1,NewOrder,1772287717.672705,15156,17,1
1,NewOrder,1772287717.674153,13664,23,1
5,StockLevel,1772287717.675178,9866,13,1
1,NewOrder,1772287717.675548,11758,0,1
3,OrderStatus,1772287717.675567,5262,11,1
2,Payment,1772287717.675579,12763,10,1
1,NewOrder,1772287717.675660,26466,14,1
1,NewOrder,1772287717.677249,15000,15,1
1,NewOrder,1772287717.677542,20470,9,1
1,NewOrder,1772287717.677545,14779,3,1
2,Payment,1772287717.678531,5034,5,1
1,NewOrder,1772287717.678578,19448,7,1
1,NewOrder,1772287717.678992,13240,2,1
3,OrderStatus,1772287717.680808,11997,12,1
2,Payment,1772287717.680836,12975,11,1
2,Payment,1772287717.682853,10130,21,1
2,Payment,1772287717.683576,7266,5,1
1,NewOrder,1772287717.684343,19563,6,1
1,NewOrder,1772287717.685055,9843,13,1
1,NewOrder,1772287717.687313,22676,0,1
2,Payment,1772287717.687827,7492,23,1
1,NewOrder,1772287717.687873,14215,17,1
1,NewOrder,1772287717.688211,14390,1,1
2,Payment,1772287717.688350,9174,10,1
1,NewOrder,1772287717.690853,23852,5,1
2,Payment,1772287717.692244,1533,2,1
2,Payment,1772287717.692256,5369,15,1
1,NewOrder,1772287717.692334,24179,3,1
2,Payment,1772287717.692811,20049,12,1
2,Payment,1772287717.692990,8427,21,1
2,Payment,1772287717.693081,15688,16,1
1,NewOrder,1772287717.693781,15684,2,1
1,NewOrder,1772287717.693820,28428,11,1
3,OrderStatus,1772287717.694903,1380,13,1
2,Payment,1772287717.695331,9089,23,1
1,NewOrder,1772287717.696291,15889,13,1
1,NewOrder,1772287717.696861,5603,8,1
1,NewOrder,1772287717.697533,20856,10,1
1,NewOrder,1772287717.697632,19647,15,1
5,StockLevel,1772287717.698022,17990,9,1
4,Delivery,1772287717.698032,17172,7,1
1,NewOrder,1772287717.701423,17874,21,1
2,Payment,1772287717.702094,17898,17,1
1,NewOrder,1772287717.702138,7341,14,1
1,NewOrder,1772287717.702174,15074,4,1
2,Payment,1772287717.702470,1925,8,1
1,NewOrder,1772287717.702605,6922,1,1
1,NewOrder,1772287717.703911,16464,6,1
2,Payment,1772287717.704400,8482,8,1
1,NewOrder,1772287717.704428,26197,23,1
1,NewOrder,1772287717.708775,13417,16,1
1,NewOrder,1772287717.709477,17018,2,1
2,Payment,1772287717.709491,13592,14,1
1,NewOrder,1772287717.709537,20783,1,1
1,NewOrder,1772287717.709995,22061,0,1
1,NewOrder,1772287717.712186,9173,13,1
4,Delivery,1772287717.712867,13344,12,1
2,Payment,1772287717.712893,6966,8,1
2,Payment,1772287717.714712,7514,5,1
2,Payment,1772287717.715216,9858,7,1
2,Payment,1772287717.716018,11378,9,1
1,NewOrder,1772287717.716525,15959,3,1
2,Payment,1772287717.717253,8435,4,1
2,Payment,1772287717.717292,8462,15,1
2,Payment,1772287717.718400,11127,10,1
4,Delivery,1772287717.719302,18256,21,1
1,NewOrder,1772287717.719866,20332,8,1
2,Payment,1772287717.720002,8552,17,1
2,Payment,1772287717.720382,19207,6,1
2,Payment,1772287717.721363,9735,13,1
2,Payment,1772287717.722197,10791,16,1
1,NewOrder,1772287717.722238,10760,5,1
2,Payment,1772287717.722253,20273,11,1
2,Payment,1772287717.723091,16117,14,1
2,Payment,1772287717.725081,6306,7,1
2,Payment,1772287717.725698,4596,4,1
1,NewOrder,1772287717.725760,26998,15,1
2,Payment,1772287717.726222,20699,12,1
1,NewOrder,1772287717.726501,11768,2,1
2,Payment,1772287717.727404,8684,9,1
2,Payment,1772287717.728560,24361,17,1
1,NewOrder,1772287717.729538,17948,10,1
2,Payment,1772287717.730300,15387,4,1
3,OrderStatus,1772287717.730332,4391,1,1
4,Delivery,1772287717.730633,7236,23,1
2,Payment,1772287717.731109,26547,13,1
1,NewOrder,1772287717.731394,23055,7,1
2,Payment,1772287717.732061,18658,0,1
1,NewOrder,1772287717.732490,5801,3,1
1,NewOrder,1772287717.732999,21048,16,1
3,OrderStatus,1772287717.733008,5008,5,1
5,StockLevel,1772287717.734733,2748,1,1
2,Payment,1772287717.736099,10743,9,1
2,Payment,1772287717.737491,18513,1,1
3,OrderStatus,1772287717.737570,2896,21,1
1,NewOrder,1772287717.737875,16595,23,1
2,Payment,1772287717.738024,25141,5,1
4,Delivery,1772287717.738276,17198,2,1
5,StockLevel,1772287717.738299,2144,3,1
1,NewOrder,1772287717.739219,33274,14,1
2,Payment,1772287717.739596,12368,6,1
4,Delivery,1772287717.740204,31640,8,1
1,NewOrder,1772287717.740454,6292,3,1
1,NewOrder,1772287717.740473,6705,21,1
5,StockLevel,1772287717.742539,9381,11,1
1,NewOrder,1772287717.745695,7003,4,1
1,NewOrder,1772287717.746750,24422,3,1
1,NewOrder,1772287717.746854,26540,9,1
5,StockLevel,1772287717.746933,12739,12,1
1,NewOrder,1772287717.747188,22665,21,1
3,OrderStatus,1772287717.747493,4774,10,1
1,NewOrder,1772287717.750726,23917,0,1
2,Payment,1772287717.751928,2575,11,1
1,NewOrder,1772287717.751975,18487,6,1
2,Payment,1772287717.752278,12651,10,1
1,NewOrder,1772287717.752704,14898,4,1
2,Payment,1772287717.752764,9022,15,1
2,Payment,1772287717.752926,11508,17,1
1,NewOrder,1772287717.754051,14822,16,1
1,NewOrder,1772287717.754456,11085,7,1
3,OrderStatus,1772287717.754479,2398,23,1
1,NewOrder,1772287717.754511,10386,11,1
4,Delivery,1772287717.755481,29461,2,1
1,NewOrder,1772287717.756015,17090,1,1
2,Payment,1772287717.756885,3721,23,1
1,NewOrder,1772287717.757662,27565,13,1
1,NewOrder,1772287717.759682,22776,12,1
1,NewOrder,1772287717.760613,15771,23,1
2,Payment,1772287717.761793,6399,15,1
1,NewOrder,1772287717.763172,18826,5,1
4,Delivery,1772287717.764443,57395,17,1
2,Payment,1772287717.764904,2133,11,1
2,Payment,1772287717.764941,6242,10,1
1,NewOrder,1772287717.765548,6334,7,1
2,Payment,1772287717.767043,6002,11,1
1,NewOrder,1772287717.767613,11605,4,1
3,OrderStatus,1772287717.768199,7555,15,1
1,NewOrder,1772287717.768881,16281,16,1
1,NewOrder,1772287717.769857,15060,21,1
2,Payment,1772287717.770466,9350,6,1
2,Payment,1772287717.771180,7061,3,1
2,Payment,1772287717.771194,13259,10,1
1,NewOrder,1772287717.771850,14367,8,1
1,NewOrder,1772287717.771889,22384,7,1
1,NewOrder,1772287717.772498,41238,14,1
3,OrderStatus,1772287717.773051,4282,11,1
1,NewOrder,1772287717.773110,43156,1,1
2,Payment,1772287717.773402,19567,9,1
1,NewOrder,1772287717.774649,13190,0,1
1,NewOrder,1772287717.775758,41582,15,1
1,NewOrder,1772287717.776395,27148,23,1
1,NewOrder,1772287717.777340,17495,11,1
5,StockLevel,1772287717.778250,6232,3,1
2,Payment,1772287717.779229,5760,4,1
1,NewOrder,1772287717.779831,36407,6,1
2,Payment,1772287717.782010,10278,5,1
2,Payment,1772287717.782470,2732,12,1
2,Payment,1772287717.784479,13529,10,1
2,Payment,1772287717.784496,11177,3,1
3,OrderStatus,1772287717.784936,5385,21,1
2,Payment,1772287717.784960,14197,2,1
1,NewOrder,1772287717.785005,20546,4,1
3,OrderStatus,1772287717.785167,4781,16,1
2,Payment,1772287717.785207,2306,12,1
1,NewOrder,1772287717.785234,12161,13,1
3,OrderStatus,1772287717.786222,1984,8,1
2,Payment,1772287717.787518,2379,12,1
4,Delivery,1772287717.787846,5095,0,1
5,StockLevel,1772287717.788210,3612,8,1
1,NewOrder,1772287717.789902,10435,12,1
1,NewOrder,1772287717.789960,26816,16,1
1,NewOrder,1772287717.790328,29491,21,1
4,Delivery,1772287717.791827,14194,8,1
2,Payment,1772287717.792299,10096,5,1
1,NewOrder,1772287717.792967,19632,0,1
5,StockLevel,1772287717.792995,7641,9,1
1,NewOrder,1772287717.794280,15937,7,1
5,StockLevel,1772287717.794839,10062,11,1
2,Payment,1772287717.795680,8244,3,1
2,Payment,1772287717.797401,3817,13,1
2,Payment,1772287717.798019,6740,10,1
1,NewOrder,1772287717.799162,14985,2,1
2,Payment,1772287717.800341,2494,12,1
3,OrderStatus,1772287717.800647,3998,9,1
2,Payment,1772287717.801225,4825,13,1
2,Payment,1772287717.802405,4393,5,1
2,Payment,1772287717.802841,8147,12,1
2,Payment,1772287717.803568,7409,23,1
2,Payment,1772287717.803950,5228,3,1
1,NewOrder,1772287717.804653,22066,9,1
1,NewOrder,1772287717.804763,21281,10,1
1,NewOrder,1772287717.804905,26296,11,1
2,Payment,1772287717.805563,8226,4,1
1,NewOrder,1772287717.806042,14543,8,1
2,Payment,1772287717.806065,8112,13,1
1,NewOrder,1772287717.806824,25380,5,1
1,NewOrder,1772287717.809190,17581,3,1
2,Payment,1772287717.810234,5536,7,1
2,Payment,1772287717.810988,4345,23,1
4,Delivery,1772287717.810996,11281,12,1
2,Payment,1772287717.812606,4173,0,1
2,Payment,1772287717.813762,5218,14,1
2,Payment,1772287717.813803,6718,4,1
1,NewOrder,1772287717.814151,17713,2,1
2,Payment,1772287717.814182,10111,13,1
4,Delivery,1772287717.815344,48683,23,1
2,Payment,1772287717.815782,5170,7,1
1,NewOrder,1772287717.816257,11559,6,1
4,Delivery,1772287717.816292,14404,1,1
2,Payment,1772287717.816792,11547,16,1
2,Payment,1772287717.816806,8001,0,1
2,Payment,1772287717.817349,16475,15,1
1,NewOrder,1772287717.818996,20690,14,1
2,Payment,1772287717.819833,5513,21,1
1,NewOrder,1772287717.820530,18971,4,1
2,Payment,1772287717.820597,4527,8,1
1,NewOrder,1772287717.820963,18642,7,1
1,NewOrder,1772287717.821853,27153,17,1
1,NewOrder,1772287717.822299,34645,12,1
1,NewOrder,1772287717.824304,15316,13,1
1,NewOrder,1772287717.824814,14791,0,1
1,NewOrder,1772287717.825136,38158,8,1
1,NewOrder,1772287717.825352,16453,21,1
1,NewOrder,1772287717.826051,28533,10,1
1,NewOrder,1772287717.826735,24897,9,1
2,Payment,1772287717.826796,6396,3,1
1,NewOrder,1772287717.827823,30382,6,1
2,Payment,1772287717.828351,12970,16,1
1,NewOrder,1772287717.830707,31656,1,1
2,Payment,1772287717.831208,7593,11,1
1,NewOrder,1772287717.831875,10692,2,1
2,Payment,1772287717.832215,9265,5,1
1,NewOrder,1772287717.833199,24376,3,1
3,OrderStatus,1772287717.833836,11590,15,1
1,NewOrder,1772287717.838809,4497,11,1
1,NewOrder,1772287717.839513,24944,4,1
5,StockLevel,1772287717.839619,1826,0,1
2,Payment,1772287717.839620,9404,7,1
2,Payment,1772287717.839627,8825,13,1
2,Payment,1772287717.839698,11970,14,1
2,Payment,1772287717.841326,14090,16,1
1,NewOrder,1772287717.841457,6017,0,1
1,NewOrder,1772287717.841487,18613,5,1
2,Payment,1772287717.841810,6721,21,1
1,NewOrder,1772287717.842583,32913,2,1
3,OrderStatus,1772287717.843309,730,11,1
1,NewOrder,1772287717.844045,11417,11,1
2,Payment,1772287717.845439,13173,15,1
2,Payment,1772287717.847481,3782,0,1
2,Payment,1772287717.848457,15153,13,1
1,NewOrder,1772287717.848535,12140,21,1
2,Payment,1772287717.849017,24204,17,1
3,OrderStatus,1772287717.849031,2320,7,1
2,Payment,1772287717.851274,4165,0,1
2,Payment,1772287717.851359,7279,7,1
2,Payment,1772287717.851643,3745,9,1
1,NewOrder,1772287717.851676,7156,14,1
1,NewOrder,1772287717.854592,15107,10,1
2,Payment,1772287717.855399,7562,9,1
2,Payment,1772287717.855423,22582,16,1
3,OrderStatus,1772287717.855447,2715,0,1
1,NewOrder,1772287717.855468,26706,11,1
3,OrderStatus,1772287717.856956,3957,12,1
1,NewOrder,1772287717.857582,13455,3,1
1,NewOrder,1772287717.858173,17838,0,1
2,Payment,1772287717.858217,10501,6,1
1,NewOrder,1772287717.858625,23574,15,1
2,Payment,1772287717.858643,18265,7,1
3,OrderStatus,1772287717.858838,3217,14,1
4,Delivery,1772287717.860108,16824,5,1
1,NewOrder,1772287717.860681,20382,21,1
2,Payment,1772287717.860919,20847,12,1
3,OrderStatus,1772287717.862062,6620,14,1
1,NewOrder,1772287717.862374,8302,1,1
1,NewOrder,1772287717.862966,22981,9,1
1,NewOrder,1772287717.863301,22278,8,1
2,Payment,1772287717.863616,22369,13,1
1,NewOrder,1772287717.864038,9833,23,1
2,Payment,1772287717.864468,4800,4,1
5,StockLevel,1772287717.868693,18120,14,1
4,Delivery,1772287717.868730,15619,6,1
2,Payment,1772287717.869276,8910,4,1
5,StockLevel,1772287717.869705,16107,10,1
2,Payment,1772287717.870681,8743,1,1
2,Payment,1772287717.871042,10778,3,1
2,Payment,1772287717.873233,18164,17,1
2,Payment,1772287717.873878,3513,23,1
2,Payment,1772287717.875507,11677,2,1
1,NewOrder,1772287717.876017,6688,0,1
1,NewOrder,1772287717.876916,39588,7,1
1,NewOrder,1772287717.876938,8987,5,1
1,NewOrder,1772287717.877398,13347,23,1
5,StockLevel,1772287717.878011,8717,16,1
1,NewOrder,1772287717.878192,10021,4,1
2,Payment,1772287717.879432,9659,1,1
2,Payment,1772287717.881074,8979,21,1
2,Payment,1772287717.881778,15549,12,1
1,NewOrder,1772287717.881826,17452,3,1
1,NewOrder,1772287717.882180,33854,11,1
1,NewOrder,1772287717.882211,30384,15,1
1,NewOrder,1772287717.882711,15275,0,1
2,Payment,1772287717.884355,3452,6,1
1,NewOrder,1772287717.885586,14862,8,1
2,Payment,1772287717.885824,13497,10,1
2,Payment,1772287717.885931,5550,5,1
2,Payment,1772287717.885954,8408,9,1
1,NewOrder,1772287717.885991,22970,13,1
1,NewOrder,1772287717.886737,5497,16,1
4,Delivery,1772287717.886824,13579,14,1
2,Payment,1772287717.887194,17124,2,1
1,NewOrder,1772287717.887811,12613,6,1
2,Payment,1772287717.888223,9667,4,1
2,Payment,1772287717.889097,17946,1,1
1,NewOrder,1772287717.890061,26824,21,1
1,NewOrder,1772287717.890753,10067,23,1
3,OrderStatus,1772287717.891412,7704,17,1
1,NewOrder,1772287717.891495,12191,5,1
1,NewOrder,1772287717.892240,10365,16,1
2,Payment,1772287717.894368,11058,9,1
1,NewOrder,1772287717.897339,23946,12,1
2,Payment,1772287717.897897,14267,4,1
2,Payment,1772287717.897995,11854,0,1
5,StockLevel,1772287717.899140,24897,17,1
1,NewOrder,1772287717.899284,26029,3,1
1,NewOrder,1772287717.899326,20344,10,1
1,NewOrder,1772287717.900409,7222,14,1
1,NewOrder,1772287717.900430,23948,6,1
3,OrderStatus,1772287717.900453,7881,8,1
2,Payment,1772287717.900825,2174,23,1
1,NewOrder,1772287717.902631,9991,16,1
1,NewOrder,1772287717.903004,4553,23,1
1,NewOrder,1772287717.903713,6594,5,1
1,NewOrder,1772287717.904345,13102,2,1
4,Delivery,1772287717.905433,27421,9,1
3,OrderStatus,1772287717.907055,5477,1,1
1,NewOrder,1772287717.907560,5380,23,1
1,NewOrder,1772287717.907643,4926,14,1
2,Payment,1772287717.908349,8518,8,1
3,OrderStatus,1772287717.908972,4751,13,1
1,NewOrder,1772287717.909869,21531,0,1
2,Payment,1772287717.910315,6460,5,1
2,Payment,1772287717.912174,9595,4,1
1,NewOrder,1772287717.912541,19563,1,1
2,Payment,1772287717.912576,4201,14,1
1,NewOrder,1772287717.912601,30451,15,1
2,Payment,1772287717.912633,7547,16,1
2,Payment,1772287717.912945,3802,23,1
2,Payment,1772287717.913729,11120,13,1
1,NewOrder,1772287717.916059,15919,11,1
1,NewOrder,1772287717.916512,15522,7,1
1,NewOrder,1772287717.916752,19143,23,1
1,NewOrder,1772287717.916782,25563,5,1
1,NewOrder,1772287717.916788,18577,14,1
2,Payment,1772287717.916874,5755,8,1
2,Payment,1772287717.916891,5290,21,1
2,Payment,1772287717.917455,10478,2,1
2,Payment,1772287717.919681,9728,10,1
2,Payment,1772287717.920186,6808,16,1
2,Payment,1772287717.921297,12872,12,1
1,NewOrder,1772287717.921776,28012,4,1
3,OrderStatus,1772287717.922193,5010,21,1
1,NewOrder,1772287717.922638,17599,8,1
2,Payment,1772287717.924071,13291,17,1
1,NewOrder,1772287717.924383,8536,6,1
1,NewOrder,1772287717.924857,24471,13,1
1,NewOrder,1772287717.925325,13171,3,1
2,Payment,1772287717.927009,12497,16,1
4,Delivery,1772287717.927224,27392,21,1
1,NewOrder,1772287717.927937,17712,2,1
2,Payment,1772287717.929434,9541,10,1
2,Payment,1772287717.931426,3850,0,1
2,Payment,1772287717.931989,10344,11,1
2,Payment,1772287717.932046,13756,7,1
2,Payment,1772287717.932116,6488,1,1
2,Payment,1772287717.932867,14590,9,1
1,NewOrder,1772287717.932938,6652,6,1
2,Payment,1772287717.934180,11508,12,1
2,Payment,1772287717.935285,6461,0,1
2,Payment,1772287717.935377,7078,14,1
2,Payment,1772287717.935906,2644,23,1
2,Payment,1772287717.937390,12450,17,1
2,Payment,1772287717.938522,11864,3,1
1,NewOrder,1772287717.938567,15235,23,1
2,Payment,1772287717.938631,6643,1,1
2,Payment,1772287717.938987,11452,10,1
1,NewOrder,1772287717.939514,12745,16,1
2,Payment,1772287717.939596,13108,6,1
4,Delivery,1772287717.940246,16093,8,1
1,NewOrder,1772287717.941754,28248,0,1
2,Payment,1772287717.942355,16361,11,1
2,Payment,1772287717.942372,12679,5,1
1,NewOrder,1772287717.942468,25307,14,1
1,NewOrder,1772287717.943065,13998,15,1
2,Payment,1772287717.945285,16309,1,1
1,NewOrder,1772287717.945661,27634,2,1
2,Payment,1772287717.945700,8519,12,1
4,Delivery,1772287717.945813,10703,7,1
1,NewOrder,1772287717.947467,21496,9,1
2,Payment,1772287717.949339,13284,13,1
1,NewOrder,1772287717.949802,9425,4,1
2,Payment,1772287717.949867,15309,17,1
2,Payment,1772287717.950398,14283,3,1
2,Payment,1772287717.950450,13725,10,1
1,NewOrder,1772287717.952265,7020,16,1
2,Payment,1772287717.952715,13010,6,1
2,Payment,1772287717.953828,9939,23,1
2,Payment,1772287717.954236,14691,12,1
1,NewOrder,1772287717.954624,15989,21,1
2,Payment,1772287717.955063,13849,5,1
1,NewOrder,1772287717.956350,6288,8,1
1,NewOrder,1772287717.956523,16384,7,1
1,NewOrder,1772287717.957089,5431,15,1
1,NewOrder,1772287717.958721,4385,11,1
5,StockLevel,1772287717.959235,15459,4,1
2,Payment,1772287717.959297,14660,16,1
2,Payment,1772287717.961605,12455,1,1
2,Payment,1772287717.962539,18275,15,1
1,NewOrder,1772287717.962649,12075,13,1
2,Payment,1772287717.962658,6275,8,1
1,NewOrder,1772287717.963118,5723,11,1
1,NewOrder,1772287717.963779,11760,23,1
1,NewOrder,1772287717.964202,10967,10,1
2,Payment,1772287717.964693,12568,3,1
2,Payment,1772287717.965201,20561,17,1
1,NewOrder,1772287717.965730,14483,6,1
2,Payment,1772287717.967781,22709,14,1
1,NewOrder,1772287717.968850,26006,11,1
1,NewOrder,1772287717.968919,26411,5,1
1,NewOrder,1772287717.968939,16140,12,1
1,NewOrder,1772287717.968942,31159,8,1
5,StockLevel,1772287717.968974,11348,9,1
1,NewOrder,1772287717.970018,10825,0,1
1,NewOrder,1772287717.970624,10663,21,1
1,NewOrder,1772287717.972918,18889,7,1
2,Payment,1772287717.973300,9382,2,1
1,NewOrder,1772287717.973968,18443,16,1
1,NewOrder,1772287717.974067,22595,1,1
2,Payment,1772287717.974701,13208,4,1
2,Payment,1772287717.974736,19048,13,1
4,Delivery,1772287717.975174,12396,10,1
5,StockLevel,1772287717.975544,4631,23,1
1,NewOrder,1772287717.977271,18033,3,1
2,Payment,1772287717.980200,2984,23,1
1,NewOrder,1772287717.980230,5485,6,1
2,Payment,1772287717.980335,9991,9,1
2,Payment,1772287717.980820,18232,15,1
1,NewOrder,1772287717.980854,14450,0,1
2,Payment,1772287717.981298,9565,21,1
3,OrderStatus,1772287717.982688,7269,2,1
1,NewOrder,1772287717.983193,6203,23,1
2,Payment,1772287717.985091,26746,12,1
2,Payment,1772287717.985734,7081,6,1
2,Payment,1772287717.985787,18265,17,1
2,Payment,1772287717.987594,7301,10,1
2,Payment,1772287717.987922,4859,4,1
1,NewOrder,1772287717.989408,13717,23,1
3,OrderStatus,1772287717.989965,4166,2,1
2,Payment,1772287717.990332,9360,9,1
1,NewOrder,1772287717.990495,10875,14,1
2,Payment,1772287717.990875,4704,21,1
4,Delivery,1772287717.991818,5756,7,1
2,Payment,1772287717.992422,23742,16,1
2,Payment,1772287717.992788,6714,4,1
2,Payment,1772287717.992820,11188,6,1
1,NewOrder,1772287717.993790,23279,13,1
1,NewOrder,1772287717.994138,4533,2,1
5,StockLevel,1772287717.994864,16728,11,1
1,NewOrder,1772287717.994903,10907,10,1
2,Payment,1772287717.995318,8203,0,1
2,Payment,1772287717.995319,20276,3,1
2,Payment,1772287717.995335,16656,5,1
1,NewOrder,1772287717.995591,11132,21,1
2,Payment,1772287717.996675,20764,1,1
1,NewOrder,1772287717.997579,7793,7,1
2,Payment,1772287717.998677,21315,2,1
2,Payment,1772287717.999059,22028,15,1
5,StockLevel,1772287717.999507,5763,4,1
2,Payment,1772287717.999712,10267,9,1
1,NewOrder,1772287718.000114,7919,8,1
1,NewOrder,1772287718.001376,25402,14,1
2,Payment,1772287718.003137,9116,23,1
1,NewOrder,1772287718.003527,42870,0,1
5,StockLevel,1772287718.004013,18431,6,1
2,Payment,1772287718.004063,22757,17,1
1,NewOrder,1772287718.005280,7251,4,1
1,NewOrder,1772287718.005388,7167,7,1
2,Payment,1772287718.005822,6686,10,1
1,NewOrder,1772287718.006749,22622,21,1
1,NewOrder,1772287718.008051,8034,8,1
5,StockLevel,1772287718.009991,9772,9,1
2,Payment,1772287718.011616,9934,11,1
2,Payment,1772287718.011851,19216,12,1
1,NewOrder,1772287718.012018,17357,5,1
1,NewOrder,1772287718.012262,9604,23,1
1,NewOrder,1772287718.012520,8978,10,1
5,StockLevel,1772287718.012537,3270,4,1
2,Payment,1772287718.012561,3502,7,1
1,NewOrder,1772287718.015607,13147,3,1
4,Delivery,1772287718.015812,52062,4,1
1,NewOrder,1772287718.016073,15844,7,1
1,NewOrder,1772287718.016094,10117,8,1
1,NewOrder,1772287718.016175,37194,16,1
2,Payment,1772287718.017080,19193,13,1
2,Payment,1772287718.017464,4383,1,1
1,NewOrder,1772287718.019767,11356,9,1
1,NewOrder,1772287718.020001,9351,2,1
1,NewOrder,1772287718.021113,38651,15,1
1,NewOrder,1772287718.021508,31329,10,1
2,Payment,1772287718.021560,10427,11,1
3,OrderStatus,1772287718.021859,2437,1,1
1,NewOrder,1772287718.021874,32619,23,1
2,Payment,1772287718.022451,13251,6,1
2,Payment,1772287718.024303,10276,1,1
3,OrderStatus,1772287718.026222,3745,8,1
2,Payment,1772287718.026784,15021,14,1
1,NewOrder,1772287718.026832,36675,17,1
1,NewOrder,1772287718.028762,14688,3,1
1,NewOrder,1772287718.029362,14107,2,1
1,NewOrder,1772287718.029379,14111,21,1
1,NewOrder,1772287718.029386,10640,5,1
1,NewOrder,1772287718.029978,23412,8,1
1,NewOrder,1772287718.031073,22842,12,1
1,NewOrder,1772287718.031134,11411,9,1
5,StockLevel,1772287718.031924,16248,7,1
1,NewOrder,1772287718.031998,21889,11,1
1,NewOrder,1772287718.034592,21490,1,1
2,Payment,1772287718.035710,2969,6,1
1,NewOrder,1772287718.036280,23546,13,1
1,NewOrder,1772287718.038687,18137,6,1
1,NewOrder,1772287718.040037,16764,5,1
1,NewOrder,1772287718.041811,32171,14,1
3,OrderStatus,1772287718.042556,4032,9,1
1,NewOrder,1772287718.043462,16277,3,1
1,NewOrder,1772287718.043477,14454,2,1
2,Payment,1772287718.043497,3820,21,1
2,Payment,1772287718.046403,7534,0,1
1,NewOrder,1772287718.046599,16931,9,1
1,NewOrder,1772287718.047324,15738,21,1
5,StockLevel,1772287718.048175,11591,7,1
2,Payment,1772287718.052849,6259,10,1
1,NewOrder,1772287718.053380,15443,16,1
1,NewOrder,1772287718.053403,13642,8,1
4,Delivery,1772287718.053894,41811,11,1
3,OrderStatus,1772287718.053922,5923,12,1
1,NewOrder,1772287718.053944,13908,0,1
1,NewOrder,1772287718.054499,14673,23,1
2,Payment,1772287718.056093,6259,1,1
2,Payment,1772287718.056807,7805,5,1
1,NewOrder,1772287718.056830,6723,6,1
1,NewOrder,1772287718.057938,27791,2,1
1,NewOrder,1772287718.059119,11310,10,1
2,Payment,1772287718.059748,7732,3,1
2,Payment,1772287718.059770,4692,15,1
2,Payment,1772287718.059778,5156,7,1
1,NewOrder,1772287718.059837,21226,13,1
2,Payment,1772287718.059851,10602,12,1
2,Payment,1772287718.062358,9779,1,1
2,Payment,1772287718.063073,4544,21,1
2,Payment,1772287718.063513,17727,17,1
2,Payment,1772287718.063538,8035,9,1
1,NewOrder,1772287718.063560,17952,6,1
1,NewOrder,1772287718.064469,15253,15,1
2,Payment,1772287718.064619,9183,5,1
2,Payment,1772287718.064944,9052,7,1
2,Payment,1772287718.067056,10434,8,1
2,Payment,1772287718.067485,10588,3,1
2,Payment,1772287718.067623,4115,21,1
2,Payment,1772287718.067858,16454,0,1
1,NewOrder,1772287718.067881,12523,4,1
2,Payment,1772287718.068828,5788,16,1
2,Payment,1772287718.069179,4104,23,1
1,NewOrder,1772287718.070434,16334,10,1
1,NewOrder,1772287718.070460,23587,12,1
1,NewOrder,1772287718.071658,9164,9,1
2,Payment,1772287718.071747,9304,21,1
4,Delivery,1772287718.072278,11574,1,1
2,Payment,1772287718.073291,9913,23,1
2,Payment,1772287718.073811,15959,5,1
1,NewOrder,1772287718.073993,23128,14,1
3,OrderStatus,1772287718.074005,10865,7,1
1,NewOrder,1772287718.074632,11507,16,1
2,Payment,1772287718.077501,6410,8,1
2,Payment,1772287718.078082,15353,3,1
1,NewOrder,1772287718.079728,14745,15,1
1,NewOrder,1772287718.080415,18211,4,1
1,NewOrder,1772287718.080837,13584,9,1
1,NewOrder,1772287718.081063,18263,21,1
2,Payment,1772287718.081071,5672,13,1
2,Payment,1772287718.081249,12892,17,1
1,NewOrder,1772287718.081517,17450,6,1
3,OrderStatus,1772287718.083210,4859,23,1
1,NewOrder,1772287718.083858,15126,1,1
2,Payment,1772287718.083919,7174,8,1
4,Delivery,1772287718.084329,13878,0,1
2,Payment,1772287718.084881,10468,7,1
1,NewOrder,1772287718.085734,14462,2,1
2,Payment,1772287718.086145,12195,16,1
2,Payment,1772287718.086748,14013,13,1
5,StockLevel,1772287718.086788,16056,10,1
1,NewOrder,1772287718.088080,12755,23,1
2,Payment,1772287718.089778,7973,5,1
3,OrderStatus,1772287718.091104,6400,8,1
1,NewOrder,1772287718.093443,24810,3,1
1,NewOrder,1772287718.094055,10631,12,1
2,Payment,1772287718.094152,16112,17,1
2,Payment,1772287718.094433,3668,9,1
2,Payment,1772287718.094482,19266,15,1
2,Payment,1772287718.095360,11430,7,1
2,Payment,1772287718.095712,8215,11,1
2,Payment,1772287718.097126,21822,14,1
2,Payment,1772287718.097513,16003,8,1
1,NewOrder,1772287718.097762,21584,5,1
2,Payment,1772287718.098112,11500,9,1
1,NewOrder,1772287718.098218,18514,0,1
1,NewOrder,1772287718.098345,22111,16,1
1,NewOrder,1772287718.098633,13439,4,1
1,NewOrder,1772287718.098972,8033,6,1
2,Payment,1772287718.098995,3865,1,1
1,NewOrder,1772287718.099331,11564,21,1
4,Delivery,1772287718.100201,13337,2,1
2,Payment,1772287718.100768,5543,13,1
1,NewOrder,1772287718.100844,12194,23,1
1,NewOrder,1772287718.102856,20356,10,1
1,NewOrder,1772287718.102866,16508,1,1
2,Payment,1772287718.103938,15211,11,1
5,StockLevel,1772287718.104691,6735,12,1
2,Payment,1772287718.106318,17787,13,1
1,NewOrder,1772287718.106802,15077,7,1
2,Payment,1772287718.107011,14155,6,1
2,Payment,1772287718.109621,15124,9,1
1,NewOrder,1772287718.110270,23661,17,1
1,NewOrder,1772287718.110903,11182,21,1
2,Payment,1772287718.111438,16087,12,1
2,Payment,1772287718.112078,5108,4,1
3,OrderStatus,1772287718.113044,3549,23,1
1,NewOrder,1772287718.113524,19445,8,1
1,NewOrder,1772287718.113544,11094,2,1
1,NewOrder,1772287718.113752,21825,15,1
1,NewOrder,1772287718.116600,10434,23,1
1,NewOrder,1772287718.116745,10801,0,1
2,Payment,1772287718.117192,2781,4,1
2,Payment,1772287718.118259,3381,3,1
1,NewOrder,1772287718.118954,17940,14,1
2,Payment,1772287718.119162,8445,11,1
2,Payment,1772287718.119353,5542,5,1
1,NewOrder,1772287718.119385,21287,1,1
2,Payment,1772287718.119977,7596,4,1
1,NewOrder,1772287718.120464,10789,16,1
4,Delivery,1772287718.121172,11325,6,1
2,Payment,1772287718.121647,10969,3,1
2,Payment,1772287718.121890,11721,7,1
1,NewOrder,1772287718.122096,13797,21,1
2,Payment,1772287718.123219,13127,10,1
2,Payment,1772287718.124110,7958,13,1
1,NewOrder,1772287718.124644,22857,2,1
1,NewOrder,1772287718.124752,12777,9,1
1,NewOrder,1772287718.124906,15669,5,1
1,NewOrder,1772287718.127038,13601,23,1
1,NewOrder,1772287718.127533,13426,12,1
1,NewOrder,1772287718.127553,21204,0,1
4,Delivery,1772287718.127580,50597,4,1
2,Payment,1772287718.127612,13492,11,1
2,Payment,1772287718.131260,4907,16,1
2,Payment,1772287718.132075,8804,13,1
2,Payment,1772287718.132503,12534,6,1
2,Payment,1772287718.132623,7339,3,1
1,NewOrder,1772287718.132974,24952,8,1
1,NewOrder,1772287718.133622,23793,7,1
2,Payment,1772287718.133936,11545,17,1
2,Payment,1772287718.135582,13775,15,1
2,Payment,1772287718.135902,4693,21,1
2,Payment,1772287718.136172,18357,16,1
2,Payment,1772287718.136354,12901,10,1
2,Payment,1772287718.136900,25716,14,1
1,NewOrder,1772287718.137537,6661,9,1
2,Payment,1772287718.139968,7150,3,1
1,NewOrder,1772287718.140583,10907,5,1
2,Payment,1772287718.140602,4137,21,1
2,Payment,1772287718.140646,8808,23,1
1,NewOrder,1772287718.140683,16820,1,1
1,NewOrder,1772287718.140883,13620,13,1
5,StockLevel,1772287718.140965,1261,12,1
2,Payment,1772287718.141115,12920,11,1
2,Payment,1772287718.142232,23829,12,1
1,NewOrder,1772287718.144204,7941,9,1
1,NewOrder,1772287718.144750,18264,21,1
2,Payment,1772287718.145045,17058,6,1
1,NewOrder,1772287718.145493,12483,17,1
2,Payment,1772287718.147124,4941,3,1
2,Payment,1772287718.147506,7125,2,1
1,NewOrder,1772287718.148769,9180,0,1
1,NewOrder,1772287718.149262,19444,10,1
2,Payment,1772287718.149369,20457,15,1
1,NewOrder,1772287718.149463,18275,23,1
1,NewOrder,1772287718.151497,8488,5,1
1,NewOrder,1772287718.152073,7570,3,1
2,Payment,1772287718.152156,11591,9,1
1,NewOrder,1772287718.154046,8529,11,1
3,OrderStatus,1772287718.154514,4674,13,1
2,Payment,1772287718.154535,20103,16,1
1,NewOrder,1772287718.154635,26131,2,1
1,NewOrder,1772287718.157421,15731,7,1
2,Payment,1772287718.157511,6753,1,1
2,Payment,1772287718.157933,7710,8,1
1,NewOrder,1772287718.157957,16641,0,1
5,StockLevel,1772287718.157982,11076,17,1
2,Payment,1772287718.159195,19691,13,1
2,Payment,1772287718.159648,6903,3,1
2,Payment,1772287718.159996,8374,5,1
2,Payment,1772287718.162109,5215,6,1
1,NewOrder,1772287718.162587,25581,11,1
1,NewOrder,1772287718.162628,22505,14,1
2,Payment,1772287718.163026,5746,21,1
1,NewOrder,1772287718.163759,11200,9,1
1,NewOrder,1772287718.164270,11293,1,1
2,Payment,1772287718.165648,4520,8,1
2,Payment,1772287718.166069,14283,12,1
2,Payment,1772287718.166564,3907,3,1
2,Payment,1772287718.167330,6416,6,1
2,Payment,1772287718.167744,6207,23,1
2,Payment,1772287718.168376,5353,5,1
2,Payment,1772287718.168714,9862,10,1
2,Payment,1772287718.168782,9887,21,1
1,NewOrder,1772287718.169081,10969,17,1
2,Payment,1772287718.169833,13366,15,1
4,Delivery,1772287718.170175,23457,8,1
1,NewOrder,1772287718.170480,10260,3,1
2,Payment,1772287718.173160,7865,7,1
1,NewOrder,1772287718.173740,10697,5,1
2,Payment,1772287718.173757,8992,6,1
1,NewOrder,1772287718.173957,12619,23,1
1,NewOrder,1772287718.174605,4986,0,1
2,Payment,1772287718.174645,12818,16,1
1,NewOrder,1772287718.174964,5131,9,1
2,Payment,1772287718.175570,3046,1,1
1,NewOrder,1772287718.178189,23982,4,1
3,OrderStatus,1772287718.178582,3229,10,1
2,Payment,1772287718.178624,2009,1,1
2,Payment,1772287718.178677,4821,21,1
2,Payment,1772287718.178893,10248,13,1
2,Payment,1772287718.179602,4130,0,1
2,Payment,1772287718.180057,16141,17,1
1,NewOrder,1772287718.180100,12467,9,1
2,Payment,1772287718.180357,10378,12,1
2,Payment,1772287718.180638,6371,1,1
2,Payment,1772287718.180744,11864,3,1
2,Payment,1772287718.180776,7901,2,1
2,Payment,1772287718.181031,6048,7,1
1,NewOrder,1772287718.181824,13556,10,1
2,Payment,1772287718.182758,7537,6,1
2,Payment,1772287718.183207,10910,15,1
5,StockLevel,1772287718.183510,8533,21,1
1,NewOrder,1772287718.183744,8459,0,1
2,Payment,1772287718.184443,9635,5,1
1,NewOrder,1772287718.185139,12386,14,1
1,NewOrder,1772287718.186582,21788,23,1
1,NewOrder,1772287718.187013,21379,1,1
2,Payment,1772287718.187090,9815,7,1
2,Payment,1772287718.187469,10885,16,1
2,Payment,1772287718.188174,10559,11,1
2,Payment,1772287718.188681,7483,2,1
2,Payment,1772287718.189149,11837,13,1
1,NewOrder,1772287718.190301,16254,6,1
1,NewOrder,1772287718.190739,17214,12,1
1,NewOrder,1772287718.192054,21824,21,1
2,Payment,1772287718.192214,7221,0,1
2,Payment,1772287718.192572,9175,9,1
2,Payment,1772287718.192616,11538,3,1
2,Payment,1772287718.193637,15060,8,1
1,NewOrder,1772287718.194083,16005,5,1
2,Payment,1772287718.194121,11157,15,1
4,Delivery,1772287718.195387,21791,10,1
1,NewOrder,1772287718.196171,12545,2,1
2,Payment,1772287718.196204,12257,17,1
2,Payment,1772287718.196916,15947,7,1
2,Payment,1772287718.197531,15877,14,1
2,Payment,1772287718.198358,18712,16,1
1,NewOrder,1772287718.198738,23150,11,1
1,NewOrder,1772287718.199447,13958,0,1
2,Payment,1772287718.200997,30654,13,1
1,NewOrder,1772287718.201754,18607,9,1
2,Payment,1772287718.202178,6791,4,1
1,NewOrder,1772287718.204166,19371,3,1
3,OrderStatus,1772287718.205285,5111,15,1
5,StockLevel,1772287718.206566,4805,6,1
1,NewOrder,1772287718.207958,9141,12,1
5,StockLevel,1772287718.208378,3740,23,1
2,Payment,1772287718.208399,5173,1,1
2,Payment,1772287718.208467,15478,17,1
2,Payment,1772287718.208702,9240,8,1
2,Payment,1772287718.208728,8481,2,1
1,NewOrder,1772287718.208976,13141,4,1
2,Payment,1772287718.210100,9597,5,1
1,NewOrder,1772287718.210407,10858,15,1
2,Payment,1772287718.211376,12859,6,1
2,Payment,1772287718.212124,3175,23,1
2,Payment,1772287718.212875,13073,7,1
2,Payment,1772287718.213417,14151,14,1
2,Payment,1772287718.213417,11549,0,1
1,NewOrder,1772287718.213576,8334,1,1
2,Payment,1772287718.213884,8059,21,1
2,Payment,1772287718.215306,8679,23,1
1,NewOrder,1772287718.217078,25938,16,1
3,OrderStatus,1772287718.217110,3617,12,1
1,NewOrder,1772287718.217190,23769,10,1
1,NewOrder,1772287718.217217,17157,2,1
2,Payment,1772287718.217947,11178,8,1
1,NewOrder,1772287718.219703,12589,5,1
2,Payment,1772287718.220368,14567,9,1
1,NewOrder,1772287718.220739,6794,12,1
2,Payment,1772287718.221269,13618,15,1
3,OrderStatus,1772287718.221894,2263,11,1
2,Payment,1772287718.221917,5592,1,1
3,OrderStatus,1772287718.221951,1763,21,1
1,NewOrder,1772287718.222122,19638,4,1
1,NewOrder,1772287718.223548,18547,3,1
2,Payment,1772287718.223720,5794,21,1
1,NewOrder,1772287718.223957,18111,17,1
2,Payment,1772287718.223991,8280,23,1
1,NewOrder,1772287718.224162,12450,11,1
1,NewOrder,1772287718.224242,18722,6,1
5,StockLevel,1772287718.224978,9356,0,1
2,Payment,1772287718.225960,14933,7,1
1,NewOrder,1772287718.227515,19531,1,1
4,Delivery,1772287718.227539,9651,12,1
1,NewOrder,1772287718.227577,13340,14,1
1,NewOrder,1772287718.229139,17882,8,1
2,Payment,1772287718.229529,5378,21,1
2,Payment,1772287718.231659,8754,13,1
4,Delivery,1772287718.232289,33844,23,1
1,NewOrder,1772287718.232307,29104,5,1
1,NewOrder,1772287718.234340,35240,0,1
4,Delivery,1772287718.234381,35653,2,1
2,Payment,1772287718.234891,11415,15,1
1,NewOrder,1772287718.234913,23209,21,1
4,Delivery,1772287718.234940,36959,9,1
1,NewOrder,1772287718.236624,27790,11,1
1,NewOrder,1772287718.237196,21500,12,1
1,NewOrder,1772287718.240420,29512,13,1
1,NewOrder,1772287718.240901,28614,7,1
2,Payment,1772287718.240928,9615,14,1
1,NewOrder,1772287718.240971,23471,10,1
1,NewOrder,1772287718.241766,12455,4,1
5,StockLevel,1772287718.242075,4920,17,1
1,NewOrder,1772287718.242107,11692,3,1
1,NewOrder,1772287718.242977,25375,6,1
2,Payment,1772287718.243041,10313,16,1
5,StockLevel,1772287718.246313,16577,15,1
1,NewOrder,1772287718.247006,14426,17,1
2,Payment,1772287718.247035,4207,8,1
2,Payment,1772287718.247186,4355,1,1
1,NewOrder,1772287718.250592,19410,14,1
1,NewOrder,1772287718.251250,6332,8,1
1,NewOrder,1772287718.251553,15776,1,1
4,Delivery,1772287718.253364,27067,16,1
4,Delivery,1772287718.253806,16549,3,1
2,Payment,1772287718.254234,2906,4,1
2,Payment,1772287718.257146,2659,4,1
1,NewOrder,1772287718.257589,9067,8,1
1,NewOrder,1772287718.258134,15471,21,1
2,Payment,1772287718.258702,7929,12,1
2,Payment,1772287718.259849,3899,4,1
1,NewOrder,1772287718.261420,22137,5,1
1,NewOrder,1772287718.261443,21982,17,1
1,NewOrder,1772287718.262918,9447,15,1
1,NewOrder,1772287718.263759,18011,4,1
2,Payment,1772287718.264439,7363,11,1
5,StockLevel,1772287718.264468,15781,10,1
2,Payment,1772287718.266148,2884,23,1
2,Payment,1772287718.266638,10607,12,1
2,Payment,1772287718.266661,7307,8,1
3,OrderStatus,1772287718.267341,6439,1,1
2,Payment,1772287718.268363,15922,6,1
1,NewOrder,1772287718.269043,13766,23,1
2,Payment,1772287718.269555,19930,7,1
2,Payment,1772287718.269616,10339,0,1
1,NewOrder,1772287718.269937,32480,13,1
1,NewOrder,1772287718.270012,29553,14,1
1,NewOrder,1772287718.270045,33629,2,1
1,NewOrder,1772287718.270366,15633,3,1
1,NewOrder,1772287718.271848,23497,11,1
1,NewOrder,1772287718.271918,7964,9,1
1,NewOrder,1772287718.272369,7156,15,1
2,Payment,1772287718.273615,2521,21,1
2,Payment,1772287718.273793,11790,1,1
2,Payment,1772287718.273976,18463,8,1
3,OrderStatus,1772287718.276161,1752,21,1
2,Payment,1772287718.277269,8753,12,1
1,NewOrder,1772287718.277927,7756,21,1
1,NewOrder,1772287718.279532,5382,15,1
2,Payment,1772287718.279893,17916,9,1
2,Payment,1772287718.279966,8560,0,1
1,NewOrder,1772287718.280261,25236,10,1
1,NewOrder,1772287718.280437,8055,16,1
2,Payment,1772287718.281781,10197,4,1
1,NewOrder,1772287718.282819,22743,23,1
1,NewOrder,1772287718.283440,22382,17,1
3,OrderStatus,1772287718.283580,4044,5,1
1,NewOrder,1772287718.284295,21311,6,1
2,Payment,1772287718.284920,3110,15,1
1,NewOrder,1772287718.285595,33601,1,1
2,Payment,1772287718.285694,2775,21,1
1,NewOrder,1772287718.286007,19839,3,1
2,Payment,1772287718.286030,6602,12,1
2,Payment,1772287718.287635,10152,5,1
2,Payment,1772287718.288042,6895,15,1
2,Payment,1772287718.288485,2557,21,1
3,OrderStatus,1772287718.288502,2087,16,1
1,NewOrder,1772287718.288542,22784,0,1
1,NewOrder,1772287718.289491,16136,7,1
2,Payment,1772287718.290597,6209,16,1
1,NewOrder,1772287718.291047,12424,21,1
2,Payment,1772287718.291987,11311,4,1
4,Delivery,1772287718.292445,27248,8,1
3,OrderStatus,1772287718.292637,6798,12,1
2,Payment,1772287718.294947,5452,15,1
1,NewOrder,1772287718.295355,20894,11,1
4,Delivery,1772287718.296811,28706,16,1
2,Payment,1772287718.297809,12477,5,1
2,Payment,1772287718.297823,7171,9,1
1,NewOrder,1772287718.299445,19767,12,1
1,NewOrder,1772287718.299572,8357,14,1
2,Payment,1772287718.300410,5717,15,1
5,StockLevel,1772287718.302421,2980,13,1
2,Payment,1772287718.303304,11201,4,1
1,NewOrder,1772287718.303481,15659,21,1
2,Payment,1772287718.303678,8805,2,1
1,NewOrder,1772287718.305011,17670,9,1
2,Payment,1772287718.305412,8743,13,1
2,Payment,1772287718.305503,10434,10,1
1,NewOrder,1772287718.305572,19397,23,1
2,Payment,1772287718.305616,5777,6,1
3,OrderStatus,1772287718.305637,5782,7,1
2,Payment,1772287718.305833,12950,17,1
1,NewOrder,1772287718.305851,9352,3,1
2,Payment,1772287718.306132,5238,15,1
2,Payment,1772287718.307952,14712,14,1
1,NewOrder,1772287718.310293,12409,5,1
1,NewOrder,1772287718.311330,17001,0,1
1,NewOrder,1772287718.311380,22867,15,1
1,NewOrder,1772287718.311399,13895,6,1
1,NewOrder,1772287718.311430,10767,7,1
2,Payment,1772287718.312488,6756,2,1
4,Delivery,1772287718.314163,12733,13,1
1,NewOrder,1772287718.314516,17461,4,1
2,Payment,1772287718.315208,9790,3,1
1,NewOrder,1772287718.315948,17803,10,1
1,NewOrder,1772287718.316259,17953,11,1
1,NewOrder,1772287718.318794,17694,17,1
2,Payment,1772287718.319145,6240,21,1
1,NewOrder,1772287718.319205,16250,1,1
4,Delivery,1772287718.319217,7543,12,1
2,Payment,1772287718.319253,12236,2,1
1,NewOrder,1772287718.319717,15809,8,1
1,NewOrder,1772287718.322221,9865,7,1
2,Payment,1772287718.322675,7468,14,1
2,Payment,1772287718.322687,1886,9,1
2,Payment,1772287718.322707,11556,5,1
2,Payment,1772287718.324578,8237,9,1
2,Payment,1772287718.324979,13955,23,1
2,Payment,1772287718.325009,14340,3,1
2,Payment,1772287718.325302,11698,6,1
5,StockLevel,1772287718.325390,14795,21,1
1,NewOrder,1772287718.325521,11513,16,1
1,NewOrder,1772287718.326768,33848,12,1
2,Payment,1772287718.326905,7566,13,1
2,Payment,1772287718.328342,15672,0,1
1,NewOrder,1772287718.330153,16551,14,1
2,Payment,1772287718.331493,22968,2,1
2,Payment,1772287718.331987,20478,4,1
1,NewOrder,1772287718.332096,9128,7,1
2,Payment,1772287718.332825,7299,9,1
2,Payment,1772287718.333776,12997,10,1
1,NewOrder,1772287718.334246,5465,11,1
2,Payment,1772287718.334253,8177,15,1
1,NewOrder,1772287718.334274,12415,5,1
2,Payment,1772287718.334476,5799,13,1
2,Payment,1772287718.335462,10780,1,1
2,Payment,1772287718.335537,17915,8,1
2,Payment,1772287718.336492,8433,17,1
5,StockLevel,1772287718.337024,8940,6,1
2,Payment,1772287718.337059,13637,16,1
2,Payment,1772287718.338957,2960,23,1
2,Payment,1772287718.339359,19862,3,1
1,NewOrder,1772287718.339735,24564,11,1
2,Payment,1772287718.340139,15931,9,1
1,NewOrder,1772287718.340193,8607,21,1
4,Delivery,1772287718.340279,23990,13,1
1,NewOrder,1772287718.341244,19803,7,1
1,NewOrder,1772287718.341933,6117,23,1
1,NewOrder,1772287718.342436,16752,15,1
1,NewOrder,1772287718.344017,12841,0,1
2,Payment,1772287718.344936,10807,17,1
1,NewOrder,1772287718.345988,8064,6,1
1,NewOrder,1772287718.346248,28439,1,1
1,NewOrder,1772287718.346714,25666,5,1
2,Payment,1772287718.346731,12375,14,1
2,Payment,1772287718.346787,11290,10,1
2,Payment,1772287718.348063,1733,23,1
1,NewOrder,1772287718.348811,10382,21,1
1,NewOrder,1772287718.349808,6300,23,1
1,NewOrder,1772287718.350701,21046,16,1
2,Payment,1772287718.352490,16976,4,1
1,NewOrder,1772287718.353463,23592,8,1
1,NewOrder,1772287718.354075,6608,6,1
2,Payment,1772287718.354484,18572,2,1
2,Payment,1772287718.355768,7029,17,1
1,NewOrder,1772287718.356082,20099,9,1
2,Payment,1772287718.356132,3117,23,1
3,OrderStatus,1772287718.356865,1355,0,1
1,NewOrder,1772287718.358087,20830,10,1
4,Delivery,1772287718.358226,11775,0,1
1,NewOrder,1772287718.359110,24374,14,1
1,NewOrder,1772287718.359192,22567,15,1
1,NewOrder,1772287718.359204,10768,21,1
2,Payment,1772287718.359227,15995,3,1
5,StockLevel,1772287718.359259,6566,23,1
5,StockLevel,1772287718.360624,16267,12,1
1,NewOrder,1772287718.360694,15911,6,1
1,NewOrder,1772287718.361057,16880,7,1
1,NewOrder,1772287718.362821,24422,17,1
1,NewOrder,1772287718.364273,20366,13,1
2,Payment,1772287718.364309,5634,11,1
2,Payment,1772287718.365849,4103,23,1
2,Payment,1772287718.369477,12256,4,1
2,Payment,1772287718.369954,4082,11,1
1,NewOrder,1772287718.369963,18120,23,1
1,NewOrder,1772287718.369978,7605,21,1
2,Payment,1772287718.370011,17316,0,1
1,NewOrder,1772287718.371751,16913,16,1
1,NewOrder,1772287718.372390,21192,5,1
1,NewOrder,1772287718.373061,14623,2,1
1,NewOrder,1772287718.374043,25940,11,1
2,Payment,1772287718.374697,20275,1,1
2,Payment,1772287718.375230,15296,3,1
1,NewOrder,1772287718.376189,27698,9,1
1,NewOrder,1772287718.376613,25672,6,1
2,Payment,1772287718.376902,5208,12,1
2,Payment,1772287718.377065,3805,8,1
2,Payment,1772287718.377588,4591,21,1
3,OrderStatus,1772287718.377948,3001,7,1
1,NewOrder,1772287718.378922,16703,10,1
1,NewOrder,1772287718.380877,15819,8,1
5,StockLevel,1772287718.380956,8378,7,1
2,Payment,1772287718.381738,17648,4,1
2,Payment,1772287718.381764,6346,15,1
1,NewOrder,1772287718.382114,17710,12,1
2,Payment,1772287718.382186,4006,21,1
3,OrderStatus,1772287718.383491,4582,14,1
1,NewOrder,1772287718.384649,15188,13,1
1,NewOrder,1772287718.386197,14748,21,1
2,Payment,1772287718.387250,5814,17,1
2,Payment,1772287718.387338,18104,0,1
3,OrderStatus,1772287718.387695,2370,2,1
2,Payment,1772287718.388079,7584,14,1
1,NewOrder,1772287718.388091,9202,23,1
1,NewOrder,1772287718.388116,15796,15,1
1,NewOrder,1772287718.388674,9859,16,1
1,NewOrder,1772287718.389341,10705,7,1
1,NewOrder,1772287718.390071,9463,2,1
2,Payment,1772287718.390530,34021,3,1
2,Payment,1772287718.393078,6788,17,1
2,Payment,1772287718.393593,17930,5,1
2,Payment,1772287718.394983,19180,1,1
5,StockLevel,1772287718.395638,3576,10,1
2,Payment,1772287718.395681,7760,14,1
2,Payment,1772287718.396711,3566,8,1
2,Payment,1772287718.397303,3365,23,1
2,Payment,1772287718.398544,6590,16,1
1,NewOrder,1772287718.399225,15272,10,1
2,Payment,1772287718.399396,17100,4,1
1,NewOrder,1772287718.399542,3339,2,1
1,NewOrder,1772287718.399833,17363,12,1
2,Payment,1772287718.399848,7373,13,1
1,NewOrder,1772287718.399872,9069,17,1
3,OrderStatus,1772287718.399990,6390,11,1
2,Payment,1772287718.400056,7079,7,1
2,Payment,1772287718.400283,10657,8,1
2,Payment,1772287718.400678,5977,23,1
2,Payment,1772287718.400955,7135,21,1
1,NewOrder,1772287718.402292,23000,6,1
2,Payment,1772287718.402887,24854,2,1
2,Payment,1772287718.403446,8591,14,1
1,NewOrder,1772287718.403902,26396,9,1
2,Payment,1772287718.403935,4508,15,1
1,NewOrder,1772287718.405144,15238,16,1
2,Payment,1772287718.405447,20923,0,1
1,NewOrder,1772287718.406390,19316,11,1
1,NewOrder,1772287718.406666,18565,23,1
3,OrderStatus,1772287718.407141,5328,7,1
5,StockLevel,1772287718.407226,9356,13,1
2,Payment,1772287718.408098,3914,21,1
1,NewOrder,1772287718.408452,13163,15,1
1,NewOrder,1772287718.408953,34342,17,1
2,Payment,1772287718.410951,4261,8,1
2,Payment,1772287718.411533,19813,5,1
2,Payment,1772287718.412022,3805,21,1
4,Delivery,1772287718.412049,29821,14,1
2,Payment,1772287718.412473,4406,7,1
1,NewOrder,1772287718.414169,11851,1,1
1,NewOrder,1772287718.414503,11230,10,1
2,Payment,1772287718.415237,6501,8,1
2,Payment,1772287718.415850,5314,21,1
1,NewOrder,1772287718.416507,20004,4,1
1,NewOrder,1772287718.416587,8733,13,1
2,Payment,1772287718.416885,14575,7,1
1,NewOrder,1772287718.417201,21694,12,1
2,Payment,1772287718.420388,11755,16,1
2,Payment,1772287718.421188,4426,21,1
1,NewOrder,1772287718.421639,19108,15,1
4,Delivery,1772287718.421763,25662,8,1
1,NewOrder,1772287718.424557,21294,3,1
5,StockLevel,1772287718.425241,17273,23,1
1,NewOrder,1772287718.425302,18773,6,1
4,Delivery,1772287718.425330,16782,13,1
2,Payment,1772287718.425619,5809,21,1
1,NewOrder,1772287718.425716,13151,11,1
2,Payment,1772287718.425746,10518,10,1
1,NewOrder,1772287718.426030,9465,1,1
2,Payment,1772287718.426376,9724,0,1
1,NewOrder,1772287718.427752,10617,2,1
1,NewOrder,1772287718.430308,17514,9,1
2,Payment,1772287718.431354,8997,5,1
1,NewOrder,1772287718.431432,33691,21,1
1,NewOrder,1772287718.431469,21194,7,1
1,NewOrder,1772287718.432148,24126,16,1
2,Payment,1772287718.435506,10396,1,1
1,NewOrder,1772287718.436116,22544,0,1
3,OrderStatus,1772287718.436269,2061,10,1
2,Payment,1772287718.436517,7761,4,1
1,NewOrder,1772287718.438336,25372,10,1
2,Payment,1772287718.438379,11407,2,1
1,NewOrder,1772287718.438871,30012,11,1
2,Payment,1772287718.438899,6453,12,1
1,NewOrder,1772287718.440355,20244,5,1
1,NewOrder,1772287718.440755,19820,15,1
1,NewOrder,1772287718.441880,9262,14,1
3,OrderStatus,1772287718.442118,1135,13,1
1,NewOrder,1772287718.442524,10585,23,1
1,NewOrder,1772287718.443265,7492,13,1
2,Payment,1772287718.443319,14168,17,1
1,NewOrder,1772287718.444086,25690,6,1
2,Payment,1772287718.444288,13551,4,1
1,NewOrder,1772287718.445363,30904,12,1
1,NewOrder,1772287718.445856,23511,3,1
1,NewOrder,1772287718.445908,7879,1,1
2,Payment,1772287718.447437,2993,8,1
2,Payment,1772287718.447832,5263,9,1
5,StockLevel,1772287718.449792,18957,2,1
1,NewOrder,1772287718.450444,7879,8,1
2,Payment,1772287718.450772,9311,13,1
2,Payment,1772287718.451152,13980,14,1
4,Delivery,1772287718.452688,20541,7,1
1,NewOrder,1772287718.453102,5156,9,1
1,NewOrder,1772287718.453115,17183,23,1
1,NewOrder,1772287718.453791,11340,1,1
1,NewOrder,1772287718.456278,14542,16,1
2,Payment,1772287718.457498,12983,17,1
2,Payment,1772287718.457850,4879,4,1
1,NewOrder,1772287718.458273,17973,9,1
1,NewOrder,1772287718.458347,14314,8,1
2,Payment,1772287718.458678,5559,0,1
4,Delivery,1772287718.460093,33516,13,1
4,Delivery,1772287718.460599,32800,15,1
2,Payment,1772287718.460624,8807,5,1
2,Payment,1772287718.462740,11135,4,1
3,OrderStatus,1772287718.463719,2144,10,1
2,Payment,1772287718.464247,11978,0,1
1,NewOrder,1772287718.465148,9442,21,1
2,Payment,1772287718.465148,15661,1,1
2,Payment,1772287718.465158,9505,14,1
2,Payment,1772287718.465899,3893,10,1
1,NewOrder,1772287718.468773,6635,2,1
3,OrderStatus,1772287718.468907,5757,11,1
2,Payment,1772287718.469373,19928,3,1
2,Payment,1772287718.469434,15738,5,1
2,Payment,1772287718.469787,6086,6,1
1,NewOrder,1772287718.469797,14840,10,1
2,Payment,1772287718.470304,2864,23,1
1,NewOrder,1772287718.470492,22852,17,1
1,NewOrder,1772287718.470830,14357,16,1
2,Payment,1772287718.472672,4379,8,1
1,NewOrder,1772287718.473176,19648,23,1
1,NewOrder,1772287718.473239,14944,7,1
3,OrderStatus,1772287718.473898,5362,4,1
2,Payment,1772287718.474596,4909,21,1
1,NewOrder,1772287718.474680,12679,11,1
1,NewOrder,1772287718.474689,13525,14,1
1,NewOrder,1772287718.475415,10772,2,1
1,NewOrder,1772287718.475883,20698,6,1
2,Payment,1772287718.476235,16603,0,1
1,NewOrder,1772287718.476258,18603,9,1
1,NewOrder,1772287718.476278,15702,12,1
2,Payment,1772287718.477058,2769,8,1
2,Payment,1772287718.479283,25228,4,1
2,Payment,1772287718.479515,5716,21,1
2,Payment,1772287718.479833,5361,8,1
1,NewOrder,1772287718.480825,15210,1,1
2,Payment,1772287718.484648,13488,10,1
2,Payment,1772287718.485196,11460,5,1
1,NewOrder,1772287718.485202,18909,16,1
2,Payment,1772287718.485220,7650,8,1
4,Delivery,1772287718.485255,28163,21,1
1,NewOrder,1772287718.486198,13565,2,1
1,NewOrder,1772287718.487367,22150,11,1
1,NewOrder,1772287718.488188,43349,7,1
2,Payment,1772287718.488225,5147,14,1
2,Payment,1772287718.489326,12222,3,1
1,NewOrder,1772287718.491987,21954,12,1
2,Payment,1772287718.492844,6108,23,1
1,NewOrder,1772287718.492881,12933,0,1
1,NewOrder,1772287718.492894,33352,8,1
2,Payment,1772287718.493355,4698,17,1
4,Delivery,1772287718.493382,20980,14,1
1,NewOrder,1772287718.493407,21650,15,1
1,NewOrder,1772287718.493615,19704,13,1
2,Payment,1772287718.494872,5472,9,1
1,NewOrder,1772287718.496041,17653,1,1
1,NewOrder,1772287718.496588,12514,6,1
1,NewOrder,1772287718.496667,37635,5,1
2,Payment,1772287718.498058,5054,17,1
1,NewOrder,1772287718.498143,35763,10,1
1,NewOrder,1772287718.498960,28804,23,1
2,Payment,1772287718.499773,7573,2,1
1,NewOrder,1772287718.500355,26940,9,1
2,Payment,1772287718.501554,11272,3,1
2,Payment,1772287718.503116,7111,17,1
1,NewOrder,1772287718.504117,14956,16,1
1,NewOrder,1772287718.504522,26969,4,1
1,NewOrder,1772287718.505818,13594,0,1
2,Payment,1772287718.507368,9485,2,1
2,Payment,1772287718.509112,6618,6,1
2,Payment,1772287718.509541,15324,11,1
3,OrderStatus,1772287718.510244,2076,17,1
1,NewOrder,1772287718.512327,9907,17,1
1,NewOrder,1772287718.512840,21946,3,1
1,NewOrder,1772287718.513329,20949,13,1
1,NewOrder,1772287718.513429,12867,21,1
2,Payment,1772287718.513701,10500,1,1
2,Payment,1772287718.513951,7332,12,1
1,NewOrder,1772287718.514370,10435,14,1
1,NewOrder,1772287718.515067,9763,15,1
2,Payment,1772287718.515744,12001,6,1
1,NewOrder,1772287718.516860,16322,2,1
1,NewOrder,1772287718.519083,6817,16,1
2,Payment,1772287718.519420,12199,0,1
2,Payment,1772287718.521294,7474,12,1
1,NewOrder,1772287718.522258,19755,17,1
2,Payment,1772287718.524209,13496,1,1
1,NewOrder,1772287718.524811,25761,14,1
5,StockLevel,1772287718.524840,13793,15,1
2,Payment,1772287718.524875,6181,11,1
1,NewOrder,1772287718.525906,6935,16,1
2,Payment,1772287718.526258,9123,8,1
1,NewOrder,1772287718.526306,18724,21,1
2,Payment,1772287718.527303,15018,9,1
1,NewOrder,1772287718.527756,24391,6,1
1,NewOrder,1772287718.527773,14145,23,1
1,NewOrder,1772287718.528777,13201,12,1
2,Payment,1772287718.531073,14483,11,1
1,NewOrder,1772287718.531506,15805,4,1
2,Payment,1772287718.531559,18917,7,1
2,Payment,1772287718.531643,10688,0,1
1,NewOrder,1772287718.532851,9420,16,1
4,Delivery,1772287718.533187,22330,2,1
1,NewOrder,1772287718.533917,7385,10,1
2,Payment,1772287718.534284,3756,13,1
1,NewOrder,1772287718.534309,7717,5,1
1,NewOrder,1772287718.534797,17573,3,1
3,OrderStatus,1772287718.535388,5551,8,1
1,NewOrder,1772287718.537728,21693,1,1
2,Payment,1772287718.538052,5011,13,1
2,Payment,1772287718.538658,10808,15,1
1,NewOrder,1772287718.540956,12614,8,1
4,Delivery,1772287718.541307,31808,10,1
1,NewOrder,1772287718.541925,17920,23,1
2,Payment,1772287718.541986,12057,12,1
2,Payment,1772287718.542024,9757,17,1
5,StockLevel,1772287718.542032,4763,5,1
1,NewOrder,1772287718.542282,14961,16,1
2,Payment,1772287718.542326,14073,9,1
1,NewOrder,1772287718.542342,24511,0,1
2,Payment,1772287718.543073,4764,13,1
1,NewOrder,1772287718.545041,19471,21,1
2,Payment,1772287718.545571,13923,11,1
1,NewOrder,1772287718.546805,16572,5,1
1,NewOrder,1772287718.547317,21069,4,1
2,Payment,1772287718.547848,8143,13,1
2,Payment,1772287718.549476,12564,15,1
1,NewOrder,1772287718.550482,20357,7,1
1,NewOrder,1772287718.550583,21642,14,1
1,NewOrder,1772287718.551791,22887,17,1
2,Payment,1772287718.552153,14850,6,1
1,NewOrder,1772287718.552380,11427,3,1
2,Payment,1772287718.553577,16747,8,1
1,NewOrder,1772287718.554053,12584,12,1
2,Payment,1772287718.555525,3389,2,1
2,Payment,1772287718.556001,10166,13,1
1,NewOrder,1772287718.556415,42898,9,1
2,Payment,1772287718.557267,13638,16,1
3,OrderStatus,1772287718.558929,3050,2,1
2,Payment,1772287718.559432,5094,1,1
2,Payment,1772287718.559504,16855,11,1
2,Payment,1772287718.559851,4693,23,1
3,OrderStatus,1772287718.561984,2029,2,1
1,NewOrder,1772287718.562051,36922,15,1
1,NewOrder,1772287718.563383,12723,5,1
1,NewOrder,1772287718.563818,9314,3,1
2,Payment,1772287718.564018,6873,2,1
1,NewOrder,1772287718.564516,11179,21,1
1,NewOrder,1772287718.564533,24522,1,1
1,NewOrder,1772287718.564550,20077,23,1
4,Delivery,1772287718.566171,32729,13,1
1,NewOrder,1772287718.566643,37976,12,1
2,Payment,1772287718.566864,6618,0,1
1,NewOrder,1772287718.567012,38517,6,1
2,Payment,1772287718.568390,10183,4,1
2,Payment,1772287718.570334,11619,8,1
1,NewOrder,1772287718.570849,29514,7,1
1,NewOrder,1772287718.570895,15415,2,1
2,Payment,1772287718.570916,5144,16,1
1,NewOrder,1772287718.572231,11562,14,1
2,Payment,1772287718.573126,12113,10,1
2,Payment,1772287718.573142,6750,3,1
1,NewOrder,1772287718.573492,16433,0,1
1,NewOrder,1772287718.574688,20863,17,1
1,NewOrder,1772287718.575701,13751,21,1
2,Payment,1772287718.576067,6498,16,1
2,Payment,1772287718.576114,5158,5,1
1,NewOrder,1772287718.576367,25451,11,1
1,NewOrder,1772287718.578579,36246,4,1
2,Payment,1772287718.579352,8534,22,1
2,Payment,1772287718.579902,7031,3,1
1,NewOrder,1772287718.581278,12555,5,1
2,Payment,1772287718.581959,10919,8,1
5,StockLevel,1772287718.582571,10645,16,1
2,Payment,1772287718.583798,6147,14,1
1,NewOrder,1772287718.584633,19015,23,1
2,Payment,1772287718.585249,13433,10,1
2,Payment,1772287718.586317,9180,2,1
1,NewOrder,1772287718.586939,8471,3,1
2,Payment,1772287718.587448,3214,18,1
2,Payment,1772287718.587894,9499,22,1
2,Payment,1772287718.589070,14556,1,1
1,NewOrder,1772287718.589460,32659,21,1
1,NewOrder,1772287718.589930,40499,0,1
4,Delivery,1772287718.589953,9365,14,1
2,Payment,1772287718.590679,10005,18,1
2,Payment,1772287718.592894,11472,8,1
5,StockLevel,1772287718.593222,16282,16,1
2,Payment,1772287718.593851,11097,5,1
2,Payment,1772287718.595417,11723,3,1
5,StockLevel,1772287718.595503,17142,2,1
5,StockLevel,1772287718.595559,9252,17,1
1,NewOrder,1772287718.597403,20660,22,1
2,Payment,1772287718.598703,16841,10,1
1,NewOrder,1772287718.598846,19689,20,1
2,Payment,1772287718.598923,5857,13,1
1,NewOrder,1772287718.598983,23018,15,1
2,Payment,1772287718.599320,9222,9,1
2,Payment,1772287718.599326,9711,14,1
4,Delivery,1772287718.600373,18958,7,1
1,NewOrder,1772287718.600695,30829,18,1
1,NewOrder,1772287718.601154,22910,19,1
5,StockLevel,1772287718.601828,9055,11,1
2,Payment,1772287718.603635,5823,1,1
2,Payment,1772287718.603658,2894,23,1
2,Payment,1772287718.604377,15494,8,1
2,Payment,1772287718.604629,17399,12,1
2,Payment,1772287718.604790,10841,13,1
2,Payment,1772287718.604818,14919,17,1
1,NewOrder,1772287718.604953,14781,5,1
3,OrderStatus,1772287718.605544,2692,6,1
1,NewOrder,1772287718.606559,12051,23,1
5,StockLevel,1772287718.607150,9869,3,1
1,NewOrder,1772287718.608246,22991,6,1
5,StockLevel,1772287718.608553,19302,9,1
1,NewOrder,1772287718.609047,26223,14,1
1,NewOrder,1772287718.609468,25242,1,1
1,NewOrder,1772287718.609514,15034,16,1
1,NewOrder,1772287718.610892,28993,11,1
1,NewOrder,1772287718.612656,27305,2,1
1,NewOrder,1772287718.614840,24088,4,1
2,Payment,1772287718.615549,6002,10,1
4,Delivery,1772287718.615641,15579,13,1
1,NewOrder,1772287718.617029,21840,3,1
2,Payment,1772287718.618072,6456,22,1
1,NewOrder,1772287718.618541,42214,20,1
2,Payment,1772287718.618620,15464,23,1
1,NewOrder,1772287718.619337,18833,7,1
2,Payment,1772287718.619739,7346,5,1
2,Payment,1772287718.619744,7328,17,1
1,NewOrder,1772287718.619881,18952,8,1
1,NewOrder,1772287718.621556,23940,10,1
1,NewOrder,1772287718.622007,23879,15,1
3,OrderStatus,1772287718.622034,4760,12,1
1,NewOrder,1772287718.622124,26553,21,1
2,Payment,1772287718.624070,14832,19,1
5,StockLevel,1772287718.624531,14175,22,1
3,OrderStatus,1772287718.624558,7922,16,1
2,Payment,1772287718.626800,8468,12,1
1,NewOrder,1772287718.627079,22934,17,1
5,StockLevel,1772287718.627094,15546,5,1
1,NewOrder,1772287718.627864,16178,9,1
2,Payment,1772287718.630439,5955,0,1
2,Payment,1772287718.631226,9456,13,1
2,Payment,1772287718.631247,4334,6,1
2,Payment,1772287718.631534,12599,18,1
2,Payment,1772287718.632490,11144,16,1
3,OrderStatus,1772287718.634095,4634,23,1
2,Payment,1772287718.634717,4297,1,1
1,NewOrder,1772287718.635286,34945,12,1
2,Payment,1772287718.635294,19114,14,1
1,NewOrder,1772287718.635598,29110,6,1
1,NewOrder,1772287718.636399,14403,0,1
1,NewOrder,1772287718.638188,13693,7,1
1,NewOrder,1772287718.638716,30295,22,1
1,NewOrder,1772287718.638739,37794,23,1
1,NewOrder,1772287718.638841,14512,8,1
2,Payment,1772287718.638877,5281,3,1
1,NewOrder,1772287718.638906,19329,19,1
1,NewOrder,1772287718.638934,18944,4,1
2,Payment,1772287718.639019,9215,1,1
1,NewOrder,1772287718.639889,24480,11,1
1,NewOrder,1772287718.639971,17846,2,1
2,Payment,1772287718.640693,19546,13,1
2,Payment,1772287718.642644,10311,5,1
1,NewOrder,1772287718.643650,26201,16,1
1,NewOrder,1772287718.644074,27237,9,1
5,StockLevel,1772287718.644144,15166,18,1
1,NewOrder,1772287718.644168,25252,3,1
1,NewOrder,1772287718.645510,10087,10,1
2,Payment,1772287718.645897,18513,15,1
2,Payment,1772287718.648244,10063,1,1
2,Payment,1772287718.648686,9900,21,1
1,NewOrder,1772287718.650034,4870,17,1
1,NewOrder,1772287718.650811,7390,0,1
2,Payment,1772287718.651890,2406,7,1
2,Payment,1772287718.652961,10933,5,1
1,NewOrder,1772287718.653359,19678,8,1
2,Payment,1772287718.654303,1860,7,1
2,Payment,1772287718.654418,15318,14,1
2,Payment,1772287718.654909,10913,17,1
1,NewOrder,1772287718.655603,11154,10,1
5,StockLevel,1772287718.656169,11028,7,1
1,NewOrder,1772287718.657840,47496,2,1
1,NewOrder,1772287718.657895,47996,4,1
2,Payment,1772287718.658208,11186,0,1
1,NewOrder,1772287718.658240,24957,19,1
2,Payment,1772287718.658317,9104,1,1
5,StockLevel,1772287718.658596,22371,21,1
2,Payment,1772287718.659320,6104,18,1
2,Payment,1772287718.660245,15536,13,1
1,NewOrder,1772287718.660766,41887,20,1
2,Payment,1772287718.663902,12685,5,1
4,Delivery,1772287718.664379,23525,11,1
2,Payment,1772287718.664420,19787,15,1
1,NewOrder,1772287718.664713,11815,6,1
1,NewOrder,1772287718.665447,14166,18,1
1,NewOrder,1772287718.665843,13859,17,1
1,NewOrder,1772287718.666768,30519,10,1
2,Payment,1772287718.667206,5102,7,1
2,Payment,1772287718.667431,17255,1,1
1,NewOrder,1772287718.669023,12557,22,1
1,NewOrder,1772287718.669401,24172,0,1
2,Payment,1772287718.669425,12549,3,1
1,NewOrder,1772287718.669746,47808,14,1
2,Payment,1772287718.669854,23248,16,1
2,Payment,1772287718.670243,26842,12,1
1,NewOrder,1772287718.671321,7850,9,1
2,Payment,1772287718.672314,7313,7,1
3,OrderStatus,1772287718.673049,4952,8,1
1,NewOrder,1772287718.675796,34782,13,1
2,Payment,1772287718.676539,10856,6,1
1,NewOrder,1772287718.676543,36906,23,1
2,Payment,1772287718.676592,14848,5,1
1,NewOrder,1772287718.678025,24583,8,1
1,NewOrder,1772287718.679175,5538,9,1
1,NewOrder,1772287718.679623,5772,18,1
2,Payment,1772287718.679632,11365,7,1
4,Delivery,1772287718.679706,57028,17,1
2,Payment,1772287718.680974,15767,21,1
2,Payment,1772287718.681588,3062,22,1
2,Payment,1772287718.681984,13701,3,1
1,NewOrder,1772287718.683203,36891,19,1
1,NewOrder,1772287718.684211,38286,15,1
1,NewOrder,1772287718.684660,32224,22,1
4,Delivery,1772287718.684691,4772,1,1
1,NewOrder,1772287718.684717,34884,9,1
1,NewOrder,1772287718.685401,6121,18,1
2,Payment,1772287718.687407,10919,6,1
1,NewOrder,1772287718.687908,6461,11,1
1,NewOrder,1772287718.689469,1560,1,1
2,Payment,1772287718.691006,10252,7,1
1,NewOrder,1772287718.691035,9775,1,1
1,NewOrder,1772287718.691444,38292,5,1
2,Payment,1772287718.691531,7664,18,1
1,NewOrder,1772287718.693112,24049,16,1
1,NewOrder,1772287718.693577,8093,0,1
1,NewOrder,1772287718.694374,5992,11,1
1,NewOrder,1772287718.695693,25315,3,1
2,Payment,1772287718.696745,4588,21,1
2,Payment,1772287718.697096,11377,12,1
1,NewOrder,1772287718.697291,19642,10,1
2,Payment,1772287718.698331,10711,6,1
2,Payment,1772287718.699206,4312,18,1
1,NewOrder,1772287718.700371,12059,11,1
2,Payment,1772287718.700817,8273,1,1
1,NewOrder,1772287718.701268,15310,7,1
2,Payment,1772287718.701338,7734,21,1
1,NewOrder,1772287718.701674,21418,0,1
5,StockLevel,1772287718.702611,15941,8,1
4,Delivery,1772287718.702655,27586,20,1
2,Payment,1772287718.703528,7868,18,1
1,NewOrder,1772287718.705342,20980,2,1
5,StockLevel,1772287718.705901,18661,4,1
1,NewOrder,1772287718.708478,15611,12,1
2,Payment,1772287718.709052,4885,6,1
3,OrderStatus,1772287718.709083,2669,21,1
1,NewOrder,1772287718.709095,27134,1,1
2,Payment,1772287718.710587,7413,13,1
2,Payment,1772287718.711406,2614,18,1
2,Payment,1772287718.711758,5430,21,1
2,Payment,1772287718.712433,3415,11,1
2,Payment,1772287718.713455,9521,23,1
1,NewOrder,1772287718.713945,21611,6,1
2,Payment,1772287718.714025,11883,18,1
1,NewOrder,1772287718.715853,18502,11,1
2,Payment,1772287718.716584,6479,7,1
2,Payment,1772287718.716889,12311,22,1
1,NewOrder,1772287718.716939,35077,10,1
1,NewOrder,1772287718.717168,23918,16,1
1,NewOrder,1772287718.717192,22756,21,1
1,NewOrder,1772287718.717558,13187,14,1
2,Payment,1772287718.718010,5283,13,1
1,NewOrder,1772287718.718556,22913,8,1
1,NewOrder,1772287718.719607,11117,9,1
2,Payment,1772287718.720099,12859,19,1
1,NewOrder,1772287718.721012,11494,3,1
2,Payment,1772287718.722500,7255,15,1
1,NewOrder,1772287718.722986,26861,23,1
1,NewOrder,1772287718.723067,20630,7,1
2,Payment,1772287718.723096,9882,0,1
1,NewOrder,1772287718.723303,19340,13,1
1,NewOrder,1772287718.724093,16631,12,1
1,NewOrder,1772287718.724569,25569,4,1
5,StockLevel,1772287718.725918,13835,18,1
1,NewOrder,1772287718.726333,53987,2,1
1,NewOrder,1772287718.729206,15381,22,1
1,NewOrder,1772287718.729746,21539,5,1
1,NewOrder,1772287718.729761,22227,15,1
1,NewOrder,1772287718.730248,33181,20,1
2,Payment,1772287718.730729,5910,9,1
1,NewOrder,1772287718.730748,19793,14,1
1,NewOrder,1772287718.732510,23024,3,1
2,Payment,1772287718.732964,8607,19,1
2,Payment,1772287718.732982,7318,0,1
2,Payment,1772287718.734365,9772,11,1
2,Payment,1772287718.735567,13569,6,1
5,StockLevel,1772287718.736234,14985,1,1
5,StockLevel,1772287718.736644,14287,9,1
1,NewOrder,1772287718.736737,26057,17,1
1,NewOrder,1772287718.739758,26584,18,1
1,NewOrder,1772287718.739958,19262,21,1
3,OrderStatus,1772287718.740306,5917,0,1
1,NewOrder,1772287718.740728,22935,12,1
2,Payment,1772287718.741091,6493,16,1
2,Payment,1772287718.741479,11240,8,1
4,Delivery,1772287718.741577,14553,19,1
2,Payment,1772287718.742653,7264,13,1
2,Payment,1772287718.743704,19628,7,1
2,Payment,1772287718.744141,15110,11,1
1,NewOrder,1772287718.744591,18812,22,1
1,NewOrder,1772287718.746231,44656,0,1
1,NewOrder,1772287718.747597,20252,16,1
2,Payment,1772287718.749147,24258,6,1
2,Payment,1772287718.749851,7170,23,1
2,Payment,1772287718.749927,6130,13,1
2,Payment,1772287718.750142,5902,4,1
1,NewOrder,1772287718.750547,16204,14,1
1,NewOrder,1772287718.750936,19188,9,1
1,NewOrder,1772287718.751229,28214,1,1
2,Payment,1772287718.751291,7051,5,1
1,NewOrder,1772287718.751992,27863,15,1
1,NewOrder,1772287718.752028,34568,10,1
1,NewOrder,1772287718.752725,26477,8,1
2,Payment,1772287718.755539,4740,3,1
4,Delivery,1772287718.756049,19814,4,1
4,Delivery,1772287718.756062,23344,13,1
1,NewOrder,1772287718.756135,18542,19,1
2,Payment,1772287718.757028,7609,23,1
1,NewOrder,1772287718.758350,16306,5,1
5,StockLevel,1772287718.759226,14064,21,1
1,NewOrder,1772287718.759256,27261,11,1
5,StockLevel,1772287718.760283,9289,3,1
1,NewOrder,1772287718.762797,11920,17,1
2,Payment,1772287718.763342,15968,7,1
1,NewOrder,1772287718.763408,26097,22,1
1,NewOrder,1772287718.763434,29929,20,1
2,Payment,1772287718.763666,11025,12,1
1,NewOrder,1772287718.764641,25806,23,1
1,NewOrder,1772287718.766348,20218,18,1
3,OrderStatus,1772287718.766754,9947,14,1
2,Payment,1772287718.767854,10830,16,1
1,NewOrder,1772287718.769582,5715,3,1
2,Payment,1772287718.770128,15918,9,1
2,Payment,1772287718.773296,8185,21,1
2,Payment,1772287718.773417,21184,6,1
1,NewOrder,1772287718.774667,19090,5,1
4,Delivery,1772287718.774683,15821,19,1
1,NewOrder,1772287718.774697,12292,12,1
3,OrderStatus,1772287718.774727,3402,17,1
2,Payment,1772287718.775301,3969,3,1
5,StockLevel,1772287718.775868,2387,4,1
1,NewOrder,1772287718.776715,17065,14,1
2,Payment,1772287718.778138,8402,17,1
2,Payment,1772287718.778259,11819,4,1
1,NewOrder,1772287718.778689,11522,16,1
1,NewOrder,1772287718.779207,40829,8,1
2,Payment,1772287718.779274,3986,3,1
1,NewOrder,1772287718.779317,46670,7,1
1,NewOrder,1772287718.779411,41168,13,1
2,Payment,1772287718.779463,8096,1,1
1,NewOrder,1772287718.779859,37962,15,1
3,OrderStatus,1772287718.780331,3203,2,1
1,NewOrder,1772287718.781486,13067,21,1
2,Payment,1772287718.783263,9703,3,1
2,Payment,1772287718.783545,11760,2,1
2,Payment,1772287718.786050,12796,9,1
1,NewOrder,1772287718.786522,41724,11,1
2,Payment,1772287718.786544,12931,17,1
1,NewOrder,1772287718.786571,36657,18,1
1,NewOrder,1772287718.786607,26117,10,1
1,NewOrder,1772287718.786994,30790,12,1
1,NewOrder,1772287718.787563,37956,1,1
2,Payment,1772287718.789511,3906,22,1
1,NewOrder,1772287718.790088,12790,4,1
1,NewOrder,1772287718.790218,27582,16,1
1,NewOrder,1772287718.790451,36748,23,1
3,OrderStatus,1772287718.790508,10490,19,1
4,Delivery,1772287718.790891,19338,0,1
1,NewOrder,1772287718.792970,40223,3,1
1,NewOrder,1772287718.793368,33298,20,1
2,Payment,1772287718.793422,9433,22,1
2,Payment,1772287718.793762,3792,5,1
1,NewOrder,1772287718.793785,32176,14,1
1,NewOrder,1772287718.794556,5320,21,1
5,StockLevel,1772287718.794607,24714,6,1
1,NewOrder,1772287718.795309,7130,2,1
5,StockLevel,1772287718.797564,3591,5,1
1,NewOrder,1772287718.798856,34130,9,1
1,NewOrder,1772287718.799479,38413,17,1
2,Payment,1772287718.799887,4422,21,1
2,Payment,1772287718.801004,7317,19,1
5,StockLevel,1772287718.801163,1457,5,1
2,Payment,1772287718.802442,2322,2,1
2,Payment,1772287718.802624,5341,5,1
1,NewOrder,1772287718.802858,31186,22,1
2,Payment,1772287718.802885,7728,4,1
3,OrderStatus,1772287718.804315,1092,21,1
1,NewOrder,1772287718.804768,16268,2,1
5,StockLevel,1772287718.805413,2275,21,1
1,NewOrder,1772287718.807693,6959,21,1
2,Payment,1772287718.807970,5983,5,1
1,NewOrder,1772287718.808326,18940,19,1
1,NewOrder,1772287718.810234,32330,0,1
5,StockLevel,1772287718.810623,3204,4,1
2,Payment,1772287718.812734,7865,10,1
1,NewOrder,1772287718.813838,19165,4,1
1,NewOrder,1772287718.813958,21819,5,1
2,Payment,1772287718.814656,1264,21,1
2,Payment,1772287718.815924,1455,21,1
2,Payment,1772287718.817382,3194,21,1
1,NewOrder,1772287718.817795,13613,12,1
2,Payment,1772287718.817807,3806,16,1
1,NewOrder,1772287718.817827,15193,15,1
1,NewOrder,1772287718.819328,24956,6,1
1,NewOrder,1772287718.820042,19177,8,1
4,Delivery,1772287718.820580,14488,21,1
2,Payment,1772287718.820589,5488,13,1
5,StockLevel,1772287718.820605,17878,10,1
2,Payment,1772287718.821046,5054,2,1
1,NewOrder,1772287718.821623,19635,16,1
2,Payment,1772287718.823234,9780,18,1
1,NewOrder,1772287718.825524,18293,1,1
2,Payment,1772287718.825970,8105,14,1
2,Payment,1772287718.825995,6619,7,1
1,NewOrder,1772287718.826082,31374,13,1
1,NewOrder,1772287718.826104,30370,2,1
1,NewOrder,1772287718.826675,19905,20,1
2,Payment,1772287718.827204,9339,23,1
5,StockLevel,1772287718.827273,12171,19,1
4,Delivery,1772287718.828256,28739,11,1
2,Payment,1772287718.831419,6980,12,1
2,Payment,1772287718.832623,7008,7,1
2,Payment,1772287718.832992,11301,9,1
4,Delivery,1772287718.833009,37485,4,1
2,Payment,1772287718.833019,7188,18,1
1,NewOrder,1772287718.833025,36881,15,1
5,StockLevel,1772287718.833198,9909,3,1
1,NewOrder,1772287718.834049,31951,22,1
1,NewOrder,1772287718.834083,20343,14,1
2,Payment,1772287718.835071,9772,21,1
1,NewOrder,1772287718.835783,24277,5,1
2,Payment,1772287718.836545,13741,23,1
2,Payment,1772287718.837902,6410,17,1
1,NewOrder,1772287718.838407,29797,12,1
4,Delivery,1772287718.838488,18846,10,1
2,Payment,1772287718.839224,10546,8,1
1,NewOrder,1772287718.839451,27994,19,1
1,NewOrder,1772287718.839634,7895,7,1
2,Payment,1772287718.840213,15215,18,1
1,NewOrder,1772287718.841264,31962,16,1
1,NewOrder,1772287718.842568,24733,0,1
1,NewOrder,1772287718.843118,7138,3,1
4,Delivery,1772287718.843821,26939,1,1
2,Payment,1772287718.844293,9098,6,1
1,NewOrder,1772287718.844302,19404,9,1
1,NewOrder,1772287718.844316,18972,17,1
2,Payment,1772287718.844850,12503,21,1
1,NewOrder,1772287718.846589,5250,20,1
2,Payment,1772287718.847535,7374,7,1
2,Payment,1772287718.849775,7275,8,1
3,OrderStatus,1772287718.850261,1803,3,1
2,Payment,1772287718.850292,12532,23,1
5,StockLevel,1772287718.851846,5029,20,1
1,NewOrder,1772287718.852071,14732,3,1
2,Payment,1772287718.853402,9960,6,1
2,Payment,1772287718.854431,7093,14,1
2,Payment,1772287718.854914,10005,7,1
2,Payment,1772287718.855437,13097,18,1
2,Payment,1772287718.856478,8031,2,1
4,Delivery,1772287718.856885,14027,20,1
2,Payment,1772287718.857000,9849,11,1
2,Payment,1772287718.857057,17400,8,1
2,Payment,1772287718.857341,23368,10,1
3,OrderStatus,1772287718.857357,3598,21,1
5,StockLevel,1772287718.857461,14655,13,1
2,Payment,1772287718.860065,7630,5,1
1,NewOrder,1772287718.860960,12290,21,1
2,Payment,1772287718.861529,4882,14,1
2,Payment,1772287718.862827,12305,23,1
1,NewOrder,1772287718.863298,9519,17,1
2,Payment,1772287718.863373,19507,6,1
4,Delivery,1772287718.863711,32572,9,1
2,Payment,1772287718.864519,6079,2,1
2,Payment,1772287718.864927,19847,7,1
2,Payment,1772287718.866007,11083,22,1
2,Payment,1772287718.866421,5350,14,1
3,OrderStatus,1772287718.866808,7500,3,1
2,Payment,1772287718.866856,19432,11,1
2,Payment,1772287718.867307,14711,0,1
4,Delivery,1772287718.867455,3958,19,1
2,Payment,1772287718.867698,10197,5,1
2,Payment,1772287718.868215,7002,12,1
1,NewOrder,1772287718.868538,29698,18,1
1,NewOrder,1772287718.869911,6249,15,1
2,Payment,1772287718.870499,22258,4,1
2,Payment,1772287718.870604,16040,2,1
2,Payment,1772287718.870768,13204,1,1
1,NewOrder,1772287718.870917,27675,20,1
1,NewOrder,1772287718.871422,25188,19,1
1,NewOrder,1772287718.871775,26867,14,1
1,NewOrder,1772287718.872118,6714,13,1
1,NewOrder,1772287718.872823,12757,17,1
1,NewOrder,1772287718.873230,25754,16,1
1,NewOrder,1772287718.873255,24350,21,1
1,NewOrder,1772287718.874312,21973,3,1
2,Payment,1772287718.874460,17584,8,1
4,Delivery,1772287718.875141,42728,23,1
1,NewOrder,1772287718.875228,12459,12,1
1,NewOrder,1772287718.876165,7396,15,1
1,NewOrder,1772287718.877101,21512,22,1
2,Payment,1772287718.877901,19535,5,1
1,NewOrder,1772287718.878839,16255,13,1
2,Payment,1772287718.880717,15244,10,1
2,Payment,1772287718.882028,20720,0,1
2,Payment,1772287718.882887,19356,6,1
2,Payment,1772287718.883565,2353,15,1
1,NewOrder,1772287718.883982,22533,1,1
2,Payment,1772287718.884783,20331,7,1
1,NewOrder,1772287718.885586,13984,17,1
1,NewOrder,1772287718.885923,26193,15,1
3,OrderStatus,1772287718.886293,2751,11,1
1,NewOrder,1772287718.886649,28502,2,1
5,StockLevel,1772287718.887697,25640,12,1
1,NewOrder,1772287718.889048,27472,11,1
1,NewOrder,1772287718.892049,20490,8,1
2,Payment,1772287718.892764,14255,4,1
1,NewOrder,1772287718.895104,23914,13,1
1,NewOrder,1772287718.895973,30942,10,1
3,OrderStatus,1772287718.896290,8734,9,1
1,NewOrder,1772287718.896297,27307,3,1
2,Payment,1772287718.896617,8924,19,1
2,Payment,1772287718.897442,15075,5,1
2,Payment,1772287718.897610,9988,21,1
1,NewOrder,1772287718.898247,19580,18,1
1,NewOrder,1772287718.898597,19270,20,1
2,Payment,1772287718.898619,11732,22,1
4,Delivery,1772287718.898646,18670,14,1
2,Payment,1772287718.898987,3722,16,1
1,NewOrder,1772287718.899575,21969,17,1
1,NewOrder,1772287718.902252,16792,6,1
1,NewOrder,1772287718.902714,14559,16,1
1,NewOrder,1772287718.902755,15821,0,1
2,Payment,1772287718.905030,7534,9,1
3,OrderStatus,1772287718.905124,6736,7,1
2,Payment,1772287718.905548,7669,19,1
2,Payment,1772287718.906520,9244,1,1
2,Payment,1772287718.907023,12640,4,1
3,OrderStatus,1772287718.907602,3740,21,1
1,NewOrder,1772287718.910358,16172,22,1
1,NewOrder,1772287718.911349,19532,21,1
1,NewOrder,1772287718.911865,15024,7,1
2,Payment,1772287718.912119,6956,15,1
2,Payment,1772287718.912522,12059,5,1
1,NewOrder,1772287718.912544,29361,8,1
2,Payment,1772287718.912569,6081,9,1
1,NewOrder,1772287718.913223,14911,19,1
1,NewOrder,1772287718.913348,15417,12,1
2,Payment,1772287718.915156,18695,2,1
4,Delivery,1772287718.915769,13173,1,1
1,NewOrder,1772287718.916524,12046,11,1
2,Payment,1772287718.917278,12021,16,1
3,OrderStatus,1772287718.917322,5107,14,1
2,Payment,1772287718.917836,10799,18,1
1,NewOrder,1772287718.917876,20763,23,1
2,Payment,1772287718.917879,6715,20,1
1,NewOrder,1772287718.918581,26489,0,1
2,Payment,1772287718.918660,12535,9,1
1,NewOrder,1772287718.919022,29538,13,1
2,Payment,1772287718.919052,15158,6,1
5,StockLevel,1772287718.919079,25593,15,1
1,NewOrder,1772287718.919667,10727,4,1
1,NewOrder,1772287718.921555,11420,17,1
1,NewOrder,1772287718.922439,19793,14,1
2,Payment,1772287718.923614,14463,3,1
2,Payment,1772287718.924591,15758,5,1
2,Payment,1772287718.924604,9642,20,1
1,NewOrder,1772287718.926535,23954,22,1
2,Payment,1772287718.926894,11721,7,1
1,NewOrder,1772287718.926922,15710,10,1
2,Payment,1772287718.928140,14407,19,1
1,NewOrder,1772287718.928577,21889,11,1
3,OrderStatus,1772287718.928640,3930,18,1
2,Payment,1772287718.928770,3074,12,1
2,Payment,1772287718.928949,12893,1,1
2,Payment,1772287718.929309,6408,16,1
1,NewOrder,1772287718.930398,20814,4,1
1,NewOrder,1772287718.930888,16693,21,1
2,Payment,1772287718.931200,11257,9,1
1,NewOrder,1772287718.931854,16313,12,1
1,NewOrder,1772287718.932576,16003,18,1
1,NewOrder,1772287718.932979,8430,17,1
5,StockLevel,1772287718.933856,14824,2,1
1,NewOrder,1772287718.934217,21941,6,1
2,Payment,1772287718.934256,15857,20,1
1,NewOrder,1772287718.935722,28803,16,1
1,NewOrder,1772287718.938087,11601,3,1
2,Payment,1772287718.938621,9614,7,1
1,NewOrder,1772287718.938643,26811,23,1
1,NewOrder,1772287718.940356,10412,5,1
1,NewOrder,1772287718.941416,23882,17,1
2,Payment,1772287718.941845,8987,1,1
1,NewOrder,1772287718.941911,27266,8,1
5,StockLevel,1772287718.942238,25837,14,1
2,Payment,1772287718.942464,13668,9,1
1,NewOrder,1772287718.942552,22139,19,1
2,Payment,1772287718.942639,11710,10,1
3,OrderStatus,1772287718.944683,3149,15,1
2,Payment,1772287718.945081,10546,0,1
2,Payment,1772287718.947587,10629,21,1
2,Payment,1772287718.947841,2673,15,1
3,OrderStatus,1772287718.948171,4206,12,1
2,Payment,1772287718.948245,10712,7,1
1,NewOrder,1772287718.948565,17205,13,1
1,NewOrder,1772287718.948585,17467,18,1
1,NewOrder,1772287718.948684,4133,2,1
2,Payment,1772287718.949696,7826,3,1
2,Payment,1772287718.950124,14514,20,1
1,NewOrder,1772287718.950470,15824,11,1
2,Payment,1772287718.950495,10403,22,1
1,NewOrder,1772287718.950520,14876,15,1
1,NewOrder,1772287718.950772,4879,5,1
2,Payment,1772287718.950836,10162,1,1
2,Payment,1772287718.951217,13402,4,1
1,NewOrder,1772287718.952381,17265,12,1
2,Payment,1772287718.952823,18371,2,1
1,NewOrder,1772287718.954359,9570,10,1
2,Payment,1772287718.955633,25561,0,1
2,Payment,1772287718.955655,13068,5,1
1,NewOrder,1772287718.956139,13360,9,1
2,Payment,1772287718.956164,4372,6,1
1,NewOrder,1772287718.957528,12070,3,1
1,NewOrder,1772287718.958219,11693,21,1
2,Payment,1772287718.958964,5700,7,1
1,NewOrder,1772287718.960544,27063,6,1
1,NewOrder,1772287718.960905,30573,22,1
2,Payment,1772287718.961007,12952,1,1
2,Payment,1772287718.963936,11413,10,1
2,Payment,1772287718.964531,10698,16,1
2,Payment,1772287718.964626,11500,4,1
1,NewOrder,1772287718.964645,36352,20,1
3,OrderStatus,1772287718.964669,7773,7,1
2,Payment,1772287718.964696,10149,19,1
1,NewOrder,1772287718.965304,30059,17,1
2,Payment,1772287718.965403,20024,15,1
1,NewOrder,1772287718.965460,22688,23,1
1,NewOrder,1772287718.965774,34642,13,1
1,NewOrder,1772287718.966057,26014,18,1
1,NewOrder,1772287718.966299,30677,11,1
3,OrderStatus,1772287718.968079,1684,14,1
1,NewOrder,1772287718.968728,25537,5,1
1,NewOrder,1772287718.969182,25647,8,1
2,Payment,1772287718.969509,8978,9,1
2,Payment,1772287718.969604,9711,3,1
2,Payment,1772287718.969653,20450,12,1
5,StockLevel,1772287718.969770,1271,14,1
1,NewOrder,1772287718.969919,20046,21,1
1,NewOrder,1772287718.971046,9231,14,1
5,StockLevel,1772287718.971203,2279,2,1
2,Payment,1772287718.972446,9164,7,1
1,NewOrder,1772287718.973486,10642,2,1
3,OrderStatus,1772287718.973964,1468,1,1
2,Payment,1772287718.974856,10486,19,1
1,NewOrder,1772287718.975236,23608,16,1
2,Payment,1772287718.975355,10298,10,1
1,NewOrder,1772287718.975440,13601,1,1
1,NewOrder,1772287718.976133,12514,4,1
1,NewOrder,1772287718.978494,28570,9,1
2,Payment,1772287718.979322,5615,3,1
2,Payment,1772287718.980283,12611,14,1
2,Payment,1772287718.981201,8411,0,1
1,NewOrder,1772287718.981615,18730,7,1
2,Payment,1772287718.984134,8227,2,1
1,NewOrder,1772287718.984942,23292,3,1
2,Payment,1772287718.985347,7109,19,1
4,Delivery,1772287718.985438,35800,15,1
5,StockLevel,1772287718.985660,19542,10,1
1,NewOrder,1772287718.987610,25169,6,1
4,Delivery,1772287718.988153,33171,23,1
1,NewOrder,1772287718.988650,19039,4,1
2,Payment,1772287718.989045,6815,1,1
1,NewOrder,1772287718.989615,25216,0,1
1,NewOrder,1772287718.989971,15459,21,1
2,Payment,1772287718.990117,5818,12,1
2,Payment,1772287718.991485,8039,22,1
1,NewOrder,1772287718.992078,18725,18,1
1,NewOrder,1772287718.992366,28012,2,1
2,Payment,1772287718.992467,10886,19,1
1,NewOrder,1772287718.992898,30099,14,1
2,Payment,1772287718.994271,8118,5,1
2,Payment,1772287718.994834,4651,8,1
1,NewOrder,1772287718.995367,15399,17,1
2,Payment,1772287718.995865,10111,1,1
1,NewOrder,1772287718.995942,21596,12,1
1,NewOrder,1772287718.996980,15135,11,1
1,NewOrder,1772287718.998848,18000,16,1
5,StockLevel,1772287718.999490,9350,8,1
2,Payment,1772287718.999529,14569,22,1
2,Payment,1772287719.000349,8492,7,1
2,Payment,1772287719.000422,10221,13,1
2,Payment,1772287719.001001,22361,20,1
2,Payment,1772287719.002394,12464,5,1
1,NewOrder,1772287719.003360,25895,19,1
4,Delivery,1772287719.005207,37910,10,1
2,Payment,1772287719.005438,20202,21,1
2,Payment,1772287719.005981,10835,1,1
2,Payment,1772287719.007070,8853,9,1
1,NewOrder,1772287719.007699,25446,4,1
1,NewOrder,1772287719.008240,15137,3,1
1,NewOrder,1772287719.008847,18533,7,1
4,Delivery,1772287719.008851,34848,8,1
1,NewOrder,1772287719.010649,32887,13,1
2,Payment,1772287719.010771,10448,17,1
1,NewOrder,1772287719.010807,30703,18,1
1,NewOrder,1772287719.012121,13118,11,1
1,NewOrder,1772287719.012790,12122,6,1
1,NewOrder,1772287719.014103,53061,22,1
1,NewOrder,1772287719.014842,25510,0,1
2,Payment,1772287719.014861,12039,5,1
1,NewOrder,1772287719.015928,37285,9,1
2,Payment,1772287719.016823,12466,1,1
2,Payment,1772287719.016855,6746,16,1
1,NewOrder,1772287719.017546,22836,12,1
2,Payment,1772287719.020394,14867,2,1
1,NewOrder,1772287719.021225,46569,17,1
5,StockLevel,1772287719.021248,10474,15,1
1,NewOrder,1772287719.021329,11106,23,1
1,NewOrder,1772287719.023007,15665,14,1
2,Payment,1772287719.023368,7521,20,1
1,NewOrder,1772287719.023388,21799,3,1
2,Payment,1772287719.023611,1671,16,1
1,NewOrder,1772287719.024922,12867,6,1
2,Payment,1772287719.025249,3676,11,1
4,Delivery,1772287719.025289,36146,16,1
2,Payment,1772287719.025653,7399,21,1
2,Payment,1772287719.026918,11227,5,1
4,Delivery,1772287719.027383,16175,7,1
1,NewOrder,1772287719.028936,29405,11,1
2,Payment,1772287719.029262,6574,19,1
5,StockLevel,1772287719.029295,19336,1,1
1,NewOrder,1772287719.030897,22272,20,1
1,NewOrder,1772287719.031732,23692,15,1
2,Payment,1772287719.032445,7537,23,1
1,NewOrder,1772287719.033057,16182,21,1
1,NewOrder,1772287719.033155,16904,4,1
1,NewOrder,1772287719.035267,26118,2,1
4,Delivery,1772287719.035842,16598,19,1
1,NewOrder,1772287719.037799,23964,6,1
1,NewOrder,1772287719.038155,31490,5,1
1,NewOrder,1772287719.038696,31545,14,1
1,NewOrder,1772287719.039992,16249,23,1
1,NewOrder,1772287719.040359,22219,0,1
3,OrderStatus,1772287719.040393,2033,12,1
2,Payment,1772287719.041516,13800,18,1
2,Payment,1772287719.042436,7603,12,1
1,NewOrder,1772287719.043133,27581,10,1
2,Payment,1772287719.043546,21541,13,1
1,NewOrder,1772287719.043566,26788,7,1
5,StockLevel,1772287719.043706,20028,8,1
2,Payment,1772287719.045207,11847,3,1
1,NewOrder,1772287719.048656,13629,1,1
2,Payment,1772287719.049263,11366,21,1
1,NewOrder,1772287719.050050,30256,12,1
1,NewOrder,1772287719.050065,20685,4,1
1,NewOrder,1772287719.052451,9613,19,1
2,Payment,1772287719.053181,14700,20,1
5,StockLevel,1772287719.053223,25118,9,1
1,NewOrder,1772287719.055332,38912,18,1
2,Payment,1772287719.055453,12364,15,1
2,Payment,1772287719.056247,14478,23,1
3,OrderStatus,1772287719.057069,11247,3,1
2,Payment,1772287719.058346,3317,11,1
1,NewOrder,1772287719.060639,22787,21,1
2,Payment,1772287719.061396,6446,2,1
1,NewOrder,1772287719.061446,8160,16,1
2,Payment,1772287719.061668,3870,11,1
1,NewOrder,1772287719.061773,10636,6,1
1,NewOrder,1772287719.062088,3475,19,1
2,Payment,1772287719.062298,8030,1,1
1,NewOrder,1772287719.062602,15925,0,1
1,NewOrder,1772287719.063741,24973,8,1
1,NewOrder,1772287719.065111,25456,13,1
1,NewOrder,1772287719.065543,30971,11,1
3,OrderStatus,1772287719.065569,1246,19,1
1,NewOrder,1772287719.066820,6849,19,1
1,NewOrder,1772287719.067174,28969,22,1
2,Payment,1772287719.067805,9621,17,1
2,Payment,1772287719.067833,6507,15,1
1,NewOrder,1772287719.067856,22034,2,1
1,NewOrder,1772287719.067906,26919,20,1
2,Payment,1772287719.068323,6659,3,1
2,Payment,1772287719.069615,16942,16,1
2,Payment,1772287719.069649,11395,5,1
1,NewOrder,1772287719.070247,35721,14,1
2,Payment,1772287719.070338,6044,1,1
1,NewOrder,1772287719.070365,32412,7,1
2,Payment,1772287719.070723,6775,10,1
2,Payment,1772287719.070730,4082,23,1
1,NewOrder,1772287719.070756,33384,4,1
1,NewOrder,1772287719.072419,33077,6,1
2,Payment,1772287719.073674,4830,19,1
2,Payment,1772287719.074350,7021,15,1
1,NewOrder,1772287719.074824,24561,23,1
2,Payment,1772287719.075005,10783,3,1
2,Payment,1772287719.076389,13079,1,1
1,NewOrder,1772287719.077441,22811,17,1
3,OrderStatus,1772287719.077514,5376,10,1
1,NewOrder,1772287719.078345,31042,9,1
2,Payment,1772287719.078510,5399,19,1
5,StockLevel,1772287719.078532,20184,0,1
1,NewOrder,1772287719.080329,18688,12,1
2,Payment,1772287719.081051,14428,5,1
1,NewOrder,1772287719.081376,16793,15,1
1,NewOrder,1772287719.082911,19121,10,1
1,NewOrder,1772287719.083432,17307,21,1
1,NewOrder,1772287719.083919,22113,19,1
1,NewOrder,1772287719.085810,24547,3,1
2,Payment,1772287719.086581,7603,16,1
2,Payment,1772287719.088727,4916,8,1
1,NewOrder,1772287719.089479,17971,1,1
1,NewOrder,1772287719.093648,21603,8,1
3,OrderStatus,1772287719.094193,7898,16,1
3,OrderStatus,1772287719.094255,2185,18,1
2,Payment,1772287719.094850,4591,20,1
1,NewOrder,1772287719.095489,19412,5,1
2,Payment,1772287719.096149,6687,22,1
2,Payment,1772287719.096443,9507,18,1
2,Payment,1772287719.096525,7057,11,1
2,Payment,1772287719.098179,5160,15,1
2,Payment,1772287719.098733,6077,0,1
2,Payment,1772287719.100257,6844,17,1
2,Payment,1772287719.102787,8906,7,1
2,Payment,1772287719.103344,12821,15,1
1,NewOrder,1772287719.104151,10055,4,1
1,NewOrder,1772287719.106039,10157,19,1
2,Payment,1772287719.107466,8173,1,1
