Transaction Type Index,Transaction Name,Start Time (microseconds),Latency (microseconds),Worker Id (start number),Phase Id (index in config file)
2,Payment,1771743302.325226,87341,4,1
1,NewOrder,1771743302.329643,132599,5,1
2,Payment,1771743302.334695,87306,1,1
1,NewOrder,1771743302.339782,122866,0,1
1,NewOrder,1771743302.370800,48741,2,1
2,Payment,1771743302.370825,69302,9,1
2,Payment,1771743302.370867,33741,8,1
1,NewOrder,1771743302.370887,80126,7,1
1,NewOrder,1771743302.370905,92186,6,1
2,Payment,1771743302.370920,61713,3,1
2,Payment,1771743302.374686,19696,11,1
2,Payment,1771743302.379697,34129,12,1
5,StockLevel,1771743302.384716,41993,15,1
2,Payment,1771743302.389682,39779,10,1
2,Payment,1771743302.394751,45328,14,1
1,NewOrder,1771743302.399655,63086,13,1
1,NewOrder,1771743302.404748,58147,18,1
1,NewOrder,1771743302.409654,51153,16,1
1,NewOrder,1771743302.414737,48493,17,1
2,Payment,1771743302.419719,14487,19,1
2,Payment,1771743302.424667,19962,20,1
1,NewOrder,1771743302.429631,32993,21,1
2,Payment,1771743302.434677,14113,22,1
2,Payment,1771743302.439612,6179,11,1
2,Payment,1771743302.444612,4359,8,1
2,Payment,1771743302.449653,5019,4,1
2,Payment,1771743302.454640,5236,12,1
2,Payment,1771743302.459643,7865,2,1
1,NewOrder,1771743302.464804,14008,1,1
1,NewOrder,1771743302.469673,14634,15,1
1,NewOrder,1771743302.474774,19575,10,1
1,NewOrder,1771743302.479769,18779,3,1
1,NewOrder,1771743302.484794,18669,19,1
2,Payment,1771743302.489632,5421,23,1
2,Payment,1771743302.494674,5052,14,1
1,NewOrder,1771743302.499786,19003,9,1
4,Delivery,1771743302.504762,20843,20,1
1,NewOrder,1771743302.509603,9247,11,1
1,NewOrder,1771743302.514662,15359,22,1
2,Payment,1771743302.519706,4089,8,1
2,Payment,1771743302.524724,3744,7,1
1,NewOrder,1771743302.529652,10968,4,1
1,NewOrder,1771743302.534769,17892,12,1
2,Payment,1771743302.539769,5694,16,1
1,NewOrder,1771743302.544707,8275,5,1
1,NewOrder,1771743302.549650,8169,0,1
2,Payment,1771743302.554702,4979,21,1
1,NewOrder,1771743302.559745,8506,21,1
2,Payment,1771743302.564782,7058,18,1
5,StockLevel,1771743302.569656,4240,6,1
2,Payment,1771743302.574691,5735,17,1
4,Delivery,1771743302.579777,19761,2,1
1,NewOrder,1771743302.584705,14433,1,1
1,NewOrder,1771743302.589676,11481,15,1
2,Payment,1771743302.594678,4816,10,1
2,Payment,1771743302.599705,4977,23,1
1,NewOrder,1771743302.604725,6050,23,1
2,Payment,1771743302.609696,2386,14,1
1,NewOrder,1771743302.614765,6768,19,1
2,Payment,1771743302.619770,3890,9,1
2,Payment,1771743302.624708,6115,11,1
2,Payment,1771743302.629772,4452,8,1
4,Delivery,1771743302.634767,11775,20,1
2,Payment,1771743302.639772,3791,7,1
2,Payment,1771743302.644898,6165,22,1
2,Payment,1771743302.649684,5432,4,1
2,Payment,1771743302.654770,4807,16,1
3,OrderStatus,1771743302.659777,7447,12,1
2,Payment,1771743302.664766,4224,5,1
2,Payment,1771743302.669751,6122,0,1
2,Payment,1771743302.674782,6369,13,1
4,Delivery,1771743302.679771,16577,21,1
3,OrderStatus,1771743302.684779,3630,18,1
2,Payment,1771743302.689714,6903,6,1
2,Payment,1771743302.694779,5106,17,1
1,NewOrder,1771743302.699783,6625,1,1
1,NewOrder,1771743302.704775,10450,10,1
1,NewOrder,1771743302.709728,13525,2,1
1,NewOrder,1771743302.714775,9060,15,1
5,StockLevel,1771743302.719780,4547,3,1
2,Payment,1771743302.724773,3870,23,1
1,NewOrder,1771743302.729733,16625,14,1
2,Payment,1771743302.734793,6794,19,1
2,Payment,1771743302.739770,6539,9,1
2,Payment,1771743302.744714,4491,11,1
1,NewOrder,1771743302.749726,15824,8,1
2,Payment,1771743302.754731,3277,7,1
1,NewOrder,1771743302.759775,10469,20,1
2,Payment,1771743302.764788,4408,22,1
2,Payment,1771743302.769682,3159,4,1
3,OrderStatus,1771743302.774749,3052,16,1
2,Payment,1771743302.779779,4072,12,1
2,Payment,1771743302.784779,5232,5,1
2,Payment,1771743302.789784,4576,0,1
2,Payment,1771743302.794806,4494,13,1
1,NewOrder,1771743302.799782,13592,18,1
1,NewOrder,1771743302.804777,12219,21,1
1,NewOrder,1771743302.809789,7773,6,1
1,NewOrder,1771743302.814726,6967,17,1
2,Payment,1771743302.819697,3943,1,1
5,StockLevel,1771743302.824739,4812,10,1
1,NewOrder,1771743302.829671,6340,2,1
1,NewOrder,1771743302.834783,8840,15,1
1,NewOrder,1771743302.839769,7157,3,1
2,Payment,1771743302.844768,3710,23,1
2,Payment,1771743302.849695,3110,19,1
5,StockLevel,1771743302.854732,3681,9,1
1,NewOrder,1771743302.859770,5688,14,1
2,Payment,1771743302.864775,5399,11,1
1,NewOrder,1771743302.869731,14272,7,1
1,NewOrder,1771743302.874794,6210,8,1
1,NewOrder,1771743302.879771,7727,22,1
2,Payment,1771743302.884776,3642,20,1
1,NewOrder,1771743302.889744,7629,4,1
2,Payment,1771743302.894776,3775,16,1
1,NewOrder,1771743302.899769,5484,12,1
4,Delivery,1771743302.904772,25399,5,1
2,Payment,1771743302.909727,3232,0,1
4,Delivery,1771743302.914740,7497,13,1
1,NewOrder,1771743302.919824,11523,18,1
1,NewOrder,1771743302.924864,10066,21,1
2,Payment,1771743302.929686,3575,6,1
1,NewOrder,1771743302.934702,6816,17,1
5,StockLevel,1771743302.939774,4083,1,1
1,NewOrder,1771743302.944759,7546,10,1
2,Payment,1771743302.949721,4710,2,1
2,Payment,1771743302.954981,3885,15,1
4,Delivery,1771743302.959782,13424,3,1
1,NewOrder,1771743302.964768,8793,23,1
2,Payment,1771743302.969698,3571,19,1
5,StockLevel,1771743302.974659,1895,9,1
1,NewOrder,1771743302.979786,5392,14,1
2,Payment,1771743302.984991,2766,11,1
2,Payment,1771743302.989694,4116,8,1
1,NewOrder,1771743302.994769,9536,7,1
2,Payment,1771743302.999768,3587,22,1
1,NewOrder,1771743303.004773,7861,20,1
1,NewOrder,1771743303.009724,7441,4,1
3,OrderStatus,1771743303.014778,4008,16,1
5,StockLevel,1771743303.019777,4378,12,1
2,Payment,1771743303.024782,3359,0,1
2,Payment,1771743303.029782,5141,13,1
2,Payment,1771743303.034799,3861,5,1
1,NewOrder,1771743303.039779,8530,18,1
1,NewOrder,1771743303.044779,8896,6,1
1,NewOrder,1771743303.049736,7942,21,1
1,NewOrder,1771743303.054778,10145,17,1
2,Payment,1771743303.059718,2852,1,1
2,Payment,1771743303.064786,3121,10,1
4,Delivery,1771743303.069782,12938,2,1
2,Payment,1771743303.074804,4726,15,1
1,NewOrder,1771743303.079793,6029,3,1
4,Delivery,1771743303.084785,8859,19,1
1,NewOrder,1771743303.089732,8761,23,1
1,NewOrder,1771743303.094702,6515,9,1
1,NewOrder,1771743303.099780,7920,14,1
1,NewOrder,1771743303.104773,5568,11,1
2,Payment,1771743303.109778,3714,8,1
1,NewOrder,1771743303.114800,5982,22,1
2,Payment,1771743303.119773,4657,7,1
2,Payment,1771743303.124779,3962,20,1
2,Payment,1771743303.129694,4051,4,1
2,Payment,1771743303.134785,4610,16,1
1,NewOrder,1771743303.139770,7382,12,1
1,NewOrder,1771743303.144774,7016,0,1
1,NewOrder,1771743303.149770,7065,13,1
1,NewOrder,1771743303.154793,7999,5,1
1,NewOrder,1771743303.159780,6869,18,1
5,StockLevel,1771743303.164782,1898,6,1
1,NewOrder,1771743303.169727,3638,21,1
2,Payment,1771743303.174788,3901,1,1
1,NewOrder,1771743303.179780,7885,17,1
2,Payment,1771743303.184777,3573,10,1
5,StockLevel,1771743303.189774,2721,15,1
2,Payment,1771743303.194806,3712,2,1
1,NewOrder,1771743303.199770,8936,3,1
2,Payment,1771743303.204775,4379,19,1
1,NewOrder,1771743303.209727,4419,23,1
5,StockLevel,1771743303.214794,3855,9,1
2,Payment,1771743303.219774,3242,14,1
1,NewOrder,1771743303.224763,7939,11,1
2,Payment,1771743303.229724,4411,8,1
2,Payment,1771743303.234773,4304,22,1
1,NewOrder,1771743303.239767,8521,7,1
2,Payment,1771743303.244772,3790,20,1
1,NewOrder,1771743303.249771,6042,4,1
2,Payment,1771743303.254792,4053,16,1
2,Payment,1771743303.259769,3550,12,1
3,OrderStatus,1771743303.264773,3015,0,1
2,Payment,1771743303.269772,4931,13,1
1,NewOrder,1771743303.274747,5988,13,1
2,Payment,1771743303.279780,3804,18,1
2,Payment,1771743303.284779,3694,6,1
3,OrderStatus,1771743303.289732,2822,21,1
2,Payment,1771743303.294776,3499,1,1
2,Payment,1771743303.299780,3727,17,1
2,Payment,1771743303.304768,3859,10,1
1,NewOrder,1771743303.309774,8404,15,1
2,Payment,1771743303.314800,4566,2,1
1,NewOrder,1771743303.319774,7606,3,1
1,NewOrder,1771743303.324791,8824,19,1
2,Payment,1771743303.329735,3407,23,1
1,NewOrder,1771743303.334766,4657,9,1
2,Payment,1771743303.339819,3671,14,1
2,Payment,1771743303.344866,2815,11,1
1,NewOrder,1771743303.349777,8881,8,1
1,NewOrder,1771743303.354796,10531,22,1
2,Payment,1771743303.359706,3280,7,1
2,Payment,1771743303.364783,2841,20,1
2,Payment,1771743303.369767,2460,4,1
1,NewOrder,1771743303.374780,7238,16,1
1,NewOrder,1771743303.379762,7316,12,1
3,OrderStatus,1771743303.384773,2329,0,1
4,Delivery,1771743303.389719,15584,5,1
2,Payment,1771743303.394769,3289,13,1
2,Payment,1771743303.399785,3020,18,1
1,NewOrder,1771743303.404766,8424,6,1
1,NewOrder,1771743303.409696,5471,21,1
4,Delivery,1771743303.414763,7371,1,1
2,Payment,1771743303.419769,3851,17,1
4,Delivery,1771743303.424768,17437,10,1
1,NewOrder,1771743303.429766,5106,15,1
2,Payment,1771743303.434768,3750,2,1
3,OrderStatus,1771743303.439700,1775,3,1
1,NewOrder,1771743303.444764,6831,23,1
5,StockLevel,1771743303.449771,5993,19,1
2,Payment,1771743303.454793,3826,9,1
1,NewOrder,1771743303.459813,6039,14,1
2,Payment,1771743303.464769,4999,11,1
1,NewOrder,1771743303.469722,4902,8,1
1,NewOrder,1771743303.474682,3830,8,1
1,NewOrder,1771743303.479772,4315,22,1
1,NewOrder,1771743303.484780,8897,20,1
1,NewOrder,1771743303.489777,7965,4,1
2,Payment,1771743303.494778,3210,16,1
2,Payment,1771743303.499770,3773,12,1
2,Payment,1771743303.504774,3016,0,1
1,NewOrder,1771743303.509777,6066,13,1
1,NewOrder,1771743303.514776,4385,18,1
2,Payment,1771743303.519779,3502,5,1
1,NewOrder,1771743303.524782,9016,6,1
2,Payment,1771743303.529733,2970,21,1
3,OrderStatus,1771743303.534771,2214,1,1
2,Payment,1771743303.539779,5987,17,1
1,NewOrder,1771743303.544775,4797,15,1
2,Payment,1771743303.549778,3533,2,1
2,Payment,1771743303.554778,5599,3,1
1,NewOrder,1771743303.559780,7504,10,1
1,NewOrder,1771743303.564774,4336,23,1
1,NewOrder,1771743303.569781,6207,19,1
1,NewOrder,1771743303.574706,10360,9,1
2,Payment,1771743303.579779,2737,14,1
2,Payment,1771743303.584831,2800,11,1
1,NewOrder,1771743303.589777,7688,7,1
1,NewOrder,1771743303.594857,6174,8,1
1,NewOrder,1771743303.599914,4683,22,1
5,StockLevel,1771743303.604685,3718,22,1
2,Payment,1771743303.609769,2963,4,1
1,NewOrder,1771743303.614771,6716,16,1
1,NewOrder,1771743303.619795,6718,12,1
1,NewOrder,1771743303.624834,12787,0,1
2,Payment,1771743303.629742,3499,13,1
2,Payment,1771743303.634753,2916,18,1
2,Payment,1771743303.639756,2847,5,1
5,StockLevel,1771743303.644677,3470,21,1
1,NewOrder,1771743303.649660,5568,6,1
2,Payment,1771743303.654682,2610,1,1
1,NewOrder,1771743303.659757,7462,17,1
5,StockLevel,1771743303.664755,2810,15,1
2,Payment,1771743303.669715,2541,2,1
2,Payment,1771743303.674766,4301,3,1
1,NewOrder,1771743303.679763,6256,10,1
1,NewOrder,1771743303.684751,6651,23,1
1,NewOrder,1771743303.689758,5760,19,1
1,NewOrder,1771743303.694757,8493,14,1
1,NewOrder,1771743303.699754,6884,9,1
1,NewOrder,1771743303.704762,7651,11,1
2,Payment,1771743303.709721,3287,7,1
1,NewOrder,1771743303.714755,4167,8,1
5,StockLevel,1771743303.719756,3679,20,1
1,NewOrder,1771743303.724753,6843,22,1
2,Payment,1771743303.729658,2750,4,1
1,NewOrder,1771743303.734698,4535,16,1
2,Payment,1771743303.739752,3353,12,1
2,Payment,1771743303.744751,3827,13,1
1,NewOrder,1771743303.749625,6002,0,1
2,Payment,1771743303.754722,3417,18,1
1,NewOrder,1771743303.759754,10840,5,1
1,NewOrder,1771743303.764778,6115,21,1
2,Payment,1771743303.769687,3391,6,1
2,Payment,1771743303.774708,2091,1,1
1,NewOrder,1771743303.779685,7285,17,1
1,NewOrder,1771743303.784753,4153,15,1
2,Payment,1771743303.789709,2916,2,1
5,StockLevel,1771743303.794769,3003,3,1
5,StockLevel,1771743303.799765,5787,10,1
1,NewOrder,1771743303.804758,7283,23,1
1,NewOrder,1771743303.809754,7771,19,1
1,NewOrder,1771743303.814755,7507,14,1
2,Payment,1771743303.819750,3735,9,1
1,NewOrder,1771743303.824757,5599,11,1
2,Payment,1771743303.829757,4002,7,1
4,Delivery,1771743303.834758,11951,8,1
2,Payment,1771743303.839757,4541,20,1
1,NewOrder,1771743303.844766,7474,22,1
5,StockLevel,1771743303.849757,4878,4,1
1,NewOrder,1771743303.854673,8565,4,1
1,NewOrder,1771743303.859762,4710,12,1
5,StockLevel,1771743303.864758,3872,13,1
1,NewOrder,1771743303.869700,6846,0,1
1,NewOrder,1771743303.874782,3809,18,1
5,StockLevel,1771743303.879754,4580,5,1
4,Delivery,1771743303.884752,9100,21,1
4,Delivery,1771743303.889705,3667,6,1
2,Payment,1771743303.894774,2741,1,1
1,NewOrder,1771743303.899679,5567,17,1
2,Payment,1771743303.904754,2971,15,1
2,Payment,1771743303.909708,2860,2,1
1,NewOrder,1771743303.914766,7614,3,1
2,Payment,1771743303.919753,5440,10,1
2,Payment,1771743303.924666,5391,23,1
1,NewOrder,1771743303.929619,8091,19,1
2,Payment,1771743303.934631,3471,14,1
5,StockLevel,1771743303.939698,2505,9,1
2,Payment,1771743303.944682,3201,11,1
1,NewOrder,1771743303.949632,6807,7,1
2,Payment,1771743303.954714,3485,20,1
1,NewOrder,1771743303.959748,4851,8,1
2,Payment,1771743303.964751,3158,22,1
2,Payment,1771743303.969624,2496,16,1
2,Payment,1771743303.974750,2267,4,1
1,NewOrder,1771743303.979746,10631,12,1
1,NewOrder,1771743303.984743,4621,13,1
1,NewOrder,1771743303.989635,6708,0,1
2,Payment,1771743303.994751,3484,18,1
1,NewOrder,1771743303.999746,5405,5,1
1,NewOrder,1771743304.004749,4711,6,1
2,Payment,1771743304.009706,3859,21,1
1,NewOrder,1771743304.014745,5604,1,1
1,NewOrder,1771743304.019680,5914,17,1
4,Delivery,1771743304.024759,14947,15,1
2,Payment,1771743304.029663,4076,2,1
1,NewOrder,1771743304.034649,9447,3,1
2,Payment,1771743304.039682,2249,10,1
2,Payment,1771743304.044667,2695,23,1
1,NewOrder,1771743304.049670,5182,19,1
2,Payment,1771743304.054740,2647,14,1
2,Payment,1771743304.059749,2819,9,1
1,NewOrder,1771743304.064743,3297,11,1
1,NewOrder,1771743304.069670,6564,7,1
4,Delivery,1771743304.074757,5227,20,1
1,NewOrder,1771743304.079743,6503,8,1
2,Payment,1771743304.084743,2496,22,1
1,NewOrder,1771743304.089749,8574,16,1
2,Payment,1771743304.094748,3019,4,1
2,Payment,1771743304.099748,2493,13,1
2,Payment,1771743304.104748,2691,12,1
1,NewOrder,1771743304.109750,5966,0,1
1,NewOrder,1771743304.114792,6666,18,1
1,NewOrder,1771743304.119779,6565,5,1
1,NewOrder,1771743304.124822,7010,6,1
1,NewOrder,1771743304.129716,8840,21,1
1,NewOrder,1771743304.134739,12452,1,1
2,Payment,1771743304.139679,2824,17,1
1,NewOrder,1771743304.144741,4568,2,1
1,NewOrder,1771743304.149746,4403,15,1
4,Delivery,1771743304.154744,7961,10,1
1,NewOrder,1771743304.159747,8941,3,1
2,Payment,1771743304.164748,2126,23,1
1,NewOrder,1771743304.169672,4155,19,1
1,NewOrder,1771743304.174754,3884,14,1
1,NewOrder,1771743304.179746,4033,9,1
1,NewOrder,1771743304.184747,3675,11,1
1,NewOrder,1771743304.189745,7659,7,1
2,Payment,1771743304.194747,2294,20,1
2,Payment,1771743304.199739,2429,8,1
1,NewOrder,1771743304.204743,8407,22,1
3,OrderStatus,1771743304.209743,3008,4,1
1,NewOrder,1771743304.214745,7764,16,1
2,Payment,1771743304.219739,3353,13,1
2,Payment,1771743304.224745,2143,12,1
2,Payment,1771743304.229745,4207,0,1
2,Payment,1771743304.234784,2277,18,1
2,Payment,1771743304.239746,4953,5,1
2,Payment,1771743304.244730,2331,5,1
2,Payment,1771743304.249738,2370,21,1
2,Payment,1771743304.254747,2061,17,1
2,Payment,1771743304.259746,4787,1,1
2,Payment,1771743304.264737,2366,2,1
2,Payment,1771743304.269741,3167,15,1
1,NewOrder,1771743304.274739,5606,10,1
1,NewOrder,1771743304.279744,7003,23,1
5,StockLevel,1771743304.284739,2502,3,1
1,NewOrder,1771743304.289695,7093,19,1
2,Payment,1771743304.294738,2835,14,1
2,Payment,1771743304.299739,3248,9,1
4,Delivery,1771743304.304741,17693,11,1
4,Delivery,1771743304.309696,12564,20,1
1,NewOrder,1771743304.314767,7987,7,1
2,Payment,1771743304.319742,2751,8,1
1,NewOrder,1771743304.324735,3301,4,1
2,Payment,1771743304.329739,2486,22,1
1,NewOrder,1771743304.334741,3946,16,1
2,Payment,1771743304.339669,2229,13,1
2,Payment,1771743304.344740,2361,12,1
1,NewOrder,1771743304.349741,9077,0,1
1,NewOrder,1771743304.354738,5440,18,1
2,Payment,1771743304.359736,3366,6,1
1,NewOrder,1771743304.364740,4403,5,1
2,Payment,1771743304.369689,2834,21,1
1,NewOrder,1771743304.374740,5564,17,1
2,Payment,1771743304.379744,3915,1,1
1,NewOrder,1771743304.384735,4572,2,1
1,NewOrder,1771743304.389739,6328,15,1
1,NewOrder,1771743304.394736,5471,10,1
2,Payment,1771743304.399743,2962,23,1
1,NewOrder,1771743304.404738,5352,3,1
1,NewOrder,1771743304.409692,4905,19,1
1,NewOrder,1771743304.414740,6299,14,1
1,NewOrder,1771743304.419739,4757,9,1
5,StockLevel,1771743304.424736,3433,20,1
1,NewOrder,1771743304.429743,5846,11,1
1,NewOrder,1771743304.434737,4295,8,1
1,NewOrder,1771743304.439742,5186,7,1
1,NewOrder,1771743304.444741,5284,4,1
1,NewOrder,1771743304.449739,6152,22,1
2,Payment,1771743304.454741,3800,16,1
4,Delivery,1771743304.459737,5427,13,1
2,Payment,1771743304.464740,3061,12,1
3,OrderStatus,1771743304.469742,1840,0,1
2,Payment,1771743304.474748,2669,18,1
1,NewOrder,1771743304.479732,7483,6,1
1,NewOrder,1771743304.484739,9042,5,1
1,NewOrder,1771743304.489691,4631,21,1
2,Payment,1771743304.494755,2430,17,1
3,OrderStatus,1771743304.499745,1894,1,1
2,Payment,1771743304.504731,1847,2,1
2,Payment,1771743304.509736,2615,15,1
2,Payment,1771743304.514740,2053,10,1
1,NewOrder,1771743304.519742,4269,23,1
1,NewOrder,1771743304.524738,4712,3,1
2,Payment,1771743304.529694,2996,19,1
2,Payment,1771743304.534737,3998,14,1
2,Payment,1771743304.539740,3385,9,1
1,NewOrder,1771743304.544734,7952,20,1
2,Payment,1771743304.549735,3152,11,1
2,Payment,1771743304.554739,2416,8,1
4,Delivery,1771743304.559739,5806,7,1
1,NewOrder,1771743304.564738,7638,4,1
2,Payment,1771743304.569741,3482,22,1
4,Delivery,1771743304.574740,13658,16,1
2,Payment,1771743304.579732,3061,13,1
2,Payment,1771743304.584741,1910,12,1
3,OrderStatus,1771743304.589736,1736,0,1
2,Payment,1771743304.594694,2017,18,1
1,NewOrder,1771743304.599736,3738,6,1
2,Payment,1771743304.604739,2793,5,1
1,NewOrder,1771743304.609695,4924,21,1
2,Payment,1771743304.614648,2431,21,1
3,OrderStatus,1771743304.619742,1886,1,1
4,Delivery,1771743304.624731,7844,2,1
2,Payment,1771743304.629738,2347,15,1
2,Payment,1771743304.634740,3283,10,1
2,Payment,1771743304.639740,2267,23,1
2,Payment,1771743304.644738,2827,3,1
2,Payment,1771743304.649696,4025,19,1
2,Payment,1771743304.654730,2070,14,1
2,Payment,1771743304.659739,3692,9,1
1,NewOrder,1771743304.664735,6543,20,1
3,OrderStatus,1771743304.669738,2982,11,1
1,NewOrder,1771743304.674739,6800,8,1
4,Delivery,1771743304.679755,11246,7,1
1,NewOrder,1771743304.684738,6345,4,1
4,Delivery,1771743304.689751,16631,22,1
5,StockLevel,1771743304.694674,3318,13,1
1,NewOrder,1771743304.699740,5076,12,1
2,Payment,1771743304.704739,2246,16,1
3,OrderStatus,1771743304.709787,1731,0,1
2,Payment,1771743304.714754,2044,18,1
1,NewOrder,1771743304.719738,5212,6,1
2,Payment,1771743304.724741,2546,5,1
1,NewOrder,1771743304.729691,4382,17,1
1,NewOrder,1771743304.734737,8509,21,1
2,Payment,1771743304.739735,3222,1,1
1,NewOrder,1771743304.744738,4261,15,1
1,NewOrder,1771743304.749740,9306,2,1
1,NewOrder,1771743304.754736,5084,10,1
1,NewOrder,1771743304.759742,5458,23,1
1,NewOrder,1771743304.764747,6089,3,1
2,Payment,1771743304.769694,3667,19,1
2,Payment,1771743304.774734,1905,14,1
3,OrderStatus,1771743304.779739,2591,9,1
1,NewOrder,1771743304.784738,5338,20,1
2,Payment,1771743304.789741,2862,11,1
2,Payment,1771743304.794737,2179,8,1
2,Payment,1771743304.799741,3075,7,1
5,StockLevel,1771743304.804739,2271,4,1
2,Payment,1771743304.809738,2817,13,1
2,Payment,1771743304.814738,2207,12,1
1,NewOrder,1771743304.819741,5711,22,1
1,NewOrder,1771743304.824740,6218,16,1
1,NewOrder,1771743304.829746,7315,0,1
2,Payment,1771743304.834741,2525,18,1
5,StockLevel,1771743304.839740,2657,6,1
1,NewOrder,1771743304.844739,5661,5,1
2,Payment,1771743304.849741,2936,17,1
2,Payment,1771743304.854734,2361,1,1
1,NewOrder,1771743304.859765,4557,21,1
2,Payment,1771743304.864751,3272,15,1
2,Payment,1771743304.869737,2902,2,1
2,Payment,1771743304.874739,2333,10,1
2,Payment,1771743304.879743,2012,23,1
1,NewOrder,1771743304.884737,3420,3,1
2,Payment,1771743304.889693,3285,19,1
2,Payment,1771743304.894734,2532,14,1
2,Payment,1771743304.899741,2877,9,1
2,Payment,1771743304.904734,2458,20,1
1,NewOrder,1771743304.909741,9403,11,1
1,NewOrder,1771743304.914742,5947,8,1
2,Payment,1771743304.919739,2520,7,1
2,Payment,1771743304.924736,2531,4,1
1,NewOrder,1771743304.929741,5013,13,1
1,NewOrder,1771743304.934769,9471,12,1
1,NewOrder,1771743304.939742,3663,22,1
5,StockLevel,1771743304.944654,4360,16,1
2,Payment,1771743304.949652,2523,0,1
1,NewOrder,1771743304.954737,4616,18,1
1,NewOrder,1771743304.959736,4056,6,1
1,NewOrder,1771743304.964745,7590,5,1
2,Payment,1771743304.969600,3037,17,1
1,NewOrder,1771743304.974671,4574,1,1
1,NewOrder,1771743304.979740,4842,21,1
1,NewOrder,1771743304.984739,6179,15,1
2,Payment,1771743304.989738,3197,2,1
1,NewOrder,1771743304.994735,5280,10,1
1,NewOrder,1771743304.999746,5089,23,1
2,Payment,1771743305.004738,2886,3,1
1,NewOrder,1771743305.009695,9142,19,1
1,NewOrder,1771743305.014695,5460,14,1
2,Payment,1771743305.019742,2674,9,1
1,NewOrder,1771743305.024738,6512,20,1
5,StockLevel,1771743305.029694,3601,11,1
1,NewOrder,1771743305.034738,6702,8,1
1,NewOrder,1771743305.039756,5992,7,1
1,NewOrder,1771743305.044738,4000,4,1
5,StockLevel,1771743305.049739,3457,13,1
2,Payment,1771743305.054740,2613,22,1
2,Payment,1771743305.059747,3249,12,1
1,NewOrder,1771743305.064740,5247,16,1
1,NewOrder,1771743305.069698,4701,0,1
4,Delivery,1771743305.074738,5119,18,1
1,NewOrder,1771743305.079738,8948,6,1
2,Payment,1771743305.084737,3402,5,1
2,Payment,1771743305.089674,2145,17,1
2,Payment,1771743305.094667,1989,1,1
2,Payment,1771743305.099738,2819,21,1
1,NewOrder,1771743305.104739,3876,15,1
1,NewOrder,1771743305.109738,6765,2,1
1,NewOrder,1771743305.114737,4684,10,1
1,NewOrder,1771743305.119740,5168,23,1
2,Payment,1771743305.124746,3436,3,1
2,Payment,1771743305.129690,2499,19,1
1,NewOrder,1771743305.134733,5992,14,1
2,Payment,1771743305.139739,2158,9,1
1,NewOrder,1771743305.144736,6889,20,1
2,Payment,1771743305.149740,2915,11,1
4,Delivery,1771743305.154736,8580,8,1
4,Delivery,1771743305.159738,4248,7,1
1,NewOrder,1771743305.164735,4216,4,1
2,Payment,1771743305.169736,2470,13,1
2,Payment,1771743305.174644,2225,22,1
1,NewOrder,1771743305.179653,11290,12,1
1,NewOrder,1771743305.184657,4932,16,1
1,NewOrder,1771743305.189609,3848,16,1
2,Payment,1771743305.194736,2799,18,1
1,NewOrder,1771743305.199693,5760,5,1
1,NewOrder,1771743305.204740,3604,6,1
1,NewOrder,1771743305.209677,5726,17,1
2,Payment,1771743305.214670,2343,1,1
1,NewOrder,1771743305.219737,4738,21,1
1,NewOrder,1771743305.224759,6436,15,1
2,Payment,1771743305.229698,3091,2,1
2,Payment,1771743305.234737,2730,10,1
1,NewOrder,1771743305.239739,7154,23,1
2,Payment,1771743305.244738,2815,3,1
2,Payment,1771743305.249695,2555,19,1
2,Payment,1771743305.254732,3208,14,1
4,Delivery,1771743305.259738,21070,9,1
1,NewOrder,1771743305.264732,11029,20,1
2,Payment,1771743305.270596,5933,11,1
2,Payment,1771743305.274915,3742,8,1
1,NewOrder,1771743305.279788,6933,7,1
1,NewOrder,1771743305.284786,7644,4,1
1,NewOrder,1771743305.289745,5789,13,1
1,NewOrder,1771743305.294792,4130,22,1
2,Payment,1771743305.299800,2801,0,1
1,NewOrder,1771743305.304785,5630,12,1
1,NewOrder,1771743305.309789,6461,16,1
2,Payment,1771743305.314791,3078,18,1
1,NewOrder,1771743305.319782,7218,5,1
1,NewOrder,1771743305.324775,7686,6,1
2,Payment,1771743305.329751,2171,17,1
5,StockLevel,1771743305.334790,2302,1,1
1,NewOrder,1771743305.339775,7169,21,1
4,Delivery,1771743305.344780,12814,15,1
1,NewOrder,1771743305.349789,3930,2,1
1,NewOrder,1771743305.354780,7786,10,1
1,NewOrder,1771743305.359789,3745,23,1
2,Payment,1771743305.364780,3064,3,1
2,Payment,1771743305.369714,2063,19,1
2,Payment,1771743305.374795,2967,14,1
3,OrderStatus,1771743305.379666,2639,20,1
1,NewOrder,1771743305.384736,12892,11,1
2,Payment,1771743305.389692,2130,8,1
2,Payment,1771743305.394738,2096,9,1
1,NewOrder,1771743305.399737,7480,7,1
2,Payment,1771743305.404752,2603,4,1
2,Payment,1771743305.409739,2352,13,1
2,Payment,1771743305.414736,2466,22,1
1,NewOrder,1771743305.419738,5492,0,1
2,Payment,1771743305.424744,3389,12,1
2,Payment,1771743305.429740,3034,16,1
2,Payment,1771743305.434735,2289,18,1
2,Payment,1771743305.439743,2286,5,1
2,Payment,1771743305.444737,3178,17,1
2,Payment,1771743305.449741,4187,6,1
5,StockLevel,1771743305.454733,5364,1,1
1,NewOrder,1771743305.459749,7091,21,1
2,Payment,1771743305.464736,2531,2,1
2,Payment,1771743305.469734,2402,15,1
2,Payment,1771743305.474732,2594,10,1
1,NewOrder,1771743305.479738,6221,23,1
1,NewOrder,1771743305.484739,4877,3,1
1,NewOrder,1771743305.489754,8012,19,1
1,NewOrder,1771743305.494735,9528,14,1
1,NewOrder,1771743305.499736,4779,20,1
2,Payment,1771743305.504670,3083,8,1
1,NewOrder,1771743305.509694,5827,9,1
2,Payment,1771743305.514741,2796,11,1
3,OrderStatus,1771743305.519739,2299,7,1
1,NewOrder,1771743305.524735,5998,4,1
1,NewOrder,1771743305.529736,6608,13,1
2,Payment,1771743305.534743,2817,22,1
2,Payment,1771743305.539739,2881,0,1
1,NewOrder,1771743305.544739,9539,12,1
2,Payment,1771743305.549740,2722,16,1
1,NewOrder,1771743305.554740,5451,18,1
2,Payment,1771743305.559738,2662,5,1
1,NewOrder,1771743305.564741,5936,17,1
2,Payment,1771743305.569761,3243,6,1
1,NewOrder,1771743305.574734,5870,1,1
1,NewOrder,1771743305.579746,8889,21,1
1,NewOrder,1771743305.584735,8831,2,1
2,Payment,1771743305.589754,2550,15,1
1,NewOrder,1771743305.594734,4088,10,1
1,NewOrder,1771743305.599738,5893,23,1
1,NewOrder,1771743305.604736,7374,3,1
2,Payment,1771743305.609693,2755,19,1
1,NewOrder,1771743305.614731,6368,14,1
1,NewOrder,1771743305.619734,5366,20,1
1,NewOrder,1771743305.624669,5614,8,1
2,Payment,1771743305.629746,2229,9,1
2,Payment,1771743305.634758,2510,11,1
2,Payment,1771743305.639739,3323,7,1
1,NewOrder,1771743305.644743,7212,4,1
2,Payment,1771743305.649737,2867,13,1
1,NewOrder,1771743305.654740,7910,22,1
1,NewOrder,1771743305.659743,3213,0,1
1,NewOrder,1771743305.664739,5125,16,1
5,StockLevel,1771743305.669736,4691,12,1
1,NewOrder,1771743305.674739,8064,18,1
2,Payment,1771743305.679740,2113,5,1
1,NewOrder,1771743305.684749,5073,17,1
1,NewOrder,1771743305.689738,9351,6,1
5,StockLevel,1771743305.694668,3373,1,1
2,Payment,1771743305.699679,2723,21,1
2,Payment,1771743305.704736,2380,15,1
1,NewOrder,1771743305.709739,6689,2,1
1,NewOrder,1771743305.714741,7578,10,1
2,Payment,1771743305.719740,2184,23,1
1,NewOrder,1771743305.724738,6941,3,1
2,Payment,1771743305.729692,2712,19,1
3,OrderStatus,1771743305.734732,2433,14,1
1,NewOrder,1771743305.739734,5611,20,1
2,Payment,1771743305.744733,2697,8,1
2,Payment,1771743305.749739,2334,9,1
2,Payment,1771743305.754742,2379,11,1
5,StockLevel,1771743305.759740,6918,7,1
2,Payment,1771743305.764738,2753,4,1
1,NewOrder,1771743305.769694,5546,13,1
1,NewOrder,1771743305.774779,4793,22,1
1,NewOrder,1771743305.779743,4335,0,1
2,Payment,1771743305.784743,2340,16,1
2,Payment,1771743305.789695,2501,12,1
1,NewOrder,1771743305.794738,9359,5,1
2,Payment,1771743305.799746,4613,18,1
2,Payment,1771743305.804741,2754,17,1
2,Payment,1771743305.809738,2968,1,1
1,NewOrder,1771743305.814735,8001,6,1
1,NewOrder,1771743305.819669,8263,21,1
2,Payment,1771743305.824734,2013,15,1
2,Payment,1771743305.829736,1935,2,1
2,Payment,1771743305.834759,3117,23,1
1,NewOrder,1771743305.839737,6393,10,1
4,Delivery,1771743305.844732,14413,3,1
3,OrderStatus,1771743305.849689,2256,19,1
4,Delivery,1771743305.854696,15993,14,1
1,NewOrder,1771743305.859649,6351,20,1
5,StockLevel,1771743305.864663,5461,8,1
1,NewOrder,1771743305.869644,7023,9,1
1,NewOrder,1771743305.874687,4667,11,1
2,Payment,1771743305.879736,2547,7,1
2,Payment,1771743305.884661,2328,4,1
2,Payment,1771743305.889644,2336,13,1
2,Payment,1771743305.894776,2490,22,1
2,Payment,1771743305.899733,3524,0,1
1,NewOrder,1771743305.904736,5534,16,1
4,Delivery,1771743305.909695,4459,12,1
5,StockLevel,1771743305.914757,5570,5,1
1,NewOrder,1771743305.919745,8355,18,1
1,NewOrder,1771743305.924741,8416,17,1
1,NewOrder,1771743305.929750,6563,1,1
2,Payment,1771743305.934691,3832,6,1
2,Payment,1771743305.939744,1785,15,1
1,NewOrder,1771743305.944735,8220,21,1
1,NewOrder,1771743305.949738,8009,2,1
1,NewOrder,1771743305.954782,4713,23,1
3,OrderStatus,1771743305.959744,3480,10,1
4,Delivery,1771743305.964737,6757,19,1
1,NewOrder,1771743305.969670,6104,3,1
1,NewOrder,1771743305.974664,4880,20,1
2,Payment,1771743305.979734,2217,8,1
1,NewOrder,1771743305.984726,7194,14,1
4,Delivery,1771743305.989735,9137,9,1
1,NewOrder,1771743305.994736,5225,11,1
2,Payment,1771743305.999734,2226,7,1
2,Payment,1771743306.004732,2011,4,1
1,NewOrder,1771743306.009690,4745,13,1
2,Payment,1771743306.014736,2055,22,1
2,Payment,1771743306.019740,2532,0,1
2,Payment,1771743306.024738,1866,16,1
2,Payment,1771743306.029740,2413,12,1
3,OrderStatus,1771743306.034735,2835,5,1
2,Payment,1771743306.039739,2293,18,1
2,Payment,1771743306.044734,2662,17,1
3,OrderStatus,1771743306.049741,2589,1,1
1,NewOrder,1771743306.054738,7213,6,1
2,Payment,1771743306.059734,2632,15,1
1,NewOrder,1771743306.064735,6138,21,1
3,OrderStatus,1771743306.069739,2875,2,1
2,Payment,1771743306.074741,1781,23,1
1,NewOrder,1771743306.079747,5837,10,1
1,NewOrder,1771743306.084671,5602,19,1
4,Delivery,1771743306.089685,9190,3,1
2,Payment,1771743306.094729,3807,20,1
2,Payment,1771743306.099741,2271,8,1
4,Delivery,1771743306.104731,8933,14,1
2,Payment,1771743306.109738,2494,9,1
1,NewOrder,1771743306.114738,5720,11,1
1,NewOrder,1771743306.119737,6439,7,1
2,Payment,1771743306.124734,1796,4,1
1,NewOrder,1771743306.129747,3633,13,1
2,Payment,1771743306.134735,3195,22,1
1,NewOrder,1771743306.139749,7704,0,1
1,NewOrder,1771743306.144739,8579,16,1
4,Delivery,1771743306.149739,3100,12,1
2,Payment,1771743306.154736,2405,5,1
1,NewOrder,1771743306.159736,7651,18,1
2,Payment,1771743306.164731,2425,17,1
1,NewOrder,1771743306.169741,7648,1,1
1,NewOrder,1771743306.174733,8329,6,1
2,Payment,1771743306.179731,1918,15,1
2,Payment,1771743306.184733,2599,21,1
1,NewOrder,1771743306.189740,6028,2,1
1,NewOrder,1771743306.194738,6575,23,1
2,Payment,1771743306.199742,2020,10,1
2,Payment,1771743306.204665,2888,19,1
1,NewOrder,1771743306.209690,5828,20,1
1,NewOrder,1771743306.214738,3982,3,1
1,NewOrder,1771743306.219738,5658,8,1
1,NewOrder,1771743306.224739,10387,9,1
1,NewOrder,1771743306.229690,5301,14,1
1,NewOrder,1771743306.234746,6155,11,1
1,NewOrder,1771743306.239737,6507,7,1
1,NewOrder,1771743306.244731,5861,4,1
2,Payment,1771743306.249734,2153,13,1
2,Payment,1771743306.254736,2192,22,1
4,Delivery,1771743306.259731,4796,0,1
1,NewOrder,1771743306.264741,6347,12,1
2,Payment,1771743306.269738,3266,16,1
2,Payment,1771743306.274738,1769,5,1
2,Payment,1771743306.279736,2456,17,1
2,Payment,1771743306.284740,2233,18,1
2,Payment,1771743306.289738,2391,1,1
2,Payment,1771743306.294731,2560,15,1
2,Payment,1771743306.299734,4079,6,1
4,Delivery,1771743306.304670,7052,21,1
3,OrderStatus,1771743306.309741,2655,2,1
2,Payment,1771743306.314737,2210,23,1
2,Payment,1771743306.319750,2289,10,1
1,NewOrder,1771743306.324663,7072,19,1
1,NewOrder,1771743306.329683,9011,20,1
1,NewOrder,1771743306.334737,4063,3,1
2,Payment,1771743306.339737,2941,8,1
1,NewOrder,1771743306.344731,4562,14,1
2,Payment,1771743306.349736,2207,9,1
1,NewOrder,1771743306.354764,9106,11,1
1,NewOrder,1771743306.359741,7330,7,1
2,Payment,1771743306.364732,1986,4,1
1,NewOrder,1771743306.369739,5010,13,1
1,NewOrder,1771743306.374735,5223,22,1
1,NewOrder,1771743306.379733,6612,0,1
2,Payment,1771743306.384738,2682,12,1
1,NewOrder,1771743306.389740,6545,16,1
1,NewOrder,1771743306.394739,6272,5,1
4,Delivery,1771743306.399732,23697,17,1
2,Payment,1771743306.404739,1745,18,1
1,NewOrder,1771743306.409741,9964,1,1
1,NewOrder,1771743306.414735,9011,15,1
2,Payment,1771743306.419671,3035,6,1
2,Payment,1771743306.424732,2884,21,1
1,NewOrder,1771743306.429739,4623,2,1
1,NewOrder,1771743306.434739,6773,23,1
1,NewOrder,1771743306.439738,4216,10,1
2,Payment,1771743306.444740,2262,19,1
1,NewOrder,1771743306.449695,7880,20,1
2,Payment,1771743306.454738,3094,3,1
1,NewOrder,1771743306.459741,5669,8,1
2,Payment,1771743306.464734,2241,14,1
2,Payment,1771743306.469740,2576,9,1
2,Payment,1771743306.474737,2376,11,1
2,Payment,1771743306.479663,1878,4,1
1,NewOrder,1771743306.484736,8452,7,1
1,NewOrder,1771743306.489690,7215,13,1
4,Delivery,1771743306.494738,10948,22,1
2,Payment,1771743306.499733,2735,0,1
3,OrderStatus,1771743306.504765,1446,12,1
2,Payment,1771743306.509745,2900,16,1
1,NewOrder,1771743306.514746,6489,5,1
2,Payment,1771743306.519739,2589,18,1
1,NewOrder,1771743306.524739,6143,1,1
1,NewOrder,1771743306.529688,4645,6,1
1,NewOrder,1771743306.534737,6192,17,1
2,Payment,1771743306.539735,2633,15,1
2,Payment,1771743306.544732,3937,21,1
1,NewOrder,1771743306.549737,7102,2,1
1,NewOrder,1771743306.554744,4721,23,1
1,NewOrder,1771743306.559737,4375,10,1
2,Payment,1771743306.564737,3024,19,1
2,Payment,1771743306.569691,2192,20,1
1,NewOrder,1771743306.574734,8602,3,1
1,NewOrder,1771743306.579737,6680,8,1
2,Payment,1771743306.584734,2360,14,1
2,Payment,1771743306.589738,2660,9,1
2,Payment,1771743306.594739,1974,11,1
2,Payment,1771743306.599663,1851,4,1
1,NewOrder,1771743306.604739,7108,7,1
2,Payment,1771743306.609736,2269,13,1
1,NewOrder,1771743306.614732,7276,0,1
2,Payment,1771743306.619681,2625,22,1
1,NewOrder,1771743306.624739,6694,12,1
1,NewOrder,1771743306.629739,5949,16,1
1,NewOrder,1771743306.634736,3696,5,1
1,NewOrder,1771743306.639740,6258,18,1
1,NewOrder,1771743306.644739,8464,1,1
2,Payment,1771743306.649689,2772,6,1
1,NewOrder,1771743306.654743,6471,17,1
1,NewOrder,1771743306.659737,5103,15,1
1,NewOrder,1771743306.664673,4178,21,1
1,NewOrder,1771743306.669657,4939,2,1
2,Payment,1771743306.674620,1681,2,1
1,NewOrder,1771743306.679749,6194,10,1
1,NewOrder,1771743306.684768,5309,19,1
4,Delivery,1771743306.689614,7929,20,1
1,NewOrder,1771743306.694732,5745,3,1
2,Payment,1771743306.699732,2095,8,1
1,NewOrder,1771743306.704729,7706,14,1
1,NewOrder,1771743306.709652,4753,9,1
1,NewOrder,1771743306.714741,6618,11,1
1,NewOrder,1771743306.719671,6746,4,1
4,Delivery,1771743306.724740,9055,7,1
1,NewOrder,1771743306.729741,6860,13,1
1,NewOrder,1771743306.734733,5428,0,1
2,Payment,1771743306.739738,1575,22,1
1,NewOrder,1771743306.744739,6092,12,1
1,NewOrder,1771743306.749739,7838,16,1
1,NewOrder,1771743306.754739,5630,5,1
2,Payment,1771743306.759740,2954,18,1
1,NewOrder,1771743306.764668,6163,6,1
1,NewOrder,1771743306.769747,7440,1,1
2,Payment,1771743306.774743,1853,17,1
2,Payment,1771743306.779740,3788,15,1
5,StockLevel,1771743306.784673,3893,21,1
1,NewOrder,1771743306.789740,4167,23,1
2,Payment,1771743306.794736,2469,2,1
2,Payment,1771743306.799745,2189,10,1
1,NewOrder,1771743306.804740,9723,19,1
2,Payment,1771743306.809702,2541,20,1
1,NewOrder,1771743306.814739,5380,3,1
2,Payment,1771743306.819740,2617,8,1
2,Payment,1771743306.824734,1532,14,1
1,NewOrder,1771743306.829736,5692,9,1
1,NewOrder,1771743306.834740,3223,11,1
3,OrderStatus,1771743306.839714,2257,4,1
1,NewOrder,1771743306.844741,6710,7,1
2,Payment,1771743306.849695,2666,13,1
5,StockLevel,1771743306.854738,4083,0,1
1,NewOrder,1771743306.859740,7632,22,1
1,NewOrder,1771743306.864734,4939,12,1
1,NewOrder,1771743306.869697,4503,12,1
1,NewOrder,1771743306.874735,6559,5,1
1,NewOrder,1771743306.879739,5807,18,1
2,Payment,1771743306.884669,2731,6,1
4,Delivery,1771743306.889698,10674,17,1
2,Payment,1771743306.894737,3088,1,1
5,StockLevel,1771743306.899736,2270,15,1
1,NewOrder,1771743306.904735,6893,21,1
1,NewOrder,1771743306.909740,4818,23,1
1,NewOrder,1771743306.914739,5773,2,1
1,NewOrder,1771743306.919735,5392,10,1
1,NewOrder,1771743306.924669,3388,20,1
2,Payment,1771743306.929744,2271,19,1
5,StockLevel,1771743306.934741,2552,3,1
1,NewOrder,1771743306.939741,8047,8,1
2,Payment,1771743306.944741,2129,14,1
1,NewOrder,1771743306.949741,3498,9,1
2,Payment,1771743306.954740,1832,11,1
2,Payment,1771743306.959736,2073,4,1
2,Payment,1771743306.964741,2563,7,1
1,NewOrder,1771743306.969697,4711,13,1
2,Payment,1771743306.974737,2256,0,1
2,Payment,1771743306.979746,3099,22,1
2,Payment,1771743306.984745,2304,16,1
2,Payment,1771743306.989742,2319,12,1
2,Payment,1771743306.994739,2270,5,1
2,Payment,1771743306.999743,1955,18,1
1,NewOrder,1771743307.004667,4078,6,1
2,Payment,1771743307.009744,1603,1,1
1,NewOrder,1771743307.014740,6363,17,1
2,Payment,1771743307.019743,1762,15,1
1,NewOrder,1771743307.024667,5360,21,1
2,Payment,1771743307.029743,1703,23,1
2,Payment,1771743307.034737,1428,2,1
1,NewOrder,1771743307.039738,4188,10,1
2,Payment,1771743307.044669,2620,20,1
2,Payment,1771743307.049738,2263,19,1
5,StockLevel,1771743307.054752,2130,3,1
2,Payment,1771743307.059732,1823,14,1
2,Payment,1771743307.064742,2398,8,1
1,NewOrder,1771743307.069739,8063,9,1
1,NewOrder,1771743307.074740,3580,11,1
2,Payment,1771743307.079734,1837,4,1
1,NewOrder,1771743307.084739,7889,7,1
2,Payment,1771743307.089693,2180,13,1
2,Payment,1771743307.094731,2333,0,1
2,Payment,1771743307.099737,2864,22,1
2,Payment,1771743307.104741,2378,16,1
3,OrderStatus,1771743307.109739,2237,12,1
2,Payment,1771743307.114736,2615,5,1
2,Payment,1771743307.119736,2200,18,1
1,NewOrder,1771743307.124664,4939,6,1
2,Payment,1771743307.129736,2377,1,1
1,NewOrder,1771743307.134737,8185,17,1
2,Payment,1771743307.139736,1451,15,1
1,NewOrder,1771743307.144666,4116,21,1
5,StockLevel,1771743307.149741,6713,23,1
1,NewOrder,1771743307.154735,5079,2,1
2,Payment,1771743307.159737,2037,10,1
1,NewOrder,1771743307.164735,5735,20,1
2,Payment,1771743307.169739,3087,19,1
1,NewOrder,1771743307.174763,5045,3,1
1,NewOrder,1771743307.179673,6685,14,1
1,NewOrder,1771743307.184755,4426,8,1
2,Payment,1771743307.189743,2208,9,1
1,NewOrder,1771743307.194757,9512,11,1
2,Payment,1771743307.199740,2739,4,1
1,NewOrder,1771743307.204734,4654,13,1
1,NewOrder,1771743307.209734,9287,7,1
2,Payment,1771743307.214741,2597,0,1
1,NewOrder,1771743307.219743,6089,22,1
2,Payment,1771743307.224746,3852,16,1
2,Payment,1771743307.229735,1582,12,1
2,Payment,1771743307.234755,1936,5,1
1,NewOrder,1771743307.239738,5638,18,1
5,StockLevel,1771743307.244739,3393,6,1
2,Payment,1771743307.249740,2130,1,1
5,StockLevel,1771743307.254749,2262,15,1
2,Payment,1771743307.259740,2388,17,1
2,Payment,1771743307.264739,2404,21,1
1,NewOrder,1771743307.269739,6883,23,1
1,NewOrder,1771743307.274740,8642,2,1
2,Payment,1771743307.279739,2234,10,1
1,NewOrder,1771743307.284759,5521,20,1
1,NewOrder,1771743307.289737,4903,19,1
2,Payment,1771743307.294663,1746,19,1
1,NewOrder,1771743307.299736,6703,14,1
2,Payment,1771743307.304737,2107,8,1
1,NewOrder,1771743307.309741,4171,9,1
1,NewOrder,1771743307.314738,3615,4,1
1,NewOrder,1771743307.319737,6275,11,1
2,Payment,1771743307.324733,1740,13,1
