Transaction Type Index,Transaction Name,Start Time (microseconds),Latency (microseconds),Worker Id (start number),Phase Id (index in config file)
4,Delivery,1772077904.101798,85210,7,1
2,Payment,1772077904.101801,95891,6,1
1,NewOrder,1772077904.101812,125374,2,1
1,NewOrder,1772077904.101839,85640,0,1
2,Payment,1772077904.101844,88907,1,1
1,NewOrder,1772077904.101848,97842,16,1
4,Delivery,1772077904.101849,62154,12,1
2,Payment,1772077904.101883,171868,18,1
1,NewOrder,1772077904.101893,100933,4,1
1,NewOrder,1772077904.101910,106999,14,1
1,NewOrder,1772077904.101912,122319,13,1
1,NewOrder,1772077904.101934,92802,11,1
1,NewOrder,1772077904.101946,106555,9,1
2,Payment,1772077904.101969,220985,22,1
3,OrderStatus,1772077904.101970,45227,8,1
1,NewOrder,1772077904.101990,88756,10,1
2,Payment,1772077904.102000,63815,5,1
1,NewOrder,1772077904.102036,112926,3,1
1,NewOrder,1772077904.102281,114401,17,1
2,Payment,1772077904.102472,59405,15,1
2,Payment,1772077904.102676,198437,20,1
2,Payment,1772077904.102894,118233,19,1
2,Payment,1772077904.103095,147901,23,1
2,Payment,1772077904.103348,95904,21,1
1,NewOrder,1772077904.147325,88461,8,1
1,NewOrder,1772077904.161938,84078,15,1
1,NewOrder,1772077904.164050,73740,12,1
1,NewOrder,1772077904.165846,44078,5,1
2,Payment,1772077904.187056,28638,7,1
2,Payment,1772077904.187527,14581,0,1
4,Delivery,1772077904.190778,57310,10,1
2,Payment,1772077904.190823,20923,1,1
1,NewOrder,1772077904.194778,29950,11,1
2,Payment,1772077904.197746,31756,6,1
5,StockLevel,1772077904.199318,62792,21,1
2,Payment,1772077904.199722,18993,16,1
1,NewOrder,1772077904.202134,28165,0,1
1,NewOrder,1772077904.202862,27410,4,1
2,Payment,1772077904.208530,46337,9,1
2,Payment,1772077904.208933,34373,14,1
1,NewOrder,1772077904.209956,20244,5,1
2,Payment,1772077904.211773,11043,1,1
2,Payment,1772077904.215043,26806,3,1
1,NewOrder,1772077904.215724,70881,7,1
1,NewOrder,1772077904.216811,41085,17,1
2,Payment,1772077904.218760,32175,16,1
2,Payment,1772077904.221164,111395,19,1
2,Payment,1772077904.222861,26794,1,1
3,OrderStatus,1772077904.224346,18108,13,1
1,NewOrder,1772077904.224749,16560,11,1
1,NewOrder,1772077904.227226,33360,2,1
1,NewOrder,1772077904.229518,80009,6,1
2,Payment,1772077904.230267,29697,5,1
1,NewOrder,1772077904.230291,13906,4,1
1,NewOrder,1772077904.230367,11903,0,1
1,NewOrder,1772077904.235817,30732,8,1
1,NewOrder,1772077904.237824,44839,12,1
1,NewOrder,1772077904.241329,20132,11,1
1,NewOrder,1772077904.241881,37743,3,1
2,Payment,1772077904.242313,30753,0,1
1,NewOrder,1772077904.242485,59198,13,1
1,NewOrder,1772077904.243332,36848,14,1
3,OrderStatus,1772077904.244219,6586,4,1
1,NewOrder,1772077904.246071,23369,15,1
4,Delivery,1772077904.248130,43301,10,1
2,Payment,1772077904.249714,34340,1,1
2,Payment,1772077904.250872,56514,4,1
2,Payment,1772077904.250995,11466,16,1
2,Payment,1772077904.251078,101414,23,1
1,NewOrder,1772077904.254915,36132,9,1
2,Payment,1772077904.257937,25452,17,1
2,Payment,1772077904.259993,58969,5,1
1,NewOrder,1772077904.260610,42061,2,1
1,NewOrder,1772077904.261499,20531,11,1
2,Payment,1772077904.262143,102741,21,1
1,NewOrder,1772077904.262493,27105,16,1
2,Payment,1772077904.266566,22517,8,1
1,NewOrder,1772077904.269486,15699,15,1
1,NewOrder,1772077904.273101,17438,0,1
1,NewOrder,1772077904.273802,71025,18,1
1,NewOrder,1772077904.279656,32779,3,1
2,Payment,1772077904.280223,18551,14,1
1,NewOrder,1772077904.282081,14112,11,1
1,NewOrder,1772077904.282718,28200,12,1
1,NewOrder,1772077904.283428,31932,17,1
2,Payment,1772077904.284106,43111,1,1
1,NewOrder,1772077904.285223,14454,15,1
2,Payment,1772077904.286640,8654,7,1
2,Payment,1772077904.289117,14111,8,1
1,NewOrder,1772077904.289643,16848,16,1
2,Payment,1772077904.290576,51806,0,1
2,Payment,1772077904.291080,19470,9,1
4,Delivery,1772077904.291458,36159,10,1
2,Payment,1772077904.295341,26510,7,1
5,StockLevel,1772077904.296239,11638,11,1
1,NewOrder,1772077904.298815,18706,14,1
2,Payment,1772077904.299708,6169,15,1
2,Payment,1772077904.301163,83371,20,1
2,Payment,1772077904.301714,18236,13,1
1,NewOrder,1772077904.302701,29965,2,1
1,NewOrder,1772077904.303271,20024,8,1
2,Payment,1772077904.305919,25927,15,1
2,Payment,1772077904.306509,43479,16,1
1,NewOrder,1772077904.307424,39475,4,1
1,NewOrder,1772077904.307912,24584,11,1
2,Payment,1772077904.309573,23245,6,1
1,NewOrder,1772077904.310568,21918,9,1
1,NewOrder,1772077904.310953,21485,12,1
2,Payment,1772077904.312458,46766,3,1
2,Payment,1772077904.315413,29752,17,1
2,Payment,1772077904.317550,99578,14,1
3,OrderStatus,1772077904.318982,8603,5,1
2,Payment,1772077904.319968,35678,13,1
3,OrderStatus,1772077904.321899,4333,7,1
1,NewOrder,1772077904.323024,73013,22,1
2,Payment,1772077904.323318,19405,8,1
1,NewOrder,1772077904.326417,16039,7,1
1,NewOrder,1772077904.327263,79750,1,1
5,StockLevel,1772077904.327627,36500,5,1
4,Delivery,1772077904.327652,28693,10,1
2,Payment,1772077904.331873,39970,15,1
2,Payment,1772077904.332463,55554,12,1
2,Payment,1772077904.332524,18757,11,1
1,NewOrder,1772077904.332537,9439,9,1
2,Payment,1772077904.332604,70829,19,1
1,NewOrder,1772077904.332700,40246,2,1
1,NewOrder,1772077904.332863,15426,6,1
2,Payment,1772077904.342013,14683,9,1
1,NewOrder,1772077904.342408,22413,0,1
2,Payment,1772077904.342504,21806,7,1
1,NewOrder,1772077904.342755,16000,8,1
1,NewOrder,1772077904.344854,32913,18,1
1,NewOrder,1772077904.345188,32843,17,1
2,Payment,1772077904.346925,26207,4,1
1,NewOrder,1772077904.348332,35496,6,1
2,Payment,1772077904.350036,52890,16,1
1,NewOrder,1772077904.351298,23898,11,1
2,Payment,1772077904.352516,64085,23,1
1,NewOrder,1772077904.355665,17433,13,1
2,Payment,1772077904.356364,31194,10,1
1,NewOrder,1772077904.356741,26797,9,1
1,NewOrder,1772077904.358788,36891,8,1
2,Payment,1772077904.359271,25224,3,1
2,Payment,1772077904.364177,32827,5,1
1,NewOrder,1772077904.364338,29017,7,1
1,NewOrder,1772077904.364851,23138,0,1
1,NewOrder,1772077904.364959,79681,21,1
1,NewOrder,1772077904.371874,29631,15,1
2,Payment,1772077904.372980,44266,2,1
1,NewOrder,1772077904.373162,26892,13,1
1,NewOrder,1772077904.373171,35228,4,1
2,Payment,1772077904.375231,19082,11,1
2,Payment,1772077904.377801,53993,18,1
1,NewOrder,1772077904.378054,40984,17,1
2,Payment,1772077904.383572,16027,9,1
1,NewOrder,1772077904.383875,21322,6,1
1,NewOrder,1772077904.384542,47223,3,1
2,Payment,1772077904.384574,56593,20,1
2,Payment,1772077904.387602,18314,10,1
2,Payment,1772077904.388032,44331,0,1
1,NewOrder,1772077904.388045,54247,12,1
2,Payment,1772077904.393387,18959,7,1
2,Payment,1772077904.394358,22728,11,1
2,Payment,1772077904.395725,25045,8,1
1,NewOrder,1772077904.396087,28377,22,1
2,Payment,1772077904.397049,50054,5,1
1,NewOrder,1772077904.399641,14994,9,1
1,NewOrder,1772077904.400099,11393,13,1
1,NewOrder,1772077904.401537,18423,15,1
2,Payment,1772077904.402969,26558,16,1
1,NewOrder,1772077904.403484,101941,19,1
2,Payment,1772077904.405242,21791,6,1
1,NewOrder,1772077904.405964,13557,10,1
4,Delivery,1772077904.407053,106802,1,1
4,Delivery,1772077904.408440,104486,4,1
1,NewOrder,1772077904.411537,15454,13,1
2,Payment,1772077904.412391,18888,7,1
2,Payment,1772077904.414701,25792,9,1
2,Payment,1772077904.416624,38631,23,1
3,OrderStatus,1772077904.417136,10337,11,1
1,NewOrder,1772077904.417174,52116,14,1
1,NewOrder,1772077904.417288,34238,2,1
2,Payment,1772077904.419080,24338,17,1
2,Payment,1772077904.419564,28823,10,1
1,NewOrder,1772077904.419992,21217,15,1
1,NewOrder,1772077904.420799,8809,8,1
1,NewOrder,1772077904.424507,38267,22,1
5,StockLevel,1772077904.427041,15807,13,1
2,Payment,1772077904.427076,27231,6,1
2,Payment,1772077904.427552,34381,11,1
1,NewOrder,1772077904.429571,43376,16,1
1,NewOrder,1772077904.429653,18384,8,1
1,NewOrder,1772077904.431326,20690,7,1
2,Payment,1772077904.431796,36663,3,1
1,NewOrder,1772077904.431821,14688,18,1
1,NewOrder,1772077904.432406,35418,0,1
2,Payment,1772077904.440541,29285,9,1
2,Payment,1772077904.441207,32223,20,1
2,Payment,1772077904.441258,34582,15,1
3,OrderStatus,1772077904.442341,8348,12,1
2,Payment,1772077904.442883,6551,13,1
2,Payment,1772077904.443479,17963,17,1
1,NewOrder,1772077904.444669,30734,21,1
1,NewOrder,1772077904.446556,12561,18,1
4,Delivery,1772077904.447148,66660,5,1
1,NewOrder,1772077904.448080,14817,8,1
2,Payment,1772077904.448431,29603,10,1
3,OrderStatus,1772077904.449453,4370,13,1
2,Payment,1772077904.450733,45956,12,1
1,NewOrder,1772077904.451563,37778,2,1
1,NewOrder,1772077904.452050,30910,7,1
3,OrderStatus,1772077904.453841,3325,13,1
1,NewOrder,1772077904.454321,19039,6,1
2,Payment,1772077904.455267,32442,23,1
1,NewOrder,1772077904.457208,12688,13,1
5,StockLevel,1772077904.459154,20644,18,1
1,NewOrder,1772077904.461466,45832,17,1
1,NewOrder,1772077904.461968,13874,11,1
1,NewOrder,1772077904.462807,50274,22,1
3,OrderStatus,1772077904.462910,3579,8,1
1,NewOrder,1772077904.466519,17724,8,1
2,Payment,1772077904.467870,16382,0,1
1,NewOrder,1772077904.468496,44082,3,1
2,Payment,1772077904.469340,37416,14,1
2,Payment,1772077904.469865,13837,9,1
1,NewOrder,1772077904.469924,18422,13,1
1,NewOrder,1772077904.472993,27785,16,1
1,NewOrder,1772077904.473424,14478,6,1
2,Payment,1772077904.473477,35167,20,1
2,Payment,1772077904.475459,47923,21,1
1,NewOrder,1772077904.475878,28065,15,1
2,Payment,1772077904.475888,14662,11,1
2,Payment,1772077904.478073,18476,10,1
2,Payment,1772077904.479841,105655,18,1
4,Delivery,1772077904.483010,38760,7,1
3,OrderStatus,1772077904.483746,4724,9,1
1,NewOrder,1772077904.484284,12600,8,1
1,NewOrder,1772077904.484307,20074,0,1
2,Payment,1772077904.487753,44384,23,1
2,Payment,1772077904.487942,27236,6,1
5,StockLevel,1772077904.488386,4913,13,1
2,Payment,1772077904.488486,21572,9,1
2,Payment,1772077904.489385,8017,2,1
2,Payment,1772077904.490566,30114,11,1
2,Payment,1772077904.493347,18165,13,1
1,NewOrder,1772077904.496594,34924,10,1
1,NewOrder,1772077904.496736,23584,12,1
1,NewOrder,1772077904.496951,5470,8,1
2,Payment,1772077904.497435,3968,2,1
1,NewOrder,1772077904.500823,45044,16,1
2,Payment,1772077904.501427,3369,2,1
3,OrderStatus,1772077904.502471,2926,8,1
3,OrderStatus,1772077904.503988,11261,15,1
2,Payment,1772077904.504422,4652,0,1
2,Payment,1772077904.504830,9872,2,1
2,Payment,1772077904.505456,21432,8,1
1,NewOrder,1772077904.505461,44479,19,1
3,OrderStatus,1772077904.506797,4590,14,1
2,Payment,1772077904.507378,24719,17,1
2,Payment,1772077904.508673,56866,20,1
4,Delivery,1772077904.509097,4710,0,1
2,Payment,1772077904.510076,21940,9,1
1,NewOrder,1772077904.511432,20652,14,1
1,NewOrder,1772077904.511541,12368,13,1
1,NewOrder,1772077904.512619,36519,3,1
2,Payment,1772077904.512951,15743,4,1
1,NewOrder,1772077904.513138,34550,22,1
1,NewOrder,1772077904.513833,19939,0,1
1,NewOrder,1772077904.513849,32445,5,1
1,NewOrder,1772077904.513898,26666,1,1
1,NewOrder,1772077904.514737,12779,2,1
2,Payment,1772077904.515218,23123,6,1
1,NewOrder,1772077904.515270,23634,15,1
2,Payment,1772077904.520402,23542,12,1
2,Payment,1772077904.520729,23755,11,1
2,Payment,1772077904.521848,30086,7,1
2,Payment,1772077904.523422,20973,21,1
2,Payment,1772077904.523963,26796,13,1
1,NewOrder,1772077904.526942,12851,8,1
4,Delivery,1772077904.527726,35687,2,1
1,NewOrder,1772077904.528734,23164,4,1
2,Payment,1772077904.531562,40991,10,1
1,NewOrder,1772077904.532048,33175,9,1
2,Payment,1772077904.532131,31982,14,1
2,Payment,1772077904.532138,43789,17,1
2,Payment,1772077904.532184,19354,23,1
1,NewOrder,1772077904.533811,23742,0,1
1,NewOrder,1772077904.538386,19134,6,1
2,Payment,1772077904.538945,49683,15,1
1,NewOrder,1772077904.539836,17199,8,1
2,Payment,1772077904.540597,8891,1,1
4,Delivery,1772077904.543962,11619,12,1
2,Payment,1772077904.544405,49604,21,1
2,Payment,1772077904.544523,16822,11,1
2,Payment,1772077904.545909,53671,16,1
1,NewOrder,1772077904.546335,17824,5,1
2,Payment,1772077904.547725,79347,22,1
2,Payment,1772077904.549158,26284,3,1
2,Payment,1772077904.549542,9614,1,1
1,NewOrder,1772077904.549977,24195,19,1
3,OrderStatus,1772077904.550800,3670,13,1
1,NewOrder,1772077904.551557,73876,23,1
1,NewOrder,1772077904.551934,27580,4,1
1,NewOrder,1772077904.551969,22757,7,1
1,NewOrder,1772077904.554512,26562,13,1
1,NewOrder,1772077904.555620,24644,12,1
1,NewOrder,1772077904.557075,30107,8,1
1,NewOrder,1772077904.557554,23510,6,1
1,NewOrder,1772077904.557593,22660,0,1
1,NewOrder,1772077904.559200,35925,1,1
5,StockLevel,1772077904.561373,12889,11,1
1,NewOrder,1772077904.563439,16787,2,1
3,OrderStatus,1772077904.564138,9386,14,1
1,NewOrder,1772077904.564199,28838,5,1
1,NewOrder,1772077904.565265,22435,9,1
2,Payment,1772077904.565581,86685,20,1
2,Payment,1772077904.572595,9530,10,1
1,NewOrder,1772077904.573543,36139,14,1
2,Payment,1772077904.574219,32106,19,1
2,Payment,1772077904.574295,10566,11,1
2,Payment,1772077904.574740,18659,7,1
1,NewOrder,1772077904.575471,24591,3,1
2,Payment,1772077904.575964,31665,17,1
1,NewOrder,1772077904.579534,19500,4,1
4,Delivery,1772077904.580265,22012,2,1
2,Payment,1772077904.580292,50261,12,1
2,Payment,1772077904.580306,13164,0,1
2,Payment,1772077904.581088,57149,13,1
2,Payment,1772077904.581105,29583,6,1
1,NewOrder,1772077904.582167,27939,10,1
3,OrderStatus,1772077904.584880,2723,11,1
1,NewOrder,1772077904.585534,24635,18,1
2,Payment,1772077904.587211,17372,8,1
1,NewOrder,1772077904.587626,14154,11,1
2,Payment,1772077904.587723,28962,9,1
4,Delivery,1772077904.588665,67933,15,1
2,Payment,1772077904.593067,12280,5,1
1,NewOrder,1772077904.593437,27132,7,1
5,StockLevel,1772077904.593510,25994,0,1
1,NewOrder,1772077904.594039,28138,21,1
4,Delivery,1772077904.595152,7930,1,1
2,Payment,1772077904.599095,14901,4,1
2,Payment,1772077904.599614,15522,16,1
1,NewOrder,1772077904.600105,17542,3,1
3,OrderStatus,1772077904.601811,3407,11,1
1,NewOrder,1772077904.602310,17234,2,1
2,Payment,1772077904.603121,21788,1,1
2,Payment,1772077904.604615,20887,8,1
2,Payment,1772077904.605250,28724,11,1
1,NewOrder,1772077904.605382,24530,5,1
2,Payment,1772077904.606356,38012,19,1
2,Payment,1772077904.607651,37954,17,1
1,NewOrder,1772077904.609724,26198,14,1
1,NewOrder,1772077904.610148,26517,10,1
1,NewOrder,1772077904.610196,11527,18,1
2,Payment,1772077904.610729,30048,6,1
3,OrderStatus,1772077904.614039,6294,4,1
2,Payment,1772077904.615174,40718,16,1
1,NewOrder,1772077904.616723,15745,9,1
1,NewOrder,1772077904.617682,19871,3,1
2,Payment,1772077904.619538,13796,0,1
1,NewOrder,1772077904.619581,13194,2,1
3,OrderStatus,1772077904.620393,6070,4,1
2,Payment,1772077904.620598,26751,7,1
1,NewOrder,1772077904.621753,13738,18,1
2,Payment,1772077904.622214,41266,21,1
2,Payment,1772077904.624944,16412,1,1
1,NewOrder,1772077904.625478,33538,23,1
2,Payment,1772077904.625541,31589,8,1
1,NewOrder,1772077904.626508,22808,4,1
2,Payment,1772077904.627111,86653,22,1
2,Payment,1772077904.629949,23515,5,1
1,NewOrder,1772077904.630589,20905,12,1
1,NewOrder,1772077904.632505,12368,9,1
1,NewOrder,1772077904.632810,12008,2,1
1,NewOrder,1772077904.633371,19228,0,1
2,Payment,1772077904.634016,27351,11,1
2,Payment,1772077904.635531,45127,18,1
1,NewOrder,1772077904.635959,27019,14,1
1,NewOrder,1772077904.636699,50389,10,1
2,Payment,1772077904.637587,24434,3,1
5,StockLevel,1772077904.638269,23460,13,1
2,Payment,1772077904.640816,28643,6,1
1,NewOrder,1772077904.641410,17001,1,1
2,Payment,1772077904.644410,52751,19,1
1,NewOrder,1772077904.644846,23055,2,1
3,OrderStatus,1772077904.644943,5497,9,1
3,OrderStatus,1772077904.645637,16573,17,1
1,NewOrder,1772077904.647390,24735,7,1
1,NewOrder,1772077904.649355,25792,4,1
2,Payment,1772077904.650467,25073,9,1
1,NewOrder,1772077904.651531,30011,12,1
1,NewOrder,1772077904.652296,56027,20,1
2,Payment,1772077904.652629,16879,0,1
4,Delivery,1772077904.653505,93689,5,1
1,NewOrder,1772077904.655930,25192,16,1
2,Payment,1772077904.656623,6761,15,1
2,Payment,1772077904.657161,27936,8,1
2,Payment,1772077904.658449,17062,1,1
2,Payment,1772077904.659041,10395,23,1
1,NewOrder,1772077904.661391,25430,11,1
1,NewOrder,1772077904.661791,21761,13,1
2,Payment,1772077904.662059,24835,3,1
1,NewOrder,1772077904.662250,24593,17,1
1,NewOrder,1772077904.663016,29029,14,1
1,NewOrder,1772077904.663438,25628,15,1
1,NewOrder,1772077904.663513,22430,21,1
2,Payment,1772077904.667958,34942,2,1
1,NewOrder,1772077904.669468,30428,23,1
1,NewOrder,1772077904.669501,24234,6,1
3,OrderStatus,1772077904.669550,5178,0,1
1,NewOrder,1772077904.672163,37487,7,1
1,NewOrder,1772077904.674797,32867,0,1
1,NewOrder,1772077904.675182,20308,4,1
5,StockLevel,1772077904.675546,40339,1,1
2,Payment,1772077904.675575,18757,9,1
2,Payment,1772077904.680694,57970,18,1
3,OrderStatus,1772077904.681150,8203,16,1
2,Payment,1772077904.681588,9847,12,1
2,Payment,1772077904.683586,14031,13,1
1,NewOrder,1772077904.685130,42449,8,1
1,NewOrder,1772077904.685973,28344,21,1
1,NewOrder,1772077904.686850,27583,11,1
2,Payment,1772077904.686864,21487,17,1
1,NewOrder,1772077904.686940,35041,3,1
2,Payment,1772077904.687106,13186,10,1
1,NewOrder,1772077904.689098,31845,15,1
2,Payment,1772077904.689378,26270,16,1
2,Payment,1772077904.691470,33621,12,1
1,NewOrder,1772077904.692082,19326,14,1
1,NewOrder,1772077904.693772,44858,6,1
3,OrderStatus,1772077904.694361,9424,9,1
2,Payment,1772077904.695515,23087,4,1
1,NewOrder,1772077904.697194,49537,19,1
3,OrderStatus,1772077904.697640,4703,13,1
2,Payment,1772077904.699933,23857,23,1
2,Payment,1772077904.700332,10683,10,1
5,StockLevel,1772077904.702381,10964,13,1
2,Payment,1772077904.702929,26682,2,1
5,StockLevel,1772077904.703823,28628,9,1
2,Payment,1772077904.707702,30483,0,1
3,OrderStatus,1772077904.708365,8460,20,1
1,NewOrder,1772077904.708381,26029,17,1
1,NewOrder,1772077904.709686,23029,7,1
1,NewOrder,1772077904.711043,21321,10,1
2,Payment,1772077904.711430,26630,14,1
1,NewOrder,1772077904.713373,29531,13,1
2,Payment,1772077904.713832,38225,22,1
5,StockLevel,1772077904.714351,13205,21,1
1,NewOrder,1772077904.714466,32713,11,1
1,NewOrder,1772077904.715684,21646,16,1
2,Payment,1772077904.715941,31294,1,1
1,NewOrder,1772077904.716856,45412,20,1
2,Payment,1772077904.718629,40262,4,1
1,NewOrder,1772077904.720964,15281,15,1
3,OrderStatus,1772077904.722018,11294,3,1
2,Payment,1772077904.723831,37411,23,1
1,NewOrder,1772077904.725130,35669,12,1
4,Delivery,1772077904.727599,70274,21,1
4,Delivery,1772077904.727616,59559,8,1
2,Payment,1772077904.729645,39218,2,1
2,Payment,1772077904.732390,9968,10,1
1,NewOrder,1772077904.732489,21383,9,1
2,Payment,1772077904.732758,20305,7,1
1,NewOrder,1772077904.733343,37166,3,1
3,OrderStatus,1772077904.734435,6022,17,1
1,NewOrder,1772077904.736285,37770,15,1
1,NewOrder,1772077904.737364,16472,16,1
2,Payment,1772077904.738101,9153,14,1
1,NewOrder,1772077904.738207,24200,0,1
1,NewOrder,1772077904.738662,25647,6,1
4,Delivery,1772077904.738691,59614,18,1
1,NewOrder,1772077904.740495,27696,17,1
1,NewOrder,1772077904.742392,22997,10,1
2,Payment,1772077904.742940,14359,13,1
2,Payment,1772077904.746774,25641,19,1
5,StockLevel,1772077904.747205,25014,11,1
1,NewOrder,1772077904.747233,37106,5,1
1,NewOrder,1772077904.747277,41304,1,1
1,NewOrder,1772077904.747283,20564,14,1
2,Payment,1772077904.752090,39339,22,1
2,Payment,1772077904.753101,9359,7,1
1,NewOrder,1772077904.753862,34264,16,1
2,Payment,1772077904.753908,19712,9,1
2,Payment,1772077904.757332,9952,13,1
1,NewOrder,1772077904.758928,28308,4,1
1,NewOrder,1772077904.760851,27605,12,1
1,NewOrder,1772077904.761278,37246,23,1
2,Payment,1772077904.762307,18570,20,1
1,NewOrder,1772077904.762431,21931,0,1
2,Payment,1772077904.762495,16988,7,1
1,NewOrder,1772077904.764338,18671,6,1
2,Payment,1772077904.765423,37645,10,1
1,NewOrder,1772077904.767320,19808,13,1
3,OrderStatus,1772077904.767888,5812,14,1
1,NewOrder,1772077904.768221,33146,17,1
2,Payment,1772077904.768917,11347,2,1
2,Payment,1772077904.770547,16585,3,1
2,Payment,1772077904.772249,15848,11,1
1,NewOrder,1772077904.772445,36237,19,1
4,Delivery,1772077904.773658,14178,9,1
2,Payment,1772077904.773751,9753,14,1
2,Payment,1772077904.774082,16828,15,1
2,Payment,1772077904.779524,13417,7,1
2,Payment,1772077904.780308,13671,2,1
1,NewOrder,1772077904.780943,37441,20,1
2,Payment,1772077904.783050,26709,6,1
1,NewOrder,1772077904.783557,19483,14,1
4,Delivery,1772077904.784367,49295,5,1
2,Payment,1772077904.784395,15571,0,1
2,Payment,1772077904.787160,13758,13,1
2,Payment,1772077904.787322,32368,8,1
2,Payment,1772077904.787329,30551,3,1
2,Payment,1772077904.787359,20808,4,1
2,Payment,1772077904.787875,40169,9,1
4,Delivery,1772077904.788127,104565,11,1
1,NewOrder,1772077904.788158,23073,16,1
3,OrderStatus,1772077904.788490,6815,12,1
5,StockLevel,1772077904.788616,26312,1,1
2,Payment,1772077904.790944,19300,15,1
2,Payment,1772077904.791445,9904,22,1
1,NewOrder,1772077904.793030,30612,7,1
5,StockLevel,1772077904.794014,26499,2,1
1,NewOrder,1772077904.795393,33007,12,1
1,NewOrder,1772077904.797984,34152,21,1
2,Payment,1772077904.798327,13375,18,1
2,Payment,1772077904.798552,19835,23,1
2,Payment,1772077904.799989,25730,0,1
1,NewOrder,1772077904.800938,25837,13,1
1,NewOrder,1772077904.801378,32299,22,1
5,StockLevel,1772077904.801393,24267,17,1
5,StockLevel,1772077904.803075,21999,14,1
2,Payment,1772077904.803098,38081,10,1
1,NewOrder,1772077904.808194,39179,4,1
2,Payment,1772077904.808705,24109,19,1
1,NewOrder,1772077904.809884,33154,6,1
1,NewOrder,1772077904.810276,33356,15,1
1,NewOrder,1772077904.811288,21943,16,1
2,Payment,1772077904.811722,35313,18,1
1,NewOrder,1772077904.815017,16583,1,1
1,NewOrder,1772077904.817929,32014,3,1
2,Payment,1772077904.818404,91346,20,1
2,Payment,1772077904.818411,38091,23,1
1,NewOrder,1772077904.819716,25013,8,1
4,Delivery,1772077904.820534,13705,2,1
3,OrderStatus,1772077904.823667,8018,7,1
1,NewOrder,1772077904.825099,16962,14,1
3,OrderStatus,1772077904.825689,5251,17,1
2,Payment,1772077904.825738,8224,0,1
2,Payment,1772077904.826794,5381,13,1
2,Payment,1772077904.828068,21233,9,1
2,Payment,1772077904.828435,9290,12,1
5,StockLevel,1772077904.830964,12939,17,1
2,Payment,1772077904.831625,6530,1,1
2,Payment,1772077904.831709,25403,7,1
2,Payment,1772077904.832153,56723,21,1
2,Payment,1772077904.832194,10234,13,1
1,NewOrder,1772077904.832832,21135,19,1
2,Payment,1772077904.833260,17300,16,1
4,Delivery,1772077904.833679,50304,5,1
1,NewOrder,1772077904.833694,35884,22,1
1,NewOrder,1772077904.833977,25215,0,1
3,OrderStatus,1772077904.834261,8495,2,1
1,NewOrder,1772077904.837747,21886,12,1
1,NewOrder,1772077904.838182,15191,1,1
2,Payment,1772077904.841203,22122,10,1
1,NewOrder,1772077904.842078,22205,14,1
1,NewOrder,1772077904.842451,9061,13,1
2,Payment,1772077904.842780,10125,2,1
2,Payment,1772077904.843083,29392,6,1
1,NewOrder,1772077904.843654,31209,15,1
2,Payment,1772077904.843931,13118,17,1
1,NewOrder,1772077904.844751,32963,8,1
2,Payment,1772077904.847056,22873,18,1
5,StockLevel,1772077904.847388,30085,4,1
2,Payment,1772077904.849325,30100,9,1
1,NewOrder,1772077904.849983,21133,3,1
1,NewOrder,1772077904.850582,30079,16,1
1,NewOrder,1772077904.851542,11019,13,1
1,NewOrder,1772077904.852944,24063,2,1
5,StockLevel,1772077904.853399,8662,1,1
2,Payment,1772077904.853990,44294,19,1
1,NewOrder,1772077904.856527,34589,23,1
2,Payment,1772077904.857074,5017,17,1
3,OrderStatus,1772077904.857158,6141,7,1
2,Payment,1772077904.859212,4524,0,1
2,Payment,1772077904.859663,11875,12,1
1,NewOrder,1772077904.862085,26923,1,1
1,NewOrder,1772077904.862127,15512,17,1
2,Payment,1772077904.862582,13965,13,1
2,Payment,1772077904.863339,25078,7,1
1,NewOrder,1772077904.863346,20178,10,1
1,NewOrder,1772077904.863752,12101,0,1
1,NewOrder,1772077904.864300,15589,14,1
2,Payment,1772077904.869599,10286,22,1
1,NewOrder,1772077904.869955,22761,18,1
4,Delivery,1772077904.871133,13646,3,1
1,NewOrder,1772077904.871562,36673,12,1
2,Payment,1772077904.872491,26440,6,1
2,Payment,1772077904.874890,18200,15,1
2,Payment,1772077904.875876,6304,0,1
1,NewOrder,1772077904.876562,21047,13,1
2,Payment,1772077904.877027,18668,2,1
1,NewOrder,1772077904.877497,14692,4,1
1,NewOrder,1772077904.877658,34438,17,1
2,Payment,1772077904.877749,47502,8,1
2,Payment,1772077904.879445,32251,9,1
1,NewOrder,1772077904.879904,15387,14,1
2,Payment,1772077904.879925,48937,22,1
1,NewOrder,1772077904.880682,22930,16,1
1,NewOrder,1772077904.882199,22041,0,1
1,NewOrder,1772077904.883549,36902,10,1
1,NewOrder,1772077904.884002,20909,5,1
1,NewOrder,1772077904.884809,14043,3,1
1,NewOrder,1772077904.888443,30680,7,1
4,Delivery,1772077904.888911,50846,21,1
1,NewOrder,1772077904.889020,29718,1,1
1,NewOrder,1772077904.891144,19385,23,1
1,NewOrder,1772077904.892221,17204,4,1
5,StockLevel,1772077904.892711,9627,11,1
2,Payment,1772077904.892736,43873,18,1
2,Payment,1772077904.893113,16149,15,1
5,StockLevel,1772077904.895317,16845,14,1
2,Payment,1772077904.895709,14847,2,1
5,StockLevel,1772077904.897623,19067,13,1
1,NewOrder,1772077904.898310,26601,19,1
1,NewOrder,1772077904.898867,13232,3,1
2,Payment,1772077904.898955,22592,6,1
2,Payment,1772077904.902363,49560,11,1
2,Payment,1772077904.903641,47444,16,1
1,NewOrder,1772077904.904257,32875,0,1
1,NewOrder,1772077904.904927,8067,5,1
2,Payment,1772077904.908262,18215,12,1
1,NewOrder,1772077904.909275,28374,15,1
1,NewOrder,1772077904.909444,14076,4,1
1,NewOrder,1772077904.909778,34007,20,1
1,NewOrder,1772077904.910543,12470,23,1
3,OrderStatus,1772077904.910579,4606,2,1
2,Payment,1772077904.911710,16299,9,1
2,Payment,1772077904.912115,21055,17,1
5,StockLevel,1772077904.912124,10455,3,1
1,NewOrder,1772077904.912202,19350,14,1
3,OrderStatus,1772077904.913005,2617,5,1
1,NewOrder,1772077904.915194,13251,2,1
5,StockLevel,1772077904.915631,9805,5,1
1,NewOrder,1772077904.916711,18151,13,1
2,Payment,1772077904.918761,8561,1,1
2,Payment,1772077904.919151,14785,7,1
2,Payment,1772077904.920481,22883,10,1
5,StockLevel,1772077904.921572,22904,6,1
1,NewOrder,1772077904.922601,29944,3,1
2,Payment,1772077904.923034,20791,23,1
2,Payment,1772077904.923538,10736,4,1
2,Payment,1772077904.924939,24410,19,1
2,Payment,1772077904.925273,35578,8,1
5,StockLevel,1772077904.925449,6085,5,1
1,NewOrder,1772077904.926492,19470,12,1
2,Payment,1772077904.927338,21312,1,1
2,Payment,1772077904.928020,39009,9,1
1,NewOrder,1772077904.928452,10793,2,1
1,NewOrder,1772077904.928876,36427,22,1
1,NewOrder,1772077904.931550,21772,5,1
2,Payment,1772077904.931567,8914,14,1
5,StockLevel,1772077904.933195,10290,17,1
1,NewOrder,1772077904.933958,19004,7,1
1,NewOrder,1772077904.934288,26587,4,1
2,Payment,1772077904.934882,22213,13,1
2,Payment,1772077904.936620,21101,18,1
5,StockLevel,1772077904.937151,16933,0,1
1,NewOrder,1772077904.937667,15378,15,1
2,Payment,1772077904.939270,14458,2,1
2,Payment,1772077904.939775,23261,21,1
2,Payment,1772077904.940504,21877,14,1
1,NewOrder,1772077904.943384,25669,10,1
2,Payment,1772077904.943507,24463,17,1
2,Payment,1772077904.943808,26860,20,1
1,NewOrder,1772077904.943850,40629,23,1
2,Payment,1772077904.944491,11293,6,1
2,Payment,1772077904.945974,32171,12,1
2,Payment,1772077904.948669,11770,1,1
1,NewOrder,1772077904.949360,33458,19,1
2,Payment,1772077904.951093,31133,16,1
2,Payment,1772077904.951928,24653,11,1
1,NewOrder,1772077904.952563,24919,3,1
1,NewOrder,1772077904.952968,24506,7,1
2,Payment,1772077904.953067,35727,15,1
1,NewOrder,1772077904.953339,16414,5,1
1,NewOrder,1772077904.953742,23698,2,1
1,NewOrder,1772077904.954100,23274,0,1
2,Payment,1772077904.955804,24598,6,1
2,Payment,1772077904.957124,37531,13,1
1,NewOrder,1772077904.957735,32009,18,1
1,NewOrder,1772077904.960458,16961,1,1
4,Delivery,1772077904.960871,46348,8,1
1,NewOrder,1772077904.960913,44712,4,1
1,NewOrder,1772077904.962401,36059,14,1
1,NewOrder,1772077904.963056,19621,21,1
2,Payment,1772077904.965314,17716,22,1
4,Delivery,1772077904.967047,40921,9,1
2,Payment,1772077904.967994,32771,17,1
2,Payment,1772077904.969069,24198,10,1
1,NewOrder,1772077904.969780,8404,5,1
4,Delivery,1772077904.970688,39768,20,1
1,NewOrder,1772077904.976600,15822,11,1
1,NewOrder,1772077904.977386,21301,0,1
1,NewOrder,1772077904.977445,22907,1,1
2,Payment,1772077904.977462,6711,2,1
5,StockLevel,1772077904.977493,11807,3,1
2,Payment,1772077904.977501,25844,7,1
2,Payment,1772077904.978161,36963,12,1
1,NewOrder,1772077904.978198,20152,5,1
2,Payment,1772077904.980428,32446,6,1
2,Payment,1772077904.982256,41384,16,1
2,Payment,1772077904.982695,8194,21,1
1,NewOrder,1772077904.982837,40203,19,1
1,NewOrder,1772077904.983048,36193,22,1
4,Delivery,1772077904.984194,16526,2,1
2,Payment,1772077904.984492,19302,23,1
2,Payment,1772077904.988815,43578,15,1
1,NewOrder,1772077904.989323,27255,3,1
2,Payment,1772077904.989765,25283,18,1
1,NewOrder,1772077904.990908,24110,21,1
1,NewOrder,1772077904.992442,29709,11,1
3,OrderStatus,1772077904.993282,12103,10,1
3,OrderStatus,1772077904.994676,6954,13,1
2,Payment,1772077904.998370,4180,5,1
1,NewOrder,1772077904.998484,33093,14,1
2,Payment,1772077904.998706,6013,0,1
2,Payment,1772077905.000369,8056,1,1
1,NewOrder,1772077905.000736,14422,2,1
1,NewOrder,1772077905.000777,21783,17,1
2,Payment,1772077905.001655,41204,13,1
2,Payment,1772077905.002571,12627,5,1
5,StockLevel,1772077905.003365,29205,7,1
1,NewOrder,1772077905.003809,30170,23,1
4,Delivery,1772077905.004736,6844,0,1
1,NewOrder,1772077905.005397,25650,10,1
1,NewOrder,1772077905.005645,9334,4,1
3,OrderStatus,1772077905.007240,9502,8,1
1,NewOrder,1772077905.007986,28374,9,1
2,Payment,1772077905.008444,12207,1,1
2,Payment,1772077905.010466,11077,20,1
1,NewOrder,1772077905.011603,13841,0,1
2,Payment,1772077905.012919,6714,6,1
2,Payment,1772077905.014999,22876,4,1
1,NewOrder,1772077905.015043,38741,21,1
1,NewOrder,1772077905.015069,36085,18,1
1,NewOrder,1772077905.015141,33890,12,1
1,NewOrder,1772077905.015173,27128,2,1
4,Delivery,1772077905.015218,42834,5,1
1,NewOrder,1772077905.016603,30404,3,1
2,Payment,1772077905.016755,8305,8,1
2,Payment,1772077905.019259,19375,22,1
1,NewOrder,1772077905.019645,13558,6,1
2,Payment,1772077905.020670,24552,1,1
2,Payment,1772077905.021552,25097,20,1
1,NewOrder,1772077905.022176,45297,11,1
1,NewOrder,1772077905.022581,41731,17,1
2,Payment,1772077905.023058,31341,19,1
1,NewOrder,1772077905.023655,22055,16,1
2,Payment,1772077905.025069,5124,8,1
1,NewOrder,1772077905.025453,20229,0,1
2,Payment,1772077905.030219,4282,8,1
1,NewOrder,1772077905.031057,8082,10,1
2,Payment,1772077905.031597,26072,14,1
2,Payment,1772077905.032418,33355,15,1
1,NewOrder,1772077905.032585,16099,7,1
2,Payment,1772077905.033217,5494,6,1
2,Payment,1772077905.033995,29671,23,1
2,Payment,1772077905.034511,11621,8,1
2,Payment,1772077905.036370,16731,9,1
1,NewOrder,1772077905.037903,16886,4,1
1,NewOrder,1772077905.038643,21204,22,1
4,Delivery,1772077905.038730,11796,6,1
5,StockLevel,1772077905.039152,25117,10,1
1,NewOrder,1772077905.042318,15763,2,1
1,NewOrder,1772077905.042885,18326,13,1
4,Delivery,1772077905.045257,13420,1,1
2,Payment,1772077905.045706,15116,0,1
1,NewOrder,1772077905.045732,30792,16,1
2,Payment,1772077905.046146,14519,8,1
2,Payment,1772077905.046666,22603,20,1
1,NewOrder,1772077905.047020,14163,3,1
4,Delivery,1772077905.048696,3015,7,1
4,Delivery,1772077905.049051,14151,12,1
2,Payment,1772077905.050541,14591,6,1
1,NewOrder,1772077905.051178,33818,18,1
1,NewOrder,1772077905.051727,32256,7,1
1,NewOrder,1772077905.053126,33556,9,1
2,Payment,1772077905.053803,23629,21,1
4,Delivery,1772077905.054418,35789,19,1
1,NewOrder,1772077905.054811,18193,4,1
1,NewOrder,1772077905.057684,34230,14,1
2,Payment,1772077905.058074,5534,5,1
2,Payment,1772077905.058093,10351,2,1
2,Payment,1772077905.058715,12727,1,1
2,Payment,1772077905.059875,28094,22,1
1,NewOrder,1772077905.060686,22888,8,1
1,NewOrder,1772077905.060848,25254,0,1
2,Payment,1772077905.061202,18758,3,1
2,Payment,1772077905.061229,8828,13,1
2,Payment,1772077905.063216,12270,12,1
3,OrderStatus,1772077905.063628,3615,5,1
2,Payment,1772077905.063694,32673,23,1
3,OrderStatus,1772077905.064284,6147,10,1
2,Payment,1772077905.064332,17604,17,1
2,Payment,1772077905.065157,4854,6,1
2,Payment,1772077905.065790,24090,15,1
2,Payment,1772077905.067266,17697,5,1
1,NewOrder,1772077905.067489,31993,11,1
2,Payment,1772077905.068466,20290,2,1
2,Payment,1772077905.069296,39105,20,1
4,Delivery,1772077905.070036,9620,6,1
1,NewOrder,1772077905.070083,18720,13,1
1,NewOrder,1772077905.070444,16988,10,1
1,NewOrder,1772077905.071461,16498,1,1
1,NewOrder,1772077905.073032,14846,4,1
2,Payment,1772077905.075512,21501,12,1
1,NewOrder,1772077905.076550,25748,16,1
2,Payment,1772077905.077459,42152,21,1
2,Payment,1772077905.079683,8237,6,1
1,NewOrder,1772077905.079987,41664,3,1
1,NewOrder,1772077905.081955,18579,17,1
2,Payment,1772077905.083591,8717,8,1
2,Payment,1772077905.084010,11917,7,1
2,Payment,1772077905.084988,13063,5,1
1,NewOrder,1772077905.085023,17268,18,1
4,Delivery,1772077905.086124,4044,0,1
2,Payment,1772077905.086710,14242,9,1
3,OrderStatus,1772077905.087456,2192,10,1
2,Payment,1772077905.087896,31795,4,1
1,NewOrder,1772077905.087935,37211,6,1
2,Payment,1772077905.087985,51117,1,1
2,Payment,1772077905.087993,40312,22,1
2,Payment,1772077905.088770,15897,2,1
1,NewOrder,1772077905.088818,14549,13,1
1,NewOrder,1772077905.089673,13717,10,1
2,Payment,1772077905.089904,11982,15,1
3,OrderStatus,1772077905.090185,2376,0,1
1,NewOrder,1772077905.090223,19466,19,1
1,NewOrder,1772077905.091940,18613,14,1
1,NewOrder,1772077905.092326,10579,8,1
2,Payment,1772077905.092573,41382,0,1
2,Payment,1772077905.095952,9230,7,1
1,NewOrder,1772077905.096406,41630,23,1
1,NewOrder,1772077905.097029,13100,12,1
2,Payment,1772077905.098075,45044,5,1
2,Payment,1772077905.099508,16160,11,1
2,Payment,1772077905.100560,4580,17,1
2,Payment,1772077905.100971,18670,9,1
1,NewOrder,1772077905.101914,8140,15,1
1,NewOrder,1772077905.102312,11485,18,1
2,Payment,1772077905.102326,14399,16,1
1,NewOrder,1772077905.102923,25286,8,1
2,Payment,1772077905.103380,25957,13,1
1,NewOrder,1772077905.103402,20683,10,1
1,NewOrder,1772077905.104692,14423,2,1
1,NewOrder,1772077905.105166,7157,17,1
3,OrderStatus,1772077905.105204,7314,7,1
2,Payment,1772077905.108424,27094,20,1
5,StockLevel,1772077905.109705,19734,19,1
1,NewOrder,1772077905.110072,4944,15,1
1,NewOrder,1772077905.110146,17650,12,1
5,StockLevel,1772077905.110579,17335,14,1
2,Payment,1772077905.112345,8436,17,1
1,NewOrder,1772077905.112545,32451,7,1
2,Payment,1772077905.113813,29632,18,1
1,NewOrder,1772077905.115036,19422,15,1
5,StockLevel,1772077905.115692,19612,11,1
4,Delivery,1772077905.116738,36691,16,1
2,Payment,1772077905.119138,30360,2,1
3,OrderStatus,1772077905.119624,9715,21,1
4,Delivery,1772077905.119660,72785,9,1
5,StockLevel,1772077905.119707,29282,4,1
2,Payment,1772077905.120807,13918,17,1
2,Payment,1772077905.121678,14590,3,1
1,NewOrder,1772077905.124106,24208,10,1
1,NewOrder,1772077905.125163,7660,6,1
1,NewOrder,1772077905.127809,26431,12,1
2,Payment,1772077905.127940,14863,14,1
2,Payment,1772077905.128237,13479,8,1
5,StockLevel,1772077905.128334,35581,22,1
1,NewOrder,1772077905.129367,18544,13,1
2,Payment,1772077905.129370,21375,21,1
1,NewOrder,1772077905.129466,4882,19,1
2,Payment,1772077905.132845,11760,6,1
1,NewOrder,1772077905.133982,25087,0,1
2,Payment,1772077905.134368,22310,19,1
2,Payment,1772077905.134473,19400,15,1
1,NewOrder,1772077905.134754,21373,17,1
2,Payment,1772077905.135324,21963,11,1
1,NewOrder,1772077905.135544,39680,20,1
1,NewOrder,1772077905.136286,4858,3,1
2,Payment,1772077905.138063,25941,23,1
2,Payment,1772077905.139117,25721,1,1
1,NewOrder,1772077905.141173,26616,3,1
2,Payment,1772077905.141742,21005,8,1
2,Payment,1772077905.142828,17023,14,1
1,NewOrder,1772077905.143135,23085,5,1
2,Payment,1772077905.143453,41076,18,1
1,NewOrder,1772077905.144630,12092,6,1
1,NewOrder,1772077905.145021,32093,7,1
1,NewOrder,1772077905.147927,15700,13,1
1,NewOrder,1772077905.148335,17459,10,1
2,Payment,1772077905.149014,7630,4,1
1,NewOrder,1772077905.149511,20323,2,1
1,NewOrder,1772077905.150762,20120,21,1
1,NewOrder,1772077905.153450,36109,16,1
1,NewOrder,1772077905.153902,35673,15,1
1,NewOrder,1772077905.154257,30241,12,1
2,Payment,1772077905.156148,9562,17,1
1,NewOrder,1772077905.156662,57587,4,1
2,Payment,1772077905.156695,14676,19,1
2,Payment,1772077905.156740,11526,6,1
3,OrderStatus,1772077905.157316,7715,11,1
2,Payment,1772077905.159086,12648,0,1
1,NewOrder,1772077905.159873,20227,14,1
1,NewOrder,1772077905.162764,35188,8,1
1,NewOrder,1772077905.163648,40301,13,1
1,NewOrder,1772077905.163950,25135,22,1
1,NewOrder,1772077905.164017,20992,23,1
1,NewOrder,1772077905.164852,21905,1,1
1,NewOrder,1772077905.165047,26282,11,1
1,NewOrder,1772077905.165728,59523,17,1
4,Delivery,1772077905.165823,27108,10,1
2,Payment,1772077905.166245,17669,5,1
1,NewOrder,1772077905.167816,22882,3,1
2,Payment,1772077905.168281,7326,6,1
3,OrderStatus,1772077905.169853,6931,2,1
1,NewOrder,1772077905.170895,37023,21,1
5,StockLevel,1772077905.171387,17966,19,1
2,Payment,1772077905.171757,28029,0,1
1,NewOrder,1772077905.175239,20698,20,1
1,NewOrder,1772077905.175627,17710,6,1
2,Payment,1772077905.176798,29813,2,1
2,Payment,1772077905.177148,7920,7,1
2,Payment,1772077905.180118,5416,14,1
1,NewOrder,1772077905.183933,36511,5,1
1,NewOrder,1772077905.184515,16485,12,1
1,NewOrder,1772077905.184551,53498,18,1
2,Payment,1772077905.185028,8843,23,1
2,Payment,1772077905.185086,7387,7,1
2,Payment,1772077905.185553,6271,14,1
1,NewOrder,1772077905.186775,13932,1,1
2,Payment,1772077905.189107,11077,22,1
1,NewOrder,1772077905.189377,31972,19,1
3,OrderStatus,1772077905.189578,6869,16,1
2,Payment,1772077905.189585,8940,15,1
2,Payment,1772077905.190716,26391,3,1
2,Payment,1772077905.191361,7140,11,1
1,NewOrder,1772077905.191837,18149,14,1
1,NewOrder,1772077905.192463,38578,9,1
1,NewOrder,1772077905.192492,24501,7,1
5,StockLevel,1772077905.192952,21585,10,1
1,NewOrder,1772077905.193360,15207,6,1
1,NewOrder,1772077905.193881,33037,23,1
1,NewOrder,1772077905.195948,46051,20,1
2,Payment,1772077905.196471,8717,16,1
2,Payment,1772077905.197969,6666,8,1
2,Payment,1772077905.198520,13472,11,1
2,Payment,1772077905.198534,18492,15,1
2,Payment,1772077905.199817,31266,0,1
1,NewOrder,1772077905.200193,21691,22,1
1,NewOrder,1772077905.200721,48435,1,1
5,StockLevel,1772077905.201009,27260,12,1
1,NewOrder,1772077905.203959,31545,13,1
1,NewOrder,1772077905.204651,16187,8,1
1,NewOrder,1772077905.205206,16709,16,1
4,Delivery,1772077905.206626,52203,2,1
2,Payment,1772077905.207937,8476,21,1
2,Payment,1772077905.208581,10035,6,1
1,NewOrder,1772077905.210004,21739,14,1
1,NewOrder,1772077905.212009,13739,11,1
1,NewOrder,1772077905.214264,43989,4,1
1,NewOrder,1772077905.214562,48356,10,1
2,Payment,1772077905.216425,18135,21,1
1,NewOrder,1772077905.217011,44646,7,1
2,Payment,1772077905.217048,13591,15,1
1,NewOrder,1772077905.217128,31566,3,1
2,Payment,1772077905.218628,4027,6,1
2,Payment,1772077905.220469,14673,5,1
1,NewOrder,1772077905.220851,10869,8,1
1,NewOrder,1772077905.221376,15006,19,1
1,NewOrder,1772077905.221899,71682,22,1
4,Delivery,1772077905.221933,37941,16,1
1,NewOrder,1772077905.222681,20329,6,1
1,NewOrder,1772077905.225268,28357,17,1
1,NewOrder,1772077905.225764,16734,11,1
1,NewOrder,1772077905.226928,32428,23,1
1,NewOrder,1772077905.228292,23957,12,1
1,NewOrder,1772077905.230665,26126,15,1
2,Payment,1772077905.231055,9184,9,1
1,NewOrder,1772077905.231103,30925,0,1
2,Payment,1772077905.231745,13993,8,1
2,Payment,1772077905.231756,14427,14,1
1,NewOrder,1772077905.234574,34876,21,1
1,NewOrder,1772077905.235168,13845,5,1
3,OrderStatus,1772077905.235524,4393,13,1
1,NewOrder,1772077905.236393,24284,19,1
1,NewOrder,1772077905.238065,39518,18,1
1,NewOrder,1772077905.239937,29482,13,1
1,NewOrder,1772077905.240260,22227,9,1
2,Payment,1772077905.242029,10594,20,1
1,NewOrder,1772077905.242514,21431,11,1
2,Payment,1772077905.243028,9551,6,1
2,Payment,1772077905.245755,15297,8,1
4,Delivery,1772077905.246206,14310,14,1
5,StockLevel,1772077905.248709,16679,3,1
1,NewOrder,1772077905.249039,15724,5,1
2,Payment,1772077905.249177,9563,1,1
1,NewOrder,1772077905.252276,17100,12,1
1,NewOrder,1772077905.252605,16277,6,1
1,NewOrder,1772077905.252645,46207,20,1
2,Payment,1772077905.253645,7937,17,1
2,Payment,1772077905.256809,17431,15,1
1,NewOrder,1772077905.258270,31188,4,1
2,Payment,1772077905.258750,6774,1,1
1,NewOrder,1772077905.258841,45876,2,1
5,StockLevel,1772077905.259371,10749,23,1
1,NewOrder,1772077905.259901,20238,16,1
1,NewOrder,1772077905.260547,44198,14,1
1,NewOrder,1772077905.260699,36680,19,1
4,Delivery,1772077905.261069,36678,8,1
2,Payment,1772077905.261593,22980,17,1
2,Payment,1772077905.261670,13294,7,1
1,NewOrder,1772077905.262054,43237,0,1
2,Payment,1772077905.262514,21476,9,1
2,Payment,1772077905.262930,23744,10,1
2,Payment,1772077905.263958,28796,11,1
2,Payment,1772077905.264778,6800,5,1
1,NewOrder,1772077905.265415,9724,3,1
2,Payment,1772077905.265537,15659,1,1
1,NewOrder,1772077905.268930,20561,6,1
1,NewOrder,1772077905.269395,34186,12,1
1,NewOrder,1772077905.269442,36375,13,1
2,Payment,1772077905.269470,12344,21,1
1,NewOrder,1772077905.270133,4558,23,1
1,NewOrder,1772077905.271605,33163,5,1
2,Payment,1772077905.274265,21472,15,1
1,NewOrder,1772077905.274716,4942,23,1
5,StockLevel,1772077905.274992,26856,7,1
1,NewOrder,1772077905.275159,5295,3,1
2,Payment,1772077905.277602,8501,18,1
2,Payment,1772077905.279681,9341,23,1
1,NewOrder,1772077905.280155,15970,16,1
5,StockLevel,1772077905.280487,4817,3,1
1,NewOrder,1772077905.281222,16216,1,1
2,Payment,1772077905.281845,14317,21,1
2,Payment,1772077905.284007,12931,9,1
1,NewOrder,1772077905.284600,28570,17,1
1,NewOrder,1772077905.285332,22312,3,1
1,NewOrder,1772077905.286126,32883,18,1
2,Payment,1772077905.286687,16975,10,1
1,NewOrder,1772077905.289043,15320,23,1
1,NewOrder,1772077905.289478,33210,4,1
2,Payment,1772077905.289506,20764,6,1
2,Payment,1772077905.292774,24648,11,1
2,Payment,1772077905.293602,16354,22,1
1,NewOrder,1772077905.295752,16947,15,1
2,Payment,1772077905.296151,7465,16,1
1,NewOrder,1772077905.296186,37829,21,1
1,NewOrder,1772077905.296952,28654,9,1
2,Payment,1772077905.297398,27769,19,1
2,Payment,1772077905.297450,5594,1,1
5,StockLevel,1772077905.297765,39350,8,1
1,NewOrder,1772077905.298862,17158,20,1
2,Payment,1772077905.301867,28015,7,1
2,Payment,1772077905.303069,7926,1,1
2,Payment,1772077905.303596,19486,12,1
1,NewOrder,1772077905.303638,20509,16,1
5,StockLevel,1772077905.303690,16784,10,1
2,Payment,1772077905.304375,25406,23,1
1,NewOrder,1772077905.304739,14685,2,1
1,NewOrder,1772077905.304758,14313,14,1
2,Payment,1772077905.304790,18331,5,1
1,NewOrder,1772077905.305303,22093,0,1
1,NewOrder,1772077905.305831,13982,13,1
1,NewOrder,1772077905.307659,33645,3,1
4,Delivery,1772077905.309981,104252,22,1
2,Payment,1772077905.310299,25047,6,1
1,NewOrder,1772077905.311014,18586,1,1
1,NewOrder,1772077905.312717,24028,15,1
1,NewOrder,1772077905.313184,16720,17,1
1,NewOrder,1772077905.316049,35086,20,1
1,NewOrder,1772077905.317439,16232,11,1
2,Payment,1772077905.319032,18666,18,1
3,OrderStatus,1772077905.319085,3556,14,1
2,Payment,1772077905.319438,7287,2,1
3,OrderStatus,1772077905.319826,2274,13,1
2,Payment,1772077905.320488,21290,10,1
2,Payment,1772077905.322124,5865,13,1
3,OrderStatus,1772077905.322662,3406,14,1
1,NewOrder,1772077905.322714,20264,4,1
1,NewOrder,1772077905.323096,34709,12,1
2,Payment,1772077905.323146,6651,5,1
1,NewOrder,1772077905.324165,30964,16,1
1,NewOrder,1772077905.325193,35607,19,1
2,Payment,1772077905.325631,26375,9,1
2,Payment,1772077905.326090,3738,14,1
2,Payment,1772077905.326743,7334,2,1
2,Payment,1772077905.327413,22600,0,1
2,Payment,1772077905.328005,6616,13,1
2,Payment,1772077905.329626,16180,1,1
2,Payment,1772077905.329798,13996,23,1
4,Delivery,1772077905.329823,57880,5,1
4,Delivery,1772077905.329851,54569,14,1
1,NewOrder,1772077905.329898,19474,7,1
1,NewOrder,1772077905.329918,24172,17,1
1,NewOrder,1772077905.333690,24167,11,1
4,Delivery,1772077905.334032,80699,21,1
2,Payment,1772077905.334108,23374,2,1
2,Payment,1772077905.334637,4924,13,1
1,NewOrder,1772077905.335367,29827,6,1
1,NewOrder,1772077905.336761,24499,15,1
4,Delivery,1772077905.337132,21688,8,1
1,NewOrder,1772077905.337718,21078,18,1
2,Payment,1772077905.339578,5896,13,1
2,Payment,1772077905.341319,26035,3,1
2,Payment,1772077905.341798,19501,10,1
2,Payment,1772077905.342995,29668,4,1
1,NewOrder,1772077905.343809,14560,23,1
2,Payment,1772077905.345497,5053,13,1
2,Payment,1772077905.345829,36802,1,1
1,NewOrder,1772077905.349391,19394,7,1
2,Payment,1772077905.350026,40683,0,1
2,Payment,1772077905.350567,6375,13,1
1,NewOrder,1772077905.351157,10633,20,1
2,Payment,1772077905.352025,18986,9,1
2,Payment,1772077905.354118,11077,17,1
2,Payment,1772077905.355140,14176,16,1
5,StockLevel,1772077905.356962,19132,13,1
3,OrderStatus,1772077905.357503,6752,2,1
2,Payment,1772077905.357823,20719,12,1
1,NewOrder,1772077905.357871,25655,11,1
1,NewOrder,1772077905.358393,25634,23,1
1,NewOrder,1772077905.358811,14615,18,1
4,Delivery,1772077905.358843,22014,8,1
1,NewOrder,1772077905.360822,24835,19,1
1,NewOrder,1772077905.361278,23045,15,1
2,Payment,1772077905.361316,16656,10,1
2,Payment,1772077905.361807,5942,20,1
1,NewOrder,1772077905.364279,24333,2,1
1,NewOrder,1772077905.365218,23741,6,1
2,Payment,1772077905.365221,18832,17,1
1,NewOrder,1772077905.367378,19504,3,1
2,Payment,1772077905.367764,6584,20,1
2,Payment,1772077905.368804,17316,7,1
1,NewOrder,1772077905.369337,29648,16,1
1,NewOrder,1772077905.371033,18606,9,1
1,NewOrder,1772077905.372685,31834,4,1
2,Payment,1772077905.373449,9625,18,1
5,StockLevel,1772077905.374367,20471,20,1
2,Payment,1772077905.376114,20631,13,1
2,Payment,1772077905.377994,13167,10,1
1,NewOrder,1772077905.378563,20281,12,1
2,Payment,1772077905.380876,18050,8,1
4,Delivery,1772077905.382658,7451,1,1
2,Payment,1772077905.383097,15958,18,1
1,NewOrder,1772077905.383543,19577,11,1
3,OrderStatus,1772077905.384052,14020,23,1
2,Payment,1772077905.384074,20373,17,1
1,NewOrder,1772077905.384343,14602,15,1
2,Payment,1772077905.384439,33259,14,1
1,NewOrder,1772077905.385674,13342,19,1
3,OrderStatus,1772077905.386136,5075,7,1
5,StockLevel,1772077905.386898,8935,3,1
1,NewOrder,1772077905.387720,26416,5,1
3,OrderStatus,1772077905.388632,8022,2,1
4,Delivery,1772077905.388975,13113,6,1
2,Payment,1772077905.389656,14755,9,1
1,NewOrder,1772077905.390131,24061,1,1
1,NewOrder,1772077905.390735,28229,0,1
2,Payment,1772077905.391179,22990,10,1
4,Delivery,1772077905.391239,11592,7,1
2,Payment,1772077905.394855,11677,20,1
1,NewOrder,1772077905.395855,16781,3,1
2,Payment,1772077905.396671,6417,2,1
2,Payment,1772077905.396761,29731,13,1
1,NewOrder,1772077905.398091,16176,23,1
3,OrderStatus,1772077905.398868,12356,12,1
1,NewOrder,1772077905.398941,18577,8,1
2,Payment,1772077905.398956,35591,15,1
5,StockLevel,1772077905.399004,21234,16,1
1,NewOrder,1772077905.399042,19907,19,1
2,Payment,1772077905.399071,18661,18,1
1,NewOrder,1772077905.402103,14346,6,1
1,NewOrder,1772077905.402851,16701,7,1
1,NewOrder,1772077905.403105,14696,2,1
1,NewOrder,1772077905.403140,14613,11,1
2,Payment,1772077905.404430,13411,9,1
1,NewOrder,1772077905.404460,24393,17,1
1,NewOrder,1772077905.404545,16270,4,1
4,Delivery,1772077905.406548,8283,20,1
2,Payment,1772077905.411242,31573,12,1
2,Payment,1772077905.412659,6927,3,1
3,OrderStatus,1772077905.414151,5331,5,1
1,NewOrder,1772077905.414189,14752,10,1
2,Payment,1772077905.414215,8712,1,1
2,Payment,1772077905.414256,13227,22,1
2,Payment,1772077905.414298,23002,23,1
2,Payment,1772077905.414752,29685,21,1
2,Payment,1772077905.414853,35876,20,1
1,NewOrder,1772077905.416477,12446,6,1
1,NewOrder,1772077905.417539,16140,8,1
2,Payment,1772077905.417715,33863,14,1
1,NewOrder,1772077905.417752,15879,18,1
2,Payment,1772077905.417765,6901,11,1
2,Payment,1772077905.417828,19512,2,1
2,Payment,1772077905.417855,14231,9,1
2,Payment,1772077905.418963,35124,19,1
1,NewOrder,1772077905.418979,27050,0,1
2,Payment,1772077905.419502,8048,5,1
1,NewOrder,1772077905.419573,16456,7,1
4,Delivery,1772077905.419606,19826,3,1
2,Payment,1772077905.420251,39178,16,1
2,Payment,1772077905.420826,23527,4,1
1,NewOrder,1772077905.422941,19944,1,1
2,Payment,1772077905.424675,16719,11,1
1,NewOrder,1772077905.426512,25167,13,1
2,Payment,1772077905.427509,32957,22,1
2,Payment,1772077905.427564,23030,5,1
1,NewOrder,1772077905.428880,12436,17,1
1,NewOrder,1772077905.428938,30515,6,1
1,NewOrder,1772077905.428950,22697,10,1
2,Payment,1772077905.432118,15609,9,1
1,NewOrder,1772077905.433657,15485,18,1
2,Payment,1772077905.433711,17911,8,1
2,Payment,1772077905.434571,32067,15,1
2,Payment,1772077905.436044,21744,7,1
1,NewOrder,1772077905.437317,6017,23,1
2,Payment,1772077905.437366,15830,2,1
5,StockLevel,1772077905.439451,8874,3,1
1,NewOrder,1772077905.441334,17982,17,1
2,Payment,1772077905.441412,20577,11,1
4,Delivery,1772077905.442839,8693,12,1
2,Payment,1772077905.442899,17527,1,1
5,StockLevel,1772077905.443354,2088,23,1
2,Payment,1772077905.444373,23827,4,1
2,Payment,1772077905.444454,22130,21,1
2,Payment,1772077905.445455,28598,23,1
1,NewOrder,1772077905.446058,13430,0,1
2,Payment,1772077905.447754,17525,9,1
2,Payment,1772077905.448347,76732,3,1
1,NewOrder,1772077905.449166,19064,18,1
2,Payment,1772077905.450622,23289,5,1
1,NewOrder,1772077905.450749,17376,20,1
2,Payment,1772077905.451552,22590,12,1
1,NewOrder,1772077905.451598,13740,14,1
1,NewOrder,1772077905.451640,17846,8,1
1,NewOrder,1772077905.451666,12567,10,1
5,StockLevel,1772077905.451695,10420,13,1
2,Payment,1772077905.453214,45496,2,1
1,NewOrder,1772077905.454106,19909,19,1
2,Payment,1772077905.457809,14587,7,1
1,NewOrder,1772077905.459335,19099,17,1
2,Payment,1772077905.459462,20491,16,1
2,Payment,1772077905.459467,25774,6,1
2,Payment,1772077905.459510,20411,0,1
2,Payment,1772077905.460441,25851,1,1
1,NewOrder,1772077905.460479,19551,22,1
2,Payment,1772077905.462006,14466,11,1
1,NewOrder,1772077905.462129,11975,13,1
1,NewOrder,1772077905.464252,15653,10,1
1,NewOrder,1772077905.465300,14697,9,1
1,NewOrder,1772077905.465351,8728,14,1
2,Payment,1772077905.466608,15312,21,1
1,NewOrder,1772077905.466655,21055,15,1
2,Payment,1772077905.468139,17073,20,1
2,Payment,1772077905.468218,41080,4,1
2,Payment,1772077905.468250,21697,18,1
2,Payment,1772077905.469508,10562,8,1
1,NewOrder,1772077905.472410,9461,7,1
2,Payment,1772077905.473942,17324,5,1
2,Payment,1772077905.474033,28549,19,1
2,Payment,1772077905.474073,21014,23,1
1,NewOrder,1772077905.474094,9545,14,1
2,Payment,1772077905.474121,11183,13,1
1,NewOrder,1772077905.474158,11116,12,1
2,Payment,1772077905.476488,15991,11,1
3,OrderStatus,1772077905.478459,2823,17,1
4,Delivery,1772077905.479932,33929,10,1
2,Payment,1772077905.479949,36702,0,1
2,Payment,1772077905.479969,13716,16,1
2,Payment,1772077905.480010,21273,9,1
1,NewOrder,1772077905.480050,20211,22,1
3,OrderStatus,1772077905.480089,2384,8,1
4,Delivery,1772077905.481298,63903,17,1
3,OrderStatus,1772077905.481891,3380,7,1
1,NewOrder,1772077905.481937,18360,21,1
1,NewOrder,1772077905.482493,17712,8,1
1,NewOrder,1772077905.483656,9990,14,1
1,NewOrder,1772077905.485231,25734,20,1
2,Payment,1772077905.485257,25701,6,1
1,NewOrder,1772077905.485297,19315,7,1
2,Payment,1772077905.485298,16046,12,1
1,NewOrder,1772077905.485322,17327,13,1
4,Delivery,1772077905.486315,37054,1,1
2,Payment,1772077905.487727,19076,15,1
4,Delivery,1772077905.489965,12520,18,1
1,NewOrder,1772077905.491287,22629,5,1
2,Payment,1772077905.492499,25806,11,1
1,NewOrder,1772077905.493682,17205,14,1
2,Payment,1772077905.493705,20238,16,1
2,Payment,1772077905.495111,12980,23,1
1,NewOrder,1772077905.498725,16934,2,1
1,NewOrder,1772077905.500223,21517,8,1
1,NewOrder,1772077905.500273,16346,22,1
1,NewOrder,1772077905.500318,18910,21,1
2,Payment,1772077905.501297,24820,9,1
1,NewOrder,1772077905.501362,15231,12,1
4,Delivery,1772077905.502511,9410,18,1
1,NewOrder,1772077905.502597,26454,19,1
2,Payment,1772077905.502667,19880,13,1
2,Payment,1772077905.504627,31652,7,1
2,Payment,1772077905.506816,25291,15,1
5,StockLevel,1772077905.508110,9935,23,1
1,NewOrder,1772077905.509318,16828,4,1
2,Payment,1772077905.510916,26530,14,1
2,Payment,1772077905.510988,5577,20,1
1,NewOrder,1772077905.510993,19918,6,1
2,Payment,1772077905.511939,10564,18,1
5,StockLevel,1772077905.513875,6141,10,1
1,NewOrder,1772077905.513941,15194,5,1
2,Payment,1772077905.513964,31400,16,1
2,Payment,1772077905.515683,15270,2,1
2,Payment,1772077905.516584,11247,20,1
3,OrderStatus,1772077905.516612,10036,12,1
1,NewOrder,1772077905.516642,15493,22,1
1,NewOrder,1772077905.516667,14252,0,1
1,NewOrder,1772077905.518064,14087,23,1
1,NewOrder,1772077905.518315,25160,11,1
2,Payment,1772077905.519246,14363,21,1
2,Payment,1772077905.520036,12118,10,1
2,Payment,1772077905.521766,31090,8,1
2,Payment,1772077905.522523,17097,18,1
2,Payment,1772077905.522565,31546,13,1
2,Payment,1772077905.523389,14093,1,1
1,NewOrder,1772077905.525092,8483,3,1
2,Payment,1772077905.526137,18876,9,1
2,Payment,1772077905.526167,20142,4,1
1,NewOrder,1772077905.526667,16838,12,1
1,NewOrder,1772077905.527853,17301,20,1
1,NewOrder,1772077905.529064,16195,19,1
1,NewOrder,1772077905.529152,17101,5,1
2,Payment,1772077905.530931,30505,6,1
2,Payment,1772077905.530946,25309,0,1
2,Payment,1772077905.530966,31860,2,1
2,Payment,1772077905.532122,29175,15,1
5,StockLevel,1772077905.532169,10535,23,1
2,Payment,1772077905.532169,13058,22,1
1,NewOrder,1772077905.532205,11326,10,1
2,Payment,1772077905.533605,40466,3,1
2,Payment,1772077905.533626,21518,21,1
2,Payment,1772077905.536304,29755,7,1
1,NewOrder,1772077905.537465,9026,14,1
2,Payment,1772077905.537499,46889,1,1
2,Payment,1772077905.539642,24115,18,1
1,NewOrder,1772077905.542727,9045,23,1
2,Payment,1772077905.543502,28913,11,1
1,NewOrder,1772077905.543520,30468,12,1
1,NewOrder,1772077905.543554,7310,10,1
1,NewOrder,1772077905.545028,13070,9,1
1,NewOrder,1772077905.545170,27210,20,1
4,Delivery,1772077905.545222,50273,17,1
1,NewOrder,1772077905.545244,21805,22,1
1,NewOrder,1772077905.545271,33435,19,1
5,StockLevel,1772077905.545383,26215,16,1
2,Payment,1772077905.546269,45147,5,1
1,NewOrder,1772077905.546323,13757,4,1
2,Payment,1772077905.546502,20518,14,1
1,NewOrder,1772077905.550883,10474,10,1
1,NewOrder,1772077905.551796,9530,23,1
2,Payment,1772077905.552869,38580,8,1
1,NewOrder,1772077905.554131,25981,13,1
2,Payment,1772077905.555157,16118,21,1
1,NewOrder,1772077905.556274,23810,0,1
1,NewOrder,1772077905.558117,8873,9,1
1,NewOrder,1772077905.560106,14937,4,1
2,Payment,1772077905.561316,10966,15,1
2,Payment,1772077905.561343,16158,23,1
2,Payment,1772077905.561384,39899,10,1
1,NewOrder,1772077905.561447,24308,6,1
1,NewOrder,1772077905.562845,17208,2,1
1,NewOrder,1772077905.563776,19144,18,1
3,OrderStatus,1772077905.566089,3604,7,1
1,NewOrder,1772077905.567008,24494,9,1
2,Payment,1772077905.567040,14628,14,1
1,NewOrder,1772077905.567068,24470,22,1
1,NewOrder,1772077905.569711,31608,7,1
1,NewOrder,1772077905.571295,20168,21,1
2,Payment,1772077905.571621,14119,16,1
1,NewOrder,1772077905.572306,35610,15,1
2,Payment,1772077905.572398,15335,20,1
1,NewOrder,1772077905.572443,21612,11,1
1,NewOrder,1772077905.574006,22407,12,1
1,NewOrder,1772077905.574087,10350,3,1
2,Payment,1772077905.575074,28673,4,1
2,Payment,1772077905.577521,15277,23,1
2,Payment,1772077905.578725,22614,19,1
1,NewOrder,1772077905.580071,11270,2,1
2,Payment,1772077905.580106,32830,0,1
4,Delivery,1772077905.580131,16020,13,1
2,Payment,1772077905.581690,8720,14,1
2,Payment,1772077905.582941,25053,18,1
1,NewOrder,1772077905.584408,31696,1,1
2,Payment,1772077905.584458,39458,3,1
2,Payment,1772077905.585757,14497,16,1
3,OrderStatus,1772077905.585767,5146,6,1
1,NewOrder,1772077905.587762,10129,20,1
1,NewOrder,1772077905.590438,24429,14,1
1,NewOrder,1772077905.590921,25210,6,1
2,Payment,1772077905.591364,39990,2,1
1,NewOrder,1772077905.591440,23360,5,1
2,Payment,1772077905.591473,20332,8,1
4,Delivery,1772077905.591473,36998,21,1
1,NewOrder,1772077905.591526,27277,9,1
2,Payment,1772077905.591559,28560,22,1
1,NewOrder,1772077905.592824,21720,23,1
1,NewOrder,1772077905.594072,7176,11,1
2,Payment,1772077905.595512,9642,17,1
1,NewOrder,1772077905.596170,15581,13,1
3,OrderStatus,1772077905.596434,2320,12,1
1,NewOrder,1772077905.597917,9137,20,1
4,Delivery,1772077905.598774,9240,12,1
1,NewOrder,1772077905.600266,19804,16,1
1,NewOrder,1772077905.601271,21665,11,1
1,NewOrder,1772077905.601309,21659,10,1
1,NewOrder,1772077905.601340,26159,7,1
1,NewOrder,1772077905.601353,26202,19,1
1,NewOrder,1772077905.603775,16357,4,1
2,Payment,1772077905.605173,7849,17,1
1,NewOrder,1772077905.607079,14861,20,1
1,NewOrder,1772077905.607939,24492,15,1
2,Payment,1772077905.608018,18514,18,1
1,NewOrder,1772077905.608039,34632,12,1
2,Payment,1772077905.611772,14825,13,1
1,NewOrder,1772077905.611832,20718,8,1
2,Payment,1772077905.612961,23004,0,1
1,NewOrder,1772077905.613049,9843,17,1
1,NewOrder,1772077905.614562,7293,23,1
2,Payment,1772077905.614820,34993,5,1
1,NewOrder,1772077905.614887,32926,14,1
3,OrderStatus,1772077905.616130,10272,1,1
2,Payment,1772077905.616155,9098,6,1
2,Payment,1772077905.618830,10903,9,1
2,Payment,1772077905.620101,14210,16,1
3,OrderStatus,1772077905.620146,7816,22,1
2,Payment,1772077905.620153,39577,4,1
2,Payment,1772077905.621868,11428,23,1
1,NewOrder,1772077905.621967,21845,20,1
1,NewOrder,1772077905.622922,23433,17,1
2,Payment,1772077905.622956,14441,11,1
1,NewOrder,1772077905.622994,23337,10,1
2,Payment,1772077905.623942,46902,3,1
1,NewOrder,1772077905.625279,22675,6,1
2,Payment,1772077905.626417,56082,1,1
1,NewOrder,1772077905.626559,21370,18,1
2,Payment,1772077905.626622,18207,13,1
2,Payment,1772077905.627515,18857,7,1
1,NewOrder,1772077905.627575,20422,19,1
1,NewOrder,1772077905.627984,19907,22,1
1,NewOrder,1772077905.628499,19508,21,1
1,NewOrder,1772077905.629749,27742,9,1
4,Delivery,1772077905.631376,18332,2,1
4,Delivery,1772077905.632458,37592,15,1
1,NewOrder,1772077905.632577,27102,8,1
2,Payment,1772077905.633311,7266,23,1
1,NewOrder,1772077905.634345,18657,16,1
2,Payment,1772077905.635990,53236,0,1
1,NewOrder,1772077905.637417,28657,11,1
1,NewOrder,1772077905.640600,17791,23,1
2,Payment,1772077905.642692,8147,12,1
1,NewOrder,1772077905.643834,22287,20,1
5,StockLevel,1772077905.644846,14728,13,1
2,Payment,1772077905.646347,5300,10,1
1,NewOrder,1772077905.646373,18762,17,1
1,NewOrder,1772077905.646399,24187,7,1
2,Payment,1772077905.647824,7245,14,1
2,Payment,1772077905.647908,22532,22,1
2,Payment,1772077905.647952,6309,18,1
2,Payment,1772077905.647974,8051,6,1
2,Payment,1772077905.648024,12813,19,1
1,NewOrder,1772077905.648029,20984,21,1
2,Payment,1772077905.649723,49224,2,1
1,NewOrder,1772077905.649844,22642,5,1
4,Delivery,1772077905.650855,20000,12,1
1,NewOrder,1772077905.651663,18466,10,1
1,NewOrder,1772077905.653016,44194,16,1
5,StockLevel,1772077905.654289,17206,18,1
1,NewOrder,1772077905.655095,24678,14,1
1,NewOrder,1772077905.656053,27273,6,1
3,OrderStatus,1772077905.657514,6429,9,1
1,NewOrder,1772077905.658415,30933,23,1
2,Payment,1772077905.659593,6021,13,1
1,NewOrder,1772077905.659696,42030,8,1
1,NewOrder,1772077905.659753,38006,4,1
2,Payment,1772077905.660858,21205,19,1
1,NewOrder,1772077905.663968,22066,9,1
2,Payment,1772077905.665156,4472,17,1
1,NewOrder,1772077905.665626,26331,13,1
1,NewOrder,1772077905.666086,15987,11,1
1,NewOrder,1772077905.666146,25360,20,1
1,NewOrder,1772077905.669036,22949,21,1
2,Payment,1772077905.669653,7173,17,1
1,NewOrder,1772077905.670074,23814,15,1
5,StockLevel,1772077905.670151,17059,10,1
3,OrderStatus,1772077905.670454,12611,22,1
2,Payment,1772077905.670609,6919,7,1
1,NewOrder,1772077905.670861,26926,3,1
1,NewOrder,1772077905.670871,22753,12,1
1,NewOrder,1772077905.671514,25138,18,1
2,Payment,1772077905.672505,33311,5,1
1,NewOrder,1772077905.676845,25794,17,1
1,NewOrder,1772077905.677843,17194,7,1
1,NewOrder,1772077905.679808,27019,14,1
2,Payment,1772077905.682232,9792,19,1
1,NewOrder,1772077905.682235,39060,11,1
3,OrderStatus,1772077905.682529,9570,1,1
1,NewOrder,1772077905.683096,20349,22,1
2,Payment,1772077905.683346,5299,6,1
1,NewOrder,1772077905.686056,27423,9,1
2,Payment,1772077905.687227,10505,10,1
1,NewOrder,1772077905.688670,27281,6,1
2,Payment,1772077905.689250,30159,0,1
2,Payment,1772077905.689370,12855,23,1
2,Payment,1772077905.691523,17825,20,1
5,StockLevel,1772077905.691968,16321,13,1
1,NewOrder,1772077905.692004,24818,21,1
1,NewOrder,1772077905.692039,23974,19,1
1,NewOrder,1772077905.692125,16887,1,1
2,Payment,1772077905.693641,4052,12,1
1,NewOrder,1772077905.693909,20368,15,1
2,Payment,1772077905.695070,9444,7,1
2,Payment,1772077905.696681,24657,18,1
1,NewOrder,1772077905.697226,19656,16,1
5,StockLevel,1772077905.697747,14250,12,1
1,NewOrder,1772077905.697762,23169,10,1
2,Payment,1772077905.697807,14930,4,1
5,StockLevel,1772077905.697808,13118,3,1
1,NewOrder,1772077905.698970,20118,2,1
2,Payment,1772077905.701757,13683,8,1
1,NewOrder,1772077905.702248,14254,23,1
2,Payment,1772077905.702654,5294,17,1
2,Payment,1772077905.703464,23310,22,1
2,Payment,1772077905.704534,15774,7,1
5,StockLevel,1772077905.705832,12978,5,1
2,Payment,1772077905.706852,10575,14,1
2,Payment,1772077905.707974,16450,17,1
1,NewOrder,1772077905.708303,10429,13,1
1,NewOrder,1772077905.709031,26428,1,1
2,Payment,1772077905.709360,22708,20,1
2,Payment,1772077905.710948,14363,3,1
5,StockLevel,1772077905.712017,11944,12,1
2,Payment,1772077905.712752,17631,4,1
1,NewOrder,1772077905.713501,21860,9,1
1,NewOrder,1772077905.714300,19379,15,1
2,Payment,1772077905.715458,19197,8,1
2,Payment,1772077905.715973,26649,6,1
1,NewOrder,1772077905.716039,38804,19,1
2,Payment,1772077905.716542,20240,23,1
1,NewOrder,1772077905.716862,13656,21,1
1,NewOrder,1772077905.716928,11313,16,1
2,Payment,1772077905.717443,12955,14,1
1,NewOrder,1772077905.718748,10528,13,1
2,Payment,1772077905.718825,21011,5,1
1,NewOrder,1772077905.719112,11304,2,1
2,Payment,1772077905.719425,15175,0,1
1,NewOrder,1772077905.720328,29902,7,1
2,Payment,1772077905.720946,32289,10,1
5,StockLevel,1772077905.721310,12470,11,1
1,NewOrder,1772077905.721351,17094,18,1
1,NewOrder,1772077905.723975,16788,12,1
2,Payment,1772077905.724445,10986,17,1
2,Payment,1772077905.725325,21289,3,1
2,Payment,1772077905.726792,16406,22,1
1,NewOrder,1772077905.728253,12551,16,1
2,Payment,1772077905.729283,13792,13,1
2,Payment,1772077905.730403,28720,4,1
1,NewOrder,1772077905.730407,34913,14,1
2,Payment,1772077905.730442,21108,2,1
2,Payment,1772077905.730545,22301,21,1
1,NewOrder,1772077905.732080,37394,20,1
2,Payment,1772077905.733697,16218,15,1
3,OrderStatus,1772077905.733806,3903,11,1
1,NewOrder,1772077905.734625,21060,0,1
1,NewOrder,1772077905.734679,29958,8,1
2,Payment,1772077905.735376,28337,9,1
2,Payment,1772077905.735453,20016,17,1
1,NewOrder,1772077905.735483,21572,1,1
1,NewOrder,1772077905.736805,36064,23,1
2,Payment,1772077905.737729,20735,11,1
2,Payment,1772077905.738465,7467,18,1
1,NewOrder,1772077905.739850,28229,5,1
1,NewOrder,1772077905.740775,9459,12,1
1,NewOrder,1772077905.740826,9359,16,1
1,NewOrder,1772077905.742649,28054,6,1
1,NewOrder,1772077905.743087,32824,13,1
5,StockLevel,1772077905.743208,26683,22,1
1,NewOrder,1772077905.745947,29532,18,1
1,NewOrder,1772077905.746635,25748,3,1
1,NewOrder,1772077905.749936,26393,15,1
1,NewOrder,1772077905.750198,19248,16,1
4,Delivery,1772077905.750247,8639,12,1
1,NewOrder,1772077905.750261,24010,7,1
2,Payment,1772077905.751572,17941,2,1
3,OrderStatus,1772077905.752873,12143,21,1
1,NewOrder,1772077905.753251,22258,10,1
2,Payment,1772077905.754863,7290,19,1
2,Payment,1772077905.755489,7454,17,1
1,NewOrder,1772077905.755704,27425,0,1
5,StockLevel,1772077905.757074,16624,1,1
2,Payment,1772077905.758478,11855,11,1
1,NewOrder,1772077905.758908,26311,12,1
2,Payment,1772077905.759138,15990,4,1
1,NewOrder,1772077905.762169,14829,19,1
2,Payment,1772077905.762958,5836,17,1
2,Payment,1772077905.763727,12227,9,1
2,Payment,1772077905.764656,20178,8,1
1,NewOrder,1772077905.765037,29168,21,1
2,Payment,1772077905.765345,7903,14,1
2,Payment,1772077905.768096,13444,5,1
2,Payment,1772077905.768817,7552,17,1
2,Payment,1772077905.769471,12450,16,1
1,NewOrder,1772077905.769496,27116,20,1
1,NewOrder,1772077905.769531,22772,2,1
2,Payment,1772077905.769904,4850,22,1
2,Payment,1772077905.770347,21246,11,1
1,NewOrder,1772077905.770719,36828,6,1
2,Payment,1772077905.772398,16552,3,1
1,NewOrder,1772077905.772974,39875,23,1
2,Payment,1772077905.773267,12887,14,1
1,NewOrder,1772077905.773711,8162,1,1
2,Payment,1772077905.774300,22844,7,1
2,Payment,1772077905.774766,2574,22,1
1,NewOrder,1772077905.775147,31007,4,1
2,Payment,1772077905.775498,9689,18,1
1,NewOrder,1772077905.775527,22254,10,1
2,Payment,1772077905.775928,19633,13,1
1,NewOrder,1772077905.775967,23280,9,1
2,Payment,1772077905.776348,13094,15,1
1,NewOrder,1772077905.776385,24870,17,1
1,NewOrder,1772077905.777021,11531,19,1
1,NewOrder,1772077905.777352,15391,22,1
2,Payment,1772077905.781558,13614,5,1
2,Payment,1772077905.781885,16412,1,1
1,NewOrder,1772077905.781947,22825,16,1
2,Payment,1772077905.783140,23501,0,1
2,Payment,1772077905.784863,22132,8,1
1,NewOrder,1772077905.785208,27037,18,1
2,Payment,1772077905.785239,15697,12,1
1,NewOrder,1772077905.786174,18893,14,1
1,NewOrder,1772077905.788567,8546,19,1
1,NewOrder,1772077905.788962,24019,3,1
2,Payment,1772077905.789461,14842,15,1
1,NewOrder,1772077905.791617,27034,11,1
3,OrderStatus,1772077905.792320,9902,2,1
1,NewOrder,1772077905.792764,28852,22,1
1,NewOrder,1772077905.794227,30320,21,1
2,Payment,1772077905.795192,19288,5,1
2,Payment,1772077905.795573,13552,13,1
2,Payment,1772077905.796631,10883,20,1
1,NewOrder,1772077905.797139,29233,19,1
2,Payment,1772077905.797163,15746,7,1
1,NewOrder,1772077905.797797,17061,10,1
1,NewOrder,1772077905.798308,16575,1,1
2,Payment,1772077905.799272,19918,9,1
4,Delivery,1772077905.800954,11980,12,1
1,NewOrder,1772077905.801277,5257,17,1
2,Payment,1772077905.802244,15253,2,1
2,Payment,1772077905.804330,21506,15,1
2,Payment,1772077905.804794,45974,16,1
2,Payment,1772077905.805080,30117,14,1
5,StockLevel,1772077905.806174,7386,4,1
2,Payment,1772077905.806553,50136,17,1
1,NewOrder,1772077905.806663,31405,0,1
1,NewOrder,1772077905.807010,21722,8,1
3,OrderStatus,1772077905.807533,6456,20,1
2,Payment,1772077905.807561,18220,6,1
2,Payment,1772077905.809141,54364,13,1
2,Payment,1772077905.812272,7023,18,1
1,NewOrder,1772077905.812869,31390,23,1
1,NewOrder,1772077905.812929,30843,7,1
2,Payment,1772077905.812951,60556,12,1
5,StockLevel,1772077905.812999,14101,3,1
2,Payment,1772077905.813576,6084,4,1
1,NewOrder,1772077905.814019,5275,20,1
2,Payment,1772077905.814507,8968,5,1
1,NewOrder,1772077905.814872,12231,10,1
2,Payment,1772077905.814900,13300,1,1
1,NewOrder,1772077905.817512,28177,2,1
1,NewOrder,1772077905.818672,29556,11,1
2,Payment,1772077905.819202,14717,9,1
1,NewOrder,1772077905.819305,22601,20,1
1,NewOrder,1772077905.819314,16240,18,1
3,OrderStatus,1772077905.819682,3182,4,1
2,Payment,1772077905.821632,8167,22,1
1,NewOrder,1772077905.822884,28854,4,1
1,NewOrder,1772077905.823499,28215,5,1
3,OrderStatus,1772077905.824573,4934,21,1
1,NewOrder,1772077905.825796,35332,6,1
1,NewOrder,1772077905.825852,27527,15,1
1,NewOrder,1772077905.826387,35348,19,1
1,NewOrder,1772077905.827125,19020,10,1
1,NewOrder,1772077905.827129,20646,3,1
1,NewOrder,1772077905.828213,13893,1,1
1,NewOrder,1772077905.828748,18961,8,1
1,NewOrder,1772077905.829528,13480,21,1
1,NewOrder,1772077905.829815,21555,22,1
2,Payment,1772077905.833938,10300,9,1
1,NewOrder,1772077905.835218,23173,14,1
2,Payment,1772077905.835566,11197,18,1
1,NewOrder,1772077905.838082,14295,0,1
3,OrderStatus,1772077905.841932,8258,20,1
2,Payment,1772077905.842126,6867,1,1
1,NewOrder,1772077905.843031,19078,21,1
2,Payment,1772077905.843792,9507,7,1
2,Payment,1772077905.844264,5075,9,1
2,Payment,1772077905.844274,13717,23,1
1,NewOrder,1772077905.845715,18197,2,1
1,NewOrder,1772077905.846161,17290,10,1
1,NewOrder,1772077905.846777,21867,18,1
2,Payment,1772077905.847721,10705,8,1
2,Payment,1772077905.847793,5090,3,1
1,NewOrder,1772077905.848244,26729,11,1
2,Payment,1772077905.849004,13150,1,1
1,NewOrder,1772077905.849360,33707,9,1
1,NewOrder,1772077905.850212,24421,20,1
1,NewOrder,1772077905.850795,15539,16,1
2,Payment,1772077905.851394,11667,22,1
3,OrderStatus,1772077905.851734,8859,5,1
2,Payment,1772077905.851754,22442,4,1
1,NewOrder,1772077905.852403,36413,0,1
1,NewOrder,1772077905.852917,17553,3,1
5,StockLevel,1772077905.853323,18306,7,1
1,NewOrder,1772077905.853395,39769,15,1
2,Payment,1772077905.856716,24731,17,1
1,NewOrder,1772077905.858006,39034,23,1
2,Payment,1772077905.858406,32287,14,1
2,Payment,1772077905.858446,5181,8,1
2,Payment,1772077905.860612,20838,5,1
3,OrderStatus,1772077905.861150,5370,6,1
1,NewOrder,1772077905.861757,10444,19,1
2,Payment,1772077905.862126,7992,21,1
1,NewOrder,1772077905.862169,33170,1,1
1,NewOrder,1772077905.863079,20412,22,1
3,OrderStatus,1772077905.863464,14787,10,1
1,NewOrder,1772077905.863525,37879,13,1
2,Payment,1772077905.863646,6930,8,1
1,NewOrder,1772077905.863929,12119,2,1
2,Payment,1772077905.866350,32012,16,1
2,Payment,1772077905.866535,7357,6,1
1,NewOrder,1772077905.868661,9551,18,1
1,NewOrder,1772077905.870138,28931,21,1
2,Payment,1772077905.870482,15867,3,1
3,OrderStatus,1772077905.870602,6243,8,1
2,Payment,1772077905.871656,9843,7,1
4,Delivery,1772077905.872219,27622,19,1
4,Delivery,1772077905.873522,12302,12,1
2,Payment,1772077905.873920,12927,6,1
1,NewOrder,1772077905.874215,17323,4,1
1,NewOrder,1772077905.874651,21745,20,1
1,NewOrder,1772077905.874989,32153,11,1
1,NewOrder,1772077905.876064,24182,2,1
2,Payment,1772077905.876869,26251,8,1
1,NewOrder,1772077905.878233,32391,18,1
2,Payment,1772077905.878270,38005,10,1
1,NewOrder,1772077905.881466,54330,17,1
4,Delivery,1772077905.881473,42490,5,1
2,Payment,1772077905.881526,42872,7,1
1,NewOrder,1772077905.883085,18844,9,1
2,Payment,1772077905.883509,6636,22,1
2,Payment,1772077905.885847,18974,12,1
2,Payment,1772077905.886363,6085,3,1
2,Payment,1772077905.886877,44375,6,1
1,NewOrder,1772077905.888830,21437,0,1
1,NewOrder,1772077905.890172,18790,22,1
1,NewOrder,1772077905.890709,14948,14,1
1,NewOrder,1772077905.891549,19782,4,1
1,NewOrder,1772077905.892464,22818,3,1
1,NewOrder,1772077905.893181,38803,15,1
1,NewOrder,1772077905.895359,15307,1,1
2,Payment,1772077905.896417,7830,20,1
5,StockLevel,1772077905.897051,11762,23,1
2,Payment,1772077905.898370,17232,16,1
5,StockLevel,1772077905.899094,10825,21,1
2,Payment,1772077905.899862,12345,19,1
2,Payment,1772077905.900257,8228,2,1
1,NewOrder,1772077905.901415,30155,13,1
2,Payment,1772077905.901941,39268,9,1
1,NewOrder,1772077905.903131,30883,8,1
1,NewOrder,1772077905.904266,31120,20,1
1,NewOrder,1772077905.904836,29743,12,1
1,NewOrder,1772077905.905683,8161,14,1
1,NewOrder,1772077905.907165,30919,11,1
2,Payment,1772077905.908502,7723,2,1
2,Payment,1772077905.908829,11379,23,1
2,Payment,1772077905.908973,15871,22,1
3,OrderStatus,1772077905.909938,2079,21,1
2,Payment,1772077905.910293,8050,0,1
2,Payment,1772077905.910633,19879,18,1
2,Payment,1772077905.910679,10535,1,1
2,Payment,1772077905.911349,14631,4,1
4,Delivery,1772077905.912036,11841,21,1
1,NewOrder,1772077905.912228,34894,19,1
1,NewOrder,1772077905.913873,6012,14,1
1,NewOrder,1772077905.915296,24286,3,1
2,Payment,1772077905.915611,8286,16,1
1,NewOrder,1772077905.916242,25741,2,1
2,Payment,1772077905.916286,30435,10,1
1,NewOrder,1772077905.918361,7148,0,1
1,NewOrder,1772077905.919905,20631,14,1
2,Payment,1772077905.920221,17426,23,1
2,Payment,1772077905.921236,7295,1,1
2,Payment,1772077905.923903,20478,21,1
2,Payment,1772077905.923915,5175,16,1
1,NewOrder,1772077905.923986,20421,5,1
1,NewOrder,1772077905.924412,22691,7,1
2,Payment,1772077905.924864,34727,22,1
1,NewOrder,1772077905.925525,31214,0,1
1,NewOrder,1772077905.925997,19575,4,1
1,NewOrder,1772077905.928546,14057,1,1
2,Payment,1772077905.929106,7471,16,1
2,Payment,1772077905.930537,39288,18,1
5,StockLevel,1772077905.931272,20104,6,1
1,NewOrder,1772077905.931589,14354,13,1
4,Delivery,1772077905.932000,31381,15,1
1,NewOrder,1772077905.934031,28842,8,1
1,NewOrder,1772077905.934596,14774,12,1
2,Payment,1772077905.935398,14420,20,1
5,StockLevel,1772077905.935821,15385,17,1
2,Payment,1772077905.936594,6925,16,1
2,Payment,1772077905.937665,35865,23,1
1,NewOrder,1772077905.938109,23226,11,1
1,NewOrder,1772077905.939601,32182,3,1
1,NewOrder,1772077905.940553,22880,14,1
2,Payment,1772077905.941223,10026,9,1
2,Payment,1772077905.942001,5066,2,1
1,NewOrder,1772077905.942621,20790,1,1
1,NewOrder,1772077905.943533,27644,16,1
1,NewOrder,1772077905.944395,19493,21,1
2,Payment,1772077905.944422,15335,5,1
2,Payment,1772077905.945591,26582,4,1
5,StockLevel,1772077905.945957,15446,13,1
1,NewOrder,1772077905.946746,17154,10,1
1,NewOrder,1772077905.947084,19948,2,1
3,OrderStatus,1772077905.947128,7133,7,1
4,Delivery,1772077905.947141,30754,19,1
1,NewOrder,1772077905.949387,16082,12,1
1,NewOrder,1772077905.949838,23024,20,1
2,Payment,1772077905.951220,7212,17,1
2,Payment,1772077905.951265,8873,9,1
1,NewOrder,1772077905.951400,15632,6,1
1,NewOrder,1772077905.954280,27145,7,1
2,Payment,1772077905.956754,20084,0,1
2,Payment,1772077905.958442,8154,17,1
4,Delivery,1772077905.959613,18931,22,1
1,NewOrder,1772077905.959779,9990,5,1
1,NewOrder,1772077905.960151,24252,9,1
2,Payment,1772077905.961346,8068,11,1
2,Payment,1772077905.961422,8387,13,1
2,Payment,1772077905.962899,11347,8,1
2,Payment,1772077905.963395,17587,15,1
2,Payment,1772077905.963425,20415,1,1
2,Payment,1772077905.963448,10820,14,1
1,NewOrder,1772077905.963905,26717,21,1
2,Payment,1772077905.963910,16458,10,1
1,NewOrder,1772077905.965486,22344,12,1
1,NewOrder,1772077905.966610,53330,17,1
2,Payment,1772077905.967046,19882,6,1
2,Payment,1772077905.967056,31730,2,1
5,StockLevel,1772077905.969437,11819,11,1
2,Payment,1772077905.969791,40540,5,1
1,NewOrder,1772077905.969828,15233,13,1
2,Payment,1772077905.969837,9493,18,1
1,NewOrder,1772077905.971199,16969,16,1
1,NewOrder,1772077905.971792,13840,3,1
2,Payment,1772077905.972192,51571,4,1
2,Payment,1772077905.972870,15194,20,1
1,NewOrder,1772077905.973544,22529,23,1
1,NewOrder,1772077905.974280,45031,8,1
1,NewOrder,1772077905.974285,45628,14,1
2,Payment,1772077905.976852,55488,0,1
2,Payment,1772077905.977911,26076,19,1
1,NewOrder,1772077905.978562,12513,22,1
1,NewOrder,1772077905.979357,18760,18,1
2,Payment,1772077905.980384,13546,10,1
1,NewOrder,1772077905.980991,34611,15,1
1,NewOrder,1772077905.981282,9820,11,1
1,NewOrder,1772077905.981443,38523,7,1
2,Payment,1772077905.983860,57401,1,1
1,NewOrder,1772077905.984429,43485,9,1
1,NewOrder,1772077905.985076,28080,13,1
2,Payment,1772077905.985653,29580,3,1
1,NewOrder,1772077905.986951,20106,6,1
1,NewOrder,1772077905.987845,30558,12,1
3,OrderStatus,1772077905.988109,19172,20,1
2,Payment,1772077905.988195,12809,16,1
1,NewOrder,1772077905.990661,39710,21,1
1,NewOrder,1772077905.991100,29689,22,1
1,NewOrder,1772077905.991148,46020,11,1
1,NewOrder,1772077905.993950,7497,10,1
2,Payment,1772077905.996097,14584,23,1
1,NewOrder,1772077905.998138,8890,18,1
1,NewOrder,1772077905.998812,32642,2,1
5,StockLevel,1772077906.001024,24520,16,1
1,NewOrder,1772077906.001472,16534,10,1
1,NewOrder,1772077906.004008,32096,19,1
1,NewOrder,1772077906.007050,21824,18,1
2,Payment,1772077906.007080,3578,6,1
2,Payment,1772077906.007305,9714,20,1
1,NewOrder,1772077906.010354,29616,5,1
1,NewOrder,1772077906.010685,30058,6,1
3,OrderStatus,1772077906.010704,5763,23,1
1,NewOrder,1772077906.013181,22280,13,1
1,NewOrder,1772077906.015252,35745,3,1
2,Payment,1772077906.015629,16828,15,1
5,StockLevel,1772077906.016483,15672,23,1
2,Payment,1772077906.017044,7236,20,1
4,Delivery,1772077906.018020,47791,10,1
1,NewOrder,1772077906.018419,50218,12,1
2,Payment,1772077906.019333,6893,8,1
2,Payment,1772077906.019940,23032,14,1
1,NewOrder,1772077906.019956,19270,17,1
1,NewOrder,1772077906.019980,15512,7,1
3,OrderStatus,1772077906.020816,7072,22,1
2,Payment,1772077906.023781,26788,4,1
1,NewOrder,1772077906.024294,17964,20,1
1,NewOrder,1772077906.025569,14125,16,1
5,StockLevel,1772077906.026239,14297,8,1
2,Payment,1772077906.027912,7138,22,1
2,Payment,1772077906.027937,5536,9,1
2,Payment,1772077906.028908,12474,18,1
2,Payment,1772077906.030388,22255,21,1
1,NewOrder,1772077906.031481,11228,2,1
1,NewOrder,1772077906.032179,30475,23,1
2,Payment,1772077906.032365,25805,0,1
2,Payment,1772077906.032472,20571,15,1
1,NewOrder,1772077906.033483,12297,9,1
2,Payment,1772077906.035073,31550,22,1
2,Payment,1772077906.035473,27529,13,1
2,Payment,1772077906.035507,11245,7,1
1,NewOrder,1772077906.036116,20574,19,1
1,NewOrder,1772077906.037194,18022,11,1
1,NewOrder,1772077906.039250,13751,17,1
1,NewOrder,1772077906.039721,14441,16,1
3,OrderStatus,1772077906.039995,3383,5,1
3,OrderStatus,1772077906.040563,3761,8,1
2,Payment,1772077906.040765,19099,6,1
2,Payment,1772077906.041273,24686,1,1
1,NewOrder,1772077906.041403,19399,18,1
2,Payment,1772077906.042284,33239,20,1
1,NewOrder,1772077906.042730,11067,2,1
2,Payment,1772077906.042998,25105,14,1
1,NewOrder,1772077906.043398,10919,5,1
2,Payment,1772077906.044348,24985,8,1
4,Delivery,1772077906.045800,20754,9,1
2,Payment,1772077906.046769,29272,7,1
2,Payment,1772077906.050593,20137,4,1
1,NewOrder,1772077906.051014,10540,3,1
1,NewOrder,1772077906.052659,36513,21,1
1,NewOrder,1772077906.053027,35356,17,1
1,NewOrder,1772077906.053063,32713,15,1
1,NewOrder,1772077906.053822,4814,2,1
1,NewOrder,1772077906.054178,6250,16,1
2,Payment,1772077906.054344,23561,5,1
1,NewOrder,1772077906.055234,22232,11,1
1,NewOrder,1772077906.056704,35395,19,1
3,OrderStatus,1772077906.058195,9768,0,1
1,NewOrder,1772077906.058654,28738,2,1
2,Payment,1772077906.059890,22066,6,1
2,Payment,1772077906.060455,4022,16,1
1,NewOrder,1772077906.060818,20109,18,1
1,NewOrder,1772077906.061581,8317,3,1
2,Payment,1772077906.062671,19873,23,1
1,NewOrder,1772077906.063025,20060,13,1
2,Payment,1772077906.064498,6717,16,1
1,NewOrder,1772077906.065837,33236,10,1
5,StockLevel,1772077906.065975,14616,1,1
1,NewOrder,1772077906.066574,19681,9,1
1,NewOrder,1772077906.066646,27463,22,1
2,Payment,1772077906.067983,15915,0,1
2,Payment,1772077906.068126,8523,14,1
3,OrderStatus,1772077906.068656,7697,12,1
2,Payment,1772077906.069348,18073,8,1
1,NewOrder,1772077906.069925,22636,3,1
1,NewOrder,1772077906.070746,23063,4,1
1,NewOrder,1772077906.071240,11243,16,1
2,Payment,1772077906.075544,13978,20,1
1,NewOrder,1772077906.076064,18717,7,1
3,OrderStatus,1772077906.076372,8803,12,1
2,Payment,1772077906.076667,9928,14,1
1,NewOrder,1772077906.077478,18752,11,1
2,Payment,1772077906.077928,11622,5,1
1,NewOrder,1772077906.080612,16050,1,1
2,Payment,1772077906.080940,16430,18,1
1,NewOrder,1772077906.081967,17134,6,1
2,Payment,1772077906.082505,14186,16,1
1,NewOrder,1772077906.082556,32205,23,1
1,NewOrder,1772077906.083110,21290,13,1
2,Payment,1772077906.083911,12726,0,1
1,NewOrder,1772077906.085199,42196,12,1
2,Payment,1772077906.085803,17911,15,1
1,NewOrder,1772077906.086280,31541,9,1
3,OrderStatus,1772077906.086607,10325,14,1
2,Payment,1772077906.087418,15772,2,1
2,Payment,1772077906.087438,7859,8,1
1,NewOrder,1772077906.088404,18558,17,1
2,Payment,1772077906.089193,32623,21,1
2,Payment,1772077906.089545,15395,20,1
2,Payment,1772077906.089568,20711,5,1
2,Payment,1772077906.092119,36006,19,1
1,NewOrder,1772077906.092580,30103,3,1
2,Payment,1772077906.093828,22813,4,1
1,NewOrder,1772077906.094121,39125,22,1
2,Payment,1772077906.094807,7305,7,1
2,Payment,1772077906.095324,3357,8,1
1,NewOrder,1772077906.096254,37914,11,1
1,NewOrder,1772077906.096657,32751,0,1
5,StockLevel,1772077906.096678,13724,1,1
1,NewOrder,1772077906.096704,26247,16,1
1,NewOrder,1772077906.096947,30775,14,1
2,Payment,1772077906.097383,20960,18,1
1,NewOrder,1772077906.098707,18412,8,1
2,Payment,1772077906.099086,5822,10,1
1,NewOrder,1772077906.099128,12621,6,1
2,Payment,1772077906.102138,5693,7,1
1,NewOrder,1772077906.103217,33694,2,1
1,NewOrder,1772077906.103734,22826,15,1
1,NewOrder,1772077906.104413,28892,13,1
2,Payment,1772077906.104923,10381,10,1
1,NewOrder,1772077906.104958,19629,20,1
2,Payment,1772077906.106983,4314,17,1
1,NewOrder,1772077906.107849,21152,7,1
2,Payment,1772077906.110306,13362,5,1
2,Payment,1772077906.110424,20755,1,1
2,Payment,1772077906.111315,4017,17,1
4,Delivery,1772077906.111774,8923,6,1
2,Payment,1772077906.114775,18045,23,1
1,NewOrder,1772077906.115316,15891,10,1
1,NewOrder,1772077906.115347,41982,17,1
1,NewOrder,1772077906.116662,24290,4,1
1,NewOrder,1772077906.117136,16139,8,1
2,Payment,1772077906.117847,6294,9,1
2,Payment,1772077906.118358,21961,18,1
2,Payment,1772077906.120722,7359,6,1
2,Payment,1772077906.121837,39552,21,1
3,OrderStatus,1772077906.122699,7574,3,1
1,NewOrder,1772077906.122977,34175,16,1
1,NewOrder,1772077906.123690,14639,5,1
2,Payment,1772077906.124166,12367,9,1
2,Payment,1772077906.124601,43725,20,1
1,NewOrder,1772077906.126577,31479,15,1
2,Payment,1772077906.127419,5924,12,1
2,Payment,1772077906.127735,11888,14,1
2,Payment,1772077906.128107,29137,6,1
1,NewOrder,1772077906.128142,42768,19,1
1,NewOrder,1772077906.129028,37752,7,1
3,OrderStatus,1772077906.129434,11580,0,1
1,NewOrder,1772077906.130299,26864,3,1
2,Payment,1772077906.131195,25956,1,1
1,NewOrder,1772077906.131229,46141,10,1
1,NewOrder,1772077906.132833,38580,23,1
1,NewOrder,1772077906.133264,50399,22,1
2,Payment,1772077906.133290,28588,8,1
1,NewOrder,1772077906.133331,58472,13,1
1,NewOrder,1772077906.133370,42800,12,1
1,NewOrder,1772077906.134183,29295,11,1
2,Payment,1772077906.136559,30508,9,1
1,NewOrder,1772077906.136926,41010,2,1
2,Payment,1772077906.138355,25931,5,1
3,OrderStatus,1772077906.139635,22040,14,1
2,Payment,1772077906.140346,39065,18,1
2,Payment,1772077906.140968,36902,4,1
2,Payment,1772077906.141041,29810,0,1
2,Payment,1772077906.157184,4654,16,1
1,NewOrder,1772077906.157187,44268,1,1
5,StockLevel,1772077906.157189,9658,3,1
3,OrderStatus,1772077906.157264,8180,6,1
1,NewOrder,1772077906.157337,13146,17,1
1,NewOrder,1772077906.158067,19897,15,1
2,Payment,1772077906.161409,24732,21,1
2,Payment,1772077906.161693,7806,14,1
2,Payment,1772077906.161853,12045,16,1
1,NewOrder,1772077906.161897,29865,8,1
2,Payment,1772077906.163499,7431,11,1
2,Payment,1772077906.164298,23618,5,1
1,NewOrder,1772077906.165466,21344,6,1
4,Delivery,1772077906.166807,37195,7,1
5,StockLevel,1772077906.166870,10239,3,1
2,Payment,1772077906.167085,10740,9,1
1,NewOrder,1772077906.168348,36028,20,1
1,NewOrder,1772077906.169513,21597,14,1
1,NewOrder,1772077906.170499,21174,17,1
1,NewOrder,1772077906.170863,30166,0,1
1,NewOrder,1772077906.170938,28843,19,1
2,Payment,1772077906.170946,10554,11,1
1,NewOrder,1772077906.171434,17526,23,1
1,NewOrder,1772077906.173924,14497,16,1
2,Payment,1772077906.176195,11031,12,1
2,Payment,1772077906.177125,4921,3,1
1,NewOrder,1772077906.177389,35894,10,1
5,StockLevel,1772077906.177841,31833,9,1
1,NewOrder,1772077906.177884,38716,4,1
2,Payment,1772077906.177954,15720,2,1
1,NewOrder,1772077906.177990,43078,15,1
5,StockLevel,1772077906.179437,23888,18,1
5,StockLevel,1772077906.181514,9421,11,1
2,Payment,1772077906.182072,27916,3,1
2,Payment,1772077906.183680,9618,22,1
2,Payment,1772077906.186162,15331,21,1
1,NewOrder,1772077906.186836,34716,6,1
1,NewOrder,1772077906.187245,30220,12,1
2,Payment,1772077906.187941,16468,5,1
1,NewOrder,1772077906.188448,12608,16,1
1,NewOrder,1772077906.188985,9419,23,1
1,NewOrder,1772077906.190957,10507,11,1
1,NewOrder,1772077906.191137,30309,14,1
1,NewOrder,1772077906.191690,41884,17,1
1,NewOrder,1772077906.191769,31759,8,1
2,Payment,1772077906.191827,9129,13,1
1,NewOrder,1772077906.193308,32133,22,1
2,Payment,1772077906.193693,29318,2,1
2,Payment,1772077906.198429,5886,23,1
2,Payment,1772077906.199807,11473,19,1
2,Payment,1772077906.200972,10293,13,1
2,Payment,1772077906.201054,28563,0,1
2,Payment,1772077906.201081,3275,16,1
2,Payment,1772077906.201482,35853,1,1
1,NewOrder,1772077906.201490,19988,11,1
1,NewOrder,1772077906.201519,32107,21,1
1,NewOrder,1772077906.203341,24683,18,1
1,NewOrder,1772077906.204026,29058,7,1
1,NewOrder,1772077906.204332,20590,23,1
2,Payment,1772077906.204381,11401,16,1
2,Payment,1772077906.204401,20472,20,1
1,NewOrder,1772077906.204419,22037,5,1
2,Payment,1772077906.209696,6527,9,1
1,NewOrder,1772077906.210010,17290,3,1
1,NewOrder,1772077906.211303,28926,19,1
1,NewOrder,1772077906.211304,28945,13,1
1,NewOrder,1772077906.213300,22350,10,1
1,NewOrder,1772077906.215799,17872,16,1
2,Payment,1772077906.216242,8137,9,1
1,NewOrder,1772077906.216626,23269,4,1
2,Payment,1772077906.217475,4696,12,1
2,Payment,1772077906.221091,8168,15,1
1,NewOrder,1772077906.221473,17278,14,1
2,Payment,1772077906.221495,15335,11,1
2,Payment,1772077906.221577,6846,6,1
1,NewOrder,1772077906.222197,15736,12,1
2,Payment,1772077906.223026,20523,2,1
2,Payment,1772077906.223555,19407,8,1
1,NewOrder,1772077906.224393,21561,9,1
1,NewOrder,1772077906.224918,16219,20,1
2,Payment,1772077906.224943,6393,23,1
2,Payment,1772077906.225453,14072,22,1
2,Payment,1772077906.226471,21152,5,1
1,NewOrder,1772077906.227325,11911,3,1
2,Payment,1772077906.228040,15396,18,1
1,NewOrder,1772077906.228445,13100,6,1
1,NewOrder,1772077906.229284,33836,15,1
1,NewOrder,1772077906.229633,31986,0,1
2,Payment,1772077906.231362,19804,23,1
2,Payment,1772077906.233100,22868,7,1
2,Payment,1772077906.233601,8905,17,1
2,Payment,1772077906.233650,24660,21,1
3,OrderStatus,1772077906.233698,8839,16,1
2,Payment,1772077906.235672,11318,10,1
2,Payment,1772077906.236852,27523,11,1
1,NewOrder,1772077906.237357,20684,1,1
2,Payment,1772077906.237958,12691,12,1
2,Payment,1772077906.238776,25562,14,1
1,NewOrder,1772077906.239262,21219,3,1
1,NewOrder,1772077906.239540,16395,22,1
1,NewOrder,1772077906.239922,16829,4,1
2,Payment,1772077906.240250,23330,19,1
1,NewOrder,1772077906.240266,15646,13,1
5,StockLevel,1772077906.241154,14818,20,1
5,StockLevel,1772077906.241570,13474,6,1
2,Payment,1772077906.242532,25898,17,1
1,NewOrder,1772077906.242563,20896,16,1
2,Payment,1772077906.242986,31102,8,1
1,NewOrder,1772077906.243448,29897,18,1
2,Payment,1772077906.243569,11906,2,1
1,NewOrder,1772077906.245972,13787,9,1
1,NewOrder,1772077906.247015,13366,10,1
1,NewOrder,1772077906.247636,15850,5,1
2,Payment,1772077906.250663,26293,12,1
1,NewOrder,1772077906.251190,18599,23,1
1,NewOrder,1772077906.255070,11552,6,1
1,NewOrder,1772077906.255500,39959,2,1
1,NewOrder,1772077906.255934,23870,13,1
1,NewOrder,1772077906.255962,16422,22,1
3,OrderStatus,1772077906.255982,7916,7,1
1,NewOrder,1772077906.255998,12853,20,1
2,Payment,1772077906.256764,5260,4,1
1,NewOrder,1772077906.258064,29219,1,1
5,StockLevel,1772077906.258326,14281,21,1
1,NewOrder,1772077906.259777,13103,9,1
2,Payment,1772077906.260393,9018,10,1
2,Payment,1772077906.260508,6673,3,1
2,Payment,1772077906.261646,12789,0,1
2,Payment,1772077906.262048,16352,4,1
2,Payment,1772077906.263139,23620,15,1
1,NewOrder,1772077906.263474,17493,16,1
2,Payment,1772077906.263499,21904,5,1
2,Payment,1772077906.263600,4416,19,1
2,Payment,1772077906.263920,14590,7,1
2,Payment,1772077906.264352,36160,14,1
1,NewOrder,1772077906.264386,15875,11,1
2,Payment,1772077906.266651,5007,6,1
2,Payment,1772077906.267192,23713,3,1
1,NewOrder,1772077906.268036,30440,19,1
2,Payment,1772077906.268453,23701,17,1
1,NewOrder,1772077906.268878,24922,20,1
2,Payment,1772077906.269426,17718,10,1
1,NewOrder,1772077906.269820,24476,23,1
1,NewOrder,1772077906.271684,7058,6,1
2,Payment,1772077906.272405,5639,22,1
2,Payment,1772077906.272632,12726,21,1
5,StockLevel,1772077906.272901,18407,9,1
1,NewOrder,1772077906.273371,18281,18,1
1,NewOrder,1772077906.274105,10833,8,1
1,NewOrder,1772077906.274446,10086,0,1
2,Payment,1772077906.276977,32933,12,1
1,NewOrder,1772077906.278071,27343,22,1
1,NewOrder,1772077906.278427,28013,4,1
1,NewOrder,1772077906.278537,19512,7,1
1,NewOrder,1772077906.278760,10112,6,1
2,Payment,1772077906.279831,35701,13,1
2,Payment,1772077906.280282,16974,11,1
1,NewOrder,1772077906.280993,17101,16,1
1,NewOrder,1772077906.284555,12958,0,1
1,NewOrder,1772077906.284963,11804,8,1
1,NewOrder,1772077906.285374,29503,21,1
2,Payment,1772077906.285421,11869,5,1
2,Payment,1772077906.286786,39491,15,1
2,Payment,1772077906.287161,4864,10,1
5,StockLevel,1772077906.287308,12784,1,1
1,NewOrder,1772077906.288914,17912,6,1
1,NewOrder,1772077906.290921,21493,3,1
2,Payment,1772077906.291331,11952,9,1
1,NewOrder,1772077906.291670,22416,18,1
2,Payment,1772077906.292038,15237,10,1
1,NewOrder,1772077906.292167,25773,17,1
4,Delivery,1772077906.293834,31104,20,1
2,Payment,1772077906.294313,7315,23,1
2,Payment,1772077906.295480,5826,2,1
2,Payment,1772077906.296787,17994,8,1
1,NewOrder,1772077906.297270,11319,11,1
2,Payment,1772077906.297307,13625,5,1
2,Payment,1772077906.297532,17318,0,1
1,NewOrder,1772077906.298062,15722,7,1
1,NewOrder,1772077906.298120,12798,16,1
2,Payment,1772077906.298502,11972,19,1
1,NewOrder,1772077906.300113,26351,1,1
2,Payment,1772077906.300528,29785,14,1
2,Payment,1772077906.301333,23688,2,1
2,Payment,1772077906.301645,18776,23,1
2,Payment,1772077906.303309,22556,9,1
2,Payment,1772077906.305438,21888,22,1
2,Payment,1772077906.306465,21188,4,1
3,OrderStatus,1772077906.306855,13441,6,1
1,NewOrder,1772077906.307300,33397,10,1
1,NewOrder,1772077906.308607,12678,11,1
2,Payment,1772077906.309936,26531,12,1
1,NewOrder,1772077906.310489,29844,19,1
1,NewOrder,1772077906.310944,11297,16,1
2,Payment,1772077906.310948,26158,5,1
1,NewOrder,1772077906.312441,27539,3,1
2,Payment,1772077906.313801,21337,7,1
5,StockLevel,1772077906.314103,7659,18,1
2,Payment,1772077906.314807,24748,8,1
2,Payment,1772077906.314874,27174,0,1
1,NewOrder,1772077906.314891,11346,21,1
1,NewOrder,1772077906.315558,27900,13,1
1,NewOrder,1772077906.317959,18319,17,1
4,Delivery,1772077906.320322,19019,6,1
1,NewOrder,1772077906.320448,37005,23,1
2,Payment,1772077906.321312,24405,11,1
5,StockLevel,1772077906.321786,3375,18,1
1,NewOrder,1772077906.322268,7152,16,1
2,Payment,1772077906.324964,11400,20,1
1,NewOrder,1772077906.325047,16574,2,1
1,NewOrder,1772077906.325186,11227,18,1
2,Payment,1772077906.325891,29376,9,1
2,Payment,1772077906.326262,14829,21,1
1,NewOrder,1772077906.326292,10100,15,1
2,Payment,1772077906.326489,27495,1,1
2,Payment,1772077906.327339,23438,22,1
2,Payment,1772077906.327664,18653,4,1
2,Payment,1772077906.329445,10858,16,1
1,NewOrder,1772077906.330340,12076,14,1
2,Payment,1772077906.335164,25138,7,1
1,NewOrder,1772077906.336298,11548,17,1
2,Payment,1772077906.336389,28015,20,1
1,NewOrder,1772077906.336420,11000,15,1
2,Payment,1772077906.336427,21081,18,1
1,NewOrder,1772077906.336493,7961,12,1
2,Payment,1772077906.337122,20353,5,1
2,Payment,1772077906.339364,28875,6,1
1,NewOrder,1772077906.339571,28750,8,1
2,Payment,1772077906.340006,24430,3,1
1,NewOrder,1772077906.340316,16712,16,1
1,NewOrder,1772077906.340349,23562,19,1
2,Payment,1772077906.340724,35284,10,1
1,NewOrder,1772077906.341124,19851,21,1
1,NewOrder,1772077906.341637,30782,2,1
1,NewOrder,1772077906.342062,18877,0,1
1,NewOrder,1772077906.342440,26868,14,1
2,Payment,1772077906.343485,5122,13,1
1,NewOrder,1772077906.344474,9909,12,1
1,NewOrder,1772077906.345742,26173,11,1
3,OrderStatus,1772077906.346337,10179,4,1
1,NewOrder,1772077906.347446,6977,15,1
1,NewOrder,1772077906.347868,11998,17,1
2,Payment,1772077906.348624,5783,13,1
2,Payment,1772077906.350795,25250,22,1
2,Payment,1772077906.354011,18367,1,1
1,NewOrder,1772077906.354408,23932,12,1
2,Payment,1772077906.354426,7743,13,1
1,NewOrder,1772077906.354448,23032,15,1
1,NewOrder,1772077906.355292,13056,9,1
1,NewOrder,1772077906.356533,13186,4,1
2,Payment,1772077906.357047,17171,16,1
1,NewOrder,1772077906.357486,40786,23,1
2,Payment,1772077906.357499,22285,5,1
2,Payment,1772077906.357528,26401,18,1
1,NewOrder,1772077906.359886,12644,17,1
1,NewOrder,1772077906.360322,39344,7,1
1,NewOrder,1772077906.360956,14304,0,1
1,NewOrder,1772077906.360990,25545,21,1
2,Payment,1772077906.362197,25058,13,1
1,NewOrder,1772077906.363937,40152,19,1
4,Delivery,1772077906.364431,36920,20,1
2,Payment,1772077906.364463,24812,3,1
1,NewOrder,1772077906.368259,35195,6,1
2,Payment,1772077906.368344,16081,8,1
1,NewOrder,1772077906.368371,12830,9,1
1,NewOrder,1772077906.369325,7706,14,1
1,NewOrder,1772077906.369733,11122,4,1
4,Delivery,1772077906.371941,20785,11,1
2,Payment,1772077906.372397,32765,1,1
2,Payment,1772077906.372444,23702,2,1
2,Payment,1772077906.372554,22398,17,1
1,NewOrder,1772077906.374236,39252,16,1
3,OrderStatus,1772077906.375277,3569,0,1
2,Payment,1772077906.376035,16344,10,1
1,NewOrder,1772077906.376063,35105,22,1
2,Payment,1772077906.377054,22949,14,1
1,NewOrder,1772077906.377497,18604,15,1
2,Payment,1772077906.378359,36469,12,1
3,OrderStatus,1772077906.378864,2099,0,1
2,Payment,1772077906.379797,33649,5,1
1,NewOrder,1772077906.380870,4395,4,1
1,NewOrder,1772077906.380983,4815,0,1
2,Payment,1772077906.381213,14518,9,1
2,Payment,1772077906.383948,9700,18,1
1,NewOrder,1772077906.384451,24678,8,1
1,NewOrder,1772077906.385281,7467,4,1
1,NewOrder,1772077906.385813,10464,0,1
1,NewOrder,1772077906.386552,25929,21,1
2,Payment,1772077906.387282,19655,13,1
1,NewOrder,1772077906.389294,27032,3,1
1,NewOrder,1772077906.392402,17786,10,1
1,NewOrder,1772077906.392748,24256,11,1
1,NewOrder,1772077906.392763,25469,4,1
2,Payment,1772077906.393673,6351,18,1
1,NewOrder,1772077906.394966,29287,17,1
1,NewOrder,1772077906.395750,20470,9,1
2,Payment,1772077906.396122,25703,15,1
4,Delivery,1772077906.396167,32749,2,1
1,NewOrder,1772077906.396298,30917,0,1
1,NewOrder,1772077906.398295,28597,23,1
1,NewOrder,1772077906.399684,17298,7,1
1,NewOrder,1772077906.400018,31773,14,1
2,Payment,1772077906.400048,8449,18,1
2,Payment,1772077906.401365,12097,20,1
1,NewOrder,1772077906.403471,13478,6,1
2,Payment,1772077906.404116,14108,19,1
1,NewOrder,1772077906.405196,22604,1,1
1,NewOrder,1772077906.406955,22012,13,1
3,OrderStatus,1772077906.408515,10104,18,1
1,NewOrder,1772077906.409151,15785,8,1
2,Payment,1772077906.410204,6058,10,1
4,Delivery,1772077906.411192,36714,22,1
1,NewOrder,1772077906.412501,16008,21,1
3,OrderStatus,1772077906.413464,9179,5,1
1,NewOrder,1772077906.413482,32304,20,1
2,Payment,1772077906.413513,13737,16,1
2,Payment,1772077906.414845,21721,12,1
1,NewOrder,1772077906.416247,27286,9,1
2,Payment,1772077906.416282,8091,10,1
5,StockLevel,1772077906.416349,15168,3,1
2,Payment,1772077906.416963,13368,6,1
1,NewOrder,1772077906.416999,29362,7,1
1,NewOrder,1772077906.417023,29367,11,1
1,NewOrder,1772077906.418250,21400,4,1
2,Payment,1772077906.418251,5622,19,1
2,Payment,1772077906.418636,14888,18,1
2,Payment,1772077906.421842,29768,15,1
1,NewOrder,1772077906.422665,29898,5,1
2,Payment,1772077906.423894,15246,19,1
1,NewOrder,1772077906.424289,30535,17,1
4,Delivery,1772077906.424388,41712,10,1
2,Payment,1772077906.424954,12456,8,1
2,Payment,1772077906.426911,19513,23,1
1,NewOrder,1772077906.427241,28058,0,1
1,NewOrder,1772077906.427269,41175,16,1
1,NewOrder,1772077906.427811,15355,1,1
1,NewOrder,1772077906.428527,15716,21,1
1,NewOrder,1772077906.428928,14213,2,1
3,OrderStatus,1772077906.428987,3689,13,1
2,Payment,1772077906.430358,12547,6,1
1,NewOrder,1772077906.431533,20017,3,1
3,OrderStatus,1772077906.431818,5160,14,1
1,NewOrder,1772077906.432700,9522,13,1
2,Payment,1772077906.433538,21189,18,1
1,NewOrder,1772077906.436583,38260,12,1
2,Payment,1772077906.437001,17905,14,1
2,Payment,1772077906.437430,9429,8,1
2,Payment,1772077906.439162,35645,19,1
2,Payment,1772077906.439673,11907,4,1
1,NewOrder,1772077906.442245,12631,13,1
1,NewOrder,1772077906.442926,18881,6,1
1,NewOrder,1772077906.443164,34652,2,1
1,NewOrder,1772077906.443186,32698,1,1
2,Payment,1772077906.443546,7360,9,1
2,Payment,1772077906.444253,16769,21,1
2,Payment,1772077906.445799,20288,20,1
2,Payment,1772077906.446372,20676,7,1
2,Payment,1772077906.446410,10135,11,1
3,OrderStatus,1772077906.446446,6371,23,1
2,Payment,1772077906.446881,14504,8,1
1,NewOrder,1772077906.447923,6702,22,1
1,NewOrder,1772077906.450933,24913,9,1
1,NewOrder,1772077906.451570,16403,3,1
2,Payment,1772077906.451595,7436,4,1
3,OrderStatus,1772077906.451629,8033,15,1
2,Payment,1772077906.452573,11422,5,1
2,Payment,1772077906.452825,18057,23,1
1,NewOrder,1772077906.454640,20796,22,1
2,Payment,1772077906.454745,25014,18,1
1,NewOrder,1772077906.454850,21390,17,1
1,NewOrder,1772077906.454895,21751,13,1
1,NewOrder,1772077906.454922,16538,14,1
2,Payment,1772077906.455320,13780,0,1
1,NewOrder,1772077906.456572,26215,11,1
2,Payment,1772077906.459049,17925,4,1
2,Payment,1772077906.459683,5881,15,1
1,NewOrder,1772077906.461040,14788,21,1
1,NewOrder,1772077906.461397,19358,8,1
1,NewOrder,1772077906.461825,15620,6,1
2,Payment,1772077906.464010,22138,5,1
2,Payment,1772077906.465581,5838,15,1
1,NewOrder,1772077906.466097,19608,20,1
2,Payment,1772077906.466125,10577,10,1
2,Payment,1772077906.467073,17183,7,1
1,NewOrder,1772077906.468008,18106,3,1
2,Payment,1772077906.468464,11988,16,1
1,NewOrder,1772077906.469127,22590,0,1
1,NewOrder,1772077906.470907,17446,23,1
2,Payment,1772077906.471444,13856,15,1
2,Payment,1772077906.471486,18316,14,1
2,Payment,1772077906.474825,11268,19,1
2,Payment,1772077906.474865,21320,12,1
2,Payment,1772077906.475459,17286,22,1
1,NewOrder,1772077906.475858,21510,21,1
2,Payment,1772077906.475864,15983,9,1
2,Payment,1772077906.475916,17911,1,1
1,NewOrder,1772077906.476258,15060,17,1
1,NewOrder,1772077906.476673,27817,13,1
2,Payment,1772077906.476728,12392,10,1
3,OrderStatus,1772077906.476987,9434,4,1
1,NewOrder,1772077906.477462,10429,6,1
2,Payment,1772077906.477840,20792,2,1
2,Payment,1772077906.479780,17998,18,1
3,OrderStatus,1772077906.480475,8854,16,1
3,OrderStatus,1772077906.480771,3044,8,1
1,NewOrder,1772077906.482803,21678,11,1
2,Payment,1772077906.483834,11370,8,1
2,Payment,1772077906.484283,14697,7,1
1,NewOrder,1772077906.485317,23304,15,1
2,Payment,1772077906.485728,17343,20,1
2,Payment,1772077906.486119,22878,19,1
4,Delivery,1772077906.486128,35663,3,1
2,Payment,1772077906.486158,17355,5,1
1,NewOrder,1772077906.486448,18491,4,1
2,Payment,1772077906.487917,17503,6,1
1,NewOrder,1772077906.488377,20678,23,1
2,Payment,1772077906.489137,24453,10,1
1,NewOrder,1772077906.489354,26781,16,1
1,NewOrder,1772077906.489821,22522,14,1
2,Payment,1772077906.491334,10876,17,1
1,NewOrder,1772077906.491726,17473,0,1
1,NewOrder,1772077906.491863,18124,9,1
1,NewOrder,1772077906.492769,25337,22,1
2,Payment,1772077906.493841,16116,1,1
2,Payment,1772077906.495222,33333,8,1
2,Payment,1772077906.496206,12822,12,1
2,Payment,1772077906.497393,19992,21,1
1,NewOrder,1772077906.497797,34304,18,1
1,NewOrder,1772077906.498657,19902,2,1
5,StockLevel,1772077906.498998,26570,7,1
1,NewOrder,1772077906.502236,15688,17,1
1,NewOrder,1772077906.503097,32837,20,1
2,Payment,1772077906.503537,12963,5,1
2,Payment,1772077906.504512,31332,11,1
2,Payment,1772077906.504514,12935,13,1
1,NewOrder,1772077906.504955,9428,4,1
1,NewOrder,1772077906.505436,45144,6,1
1,NewOrder,1772077906.508638,13541,15,1
2,Payment,1772077906.509022,20864,19,1
2,Payment,1772077906.509054,20045,12,1
2,Payment,1772077906.509080,15981,23,1
1,NewOrder,1772077906.509218,37549,0,1
1,NewOrder,1772077906.509973,25461,1,1
3,OrderStatus,1772077906.510014,8885,9,1
2,Payment,1772077906.512358,23516,14,1
1,NewOrder,1772077906.513603,23245,10,1
1,NewOrder,1772077906.514407,8656,4,1
4,Delivery,1772077906.516153,32559,16,1
1,NewOrder,1772077906.516523,36519,5,1
5,StockLevel,1772077906.517411,25600,21,1
1,NewOrder,1772077906.517476,37092,13,1
1,NewOrder,1772077906.517939,25905,17,1
1,NewOrder,1772077906.518122,33108,22,1
2,Payment,1772077906.518580,3635,2,1
1,NewOrder,1772077906.518912,27430,9,1
2,Payment,1772077906.521808,2892,3,1
1,NewOrder,1772077906.522195,9571,15,1
4,Delivery,1772077906.522240,20338,2,1
2,Payment,1772077906.523087,5979,4,1
1,NewOrder,1772077906.524714,18560,3,1
1,NewOrder,1772077906.525083,36116,23,1
1,NewOrder,1772077906.525583,29009,7,1
2,Payment,1772077906.528580,13418,8,1
1,NewOrder,1772077906.529085,16929,4,1
2,Payment,1772077906.529121,19185,12,1
2,Payment,1772077906.529902,7705,19,1
1,NewOrder,1772077906.531783,22918,15,1
4,Delivery,1772077906.532121,21957,18,1
1,NewOrder,1772077906.535460,26139,1,1
1,NewOrder,1772077906.535869,24438,11,1
5,StockLevel,1772077906.535891,19893,14,1
3,OrderStatus,1772077906.535953,9117,20,1
1,NewOrder,1772077906.536874,23909,10,1
3,OrderStatus,1772077906.537632,10503,19,1
2,Payment,1772077906.542017,10540,8,1
2,Payment,1772077906.542596,6627,2,1
5,StockLevel,1772077906.543037,23520,21,1
2,Payment,1772077906.543289,11280,3,1
2,Payment,1772077906.543855,14720,17,1
1,NewOrder,1772077906.545093,15152,20,1
2,Payment,1772077906.546048,13736,4,1
2,Payment,1772077906.546358,16545,9,1
1,NewOrder,1772077906.546793,52628,0,1
3,OrderStatus,1772077906.548152,9674,19,1
1,NewOrder,1772077906.548320,39012,12,1
3,OrderStatus,1772077906.548750,5544,16,1
2,Payment,1772077906.549239,15982,2,1
1,NewOrder,1772077906.550616,18674,6,1
2,Payment,1772077906.551251,4751,22,1
2,Payment,1772077906.552574,18977,8,1
1,NewOrder,1772077906.553067,14451,5,1
1,NewOrder,1772077906.554102,39409,18,1
2,Payment,1772077906.554309,33882,16,1
2,Payment,1772077906.554587,15290,13,1
1,NewOrder,1772077906.554590,26621,3,1
1,NewOrder,1772077906.554605,48757,7,1
1,NewOrder,1772077906.554712,20639,15,1
2,Payment,1772077906.555811,22481,14,1
4,Delivery,1772077906.556029,16658,22,1
2,Payment,1772077906.557847,11450,19,1
1,NewOrder,1772077906.558591,50212,17,1
2,Payment,1772077906.559797,11237,4,1
1,NewOrder,1772077906.560257,40846,20,1
2,Payment,1772077906.560333,21342,11,1
1,NewOrder,1772077906.560800,11285,10,1
3,OrderStatus,1772077906.561217,5649,23,1
2,Payment,1772077906.561616,20086,1,1
2,Payment,1772077906.562924,29594,9,1
1,NewOrder,1772077906.565235,32049,2,1
3,OrderStatus,1772077906.566581,14502,21,1
1,NewOrder,1772077906.566891,8752,23,1
1,NewOrder,1772077906.567540,65385,5,1
1,NewOrder,1772077906.569312,39415,6,1
4,Delivery,1772077906.569318,3939,19,1
1,NewOrder,1772077906.569896,25414,13,1
1,NewOrder,1772077906.571042,24238,4,1
1,NewOrder,1772077906.571572,31854,8,1
1,NewOrder,1772077906.572096,9545,10,1
2,Payment,1772077906.572705,2964,22,1
3,OrderStatus,1772077906.573273,2129,19,1
1,NewOrder,1772077906.575378,13193,15,1
4,Delivery,1772077906.575419,7545,19,1
1,NewOrder,1772077906.575663,6991,23,1
2,Payment,1772077906.575686,3468,22,1
2,Payment,1772077906.578316,17876,14,1
2,Payment,1772077906.579178,2538,22,1
2,Payment,1772077906.581102,11075,21,1
1,NewOrder,1772077906.581227,13295,3,1
2,Payment,1772077906.581653,13279,10,1
2,Payment,1772077906.581693,21994,11,1
1,NewOrder,1772077906.581724,29217,1,1
4,Delivery,1772077906.581743,1721,22,1
2,Payment,1772077906.582677,13051,23,1
1,NewOrder,1772077906.582975,9628,19,1
1,NewOrder,1772077906.583485,9081,22,1
2,Payment,1772077906.587352,20501,12,1
1,NewOrder,1772077906.588218,21960,16,1
2,Payment,1772077906.588602,31634,15,1
1,NewOrder,1772077906.592205,19108,21,1
2,Payment,1772077906.592540,20681,9,1
2,Payment,1772077906.592586,7635,22,1
1,NewOrder,1772077906.592630,16650,19,1
1,NewOrder,1772077906.593523,15170,18,1
1,NewOrder,1772077906.594539,43456,3,1
1,NewOrder,1772077906.594958,17052,10,1
2,Payment,1772077906.595293,9517,4,1
1,NewOrder,1772077906.595327,38782,13,1
3,OrderStatus,1772077906.595754,5058,23,1
2,Payment,1772077906.596207,37878,14,1
1,NewOrder,1772077906.597297,13228,2,1
2,Payment,1772077906.599438,18350,0,1
2,Payment,1772077906.600236,8985,22,1
1,NewOrder,1772077906.600833,20931,23,1
1,NewOrder,1772077906.601127,49327,20,1
1,NewOrder,1772077906.603378,54326,7,1
2,Payment,1772077906.603452,22361,8,1
1,NewOrder,1772077906.603715,65447,11,1
1,NewOrder,1772077906.604826,36226,4,1
1,NewOrder,1772077906.607880,52065,12,1
1,NewOrder,1772077906.608719,13402,18,1
2,Payment,1772077906.608743,30707,6,1
1,NewOrder,1772077906.608827,55429,17,1
2,Payment,1772077906.609246,7229,22,1
2,Payment,1772077906.609304,13785,19,1
1,NewOrder,1772077906.610204,13151,16,1
1,NewOrder,1772077906.610540,13149,2,1
1,NewOrder,1772077906.610961,9743,1,1
1,NewOrder,1772077906.611330,12825,21,1
5,StockLevel,1772077906.612025,17211,10,1
1,NewOrder,1772077906.613236,53320,9,1
1,NewOrder,1772077906.616501,41721,22,1
1,NewOrder,1772077906.617803,13667,0,1
1,NewOrder,1772077906.620262,14259,15,1
2,Payment,1772077906.620724,2604,1,1
1,NewOrder,1772077906.621787,39553,23,1
1,NewOrder,1772077906.622133,45073,18,1
1,NewOrder,1772077906.623115,27390,19,1
2,Payment,1772077906.623346,12941,1,1
1,NewOrder,1772077906.623369,16356,16,1
1,NewOrder,1772077906.623720,5462,2,1
5,StockLevel,1772077906.624178,2600,21,1
1,NewOrder,1772077906.625835,37927,8,1
1,NewOrder,1772077906.626795,7695,21,1
1,NewOrder,1772077906.629209,10422,2,1
2,Payment,1772077906.629261,21628,10,1
2,Payment,1772077906.631486,8563,0,1
1,NewOrder,1772077906.632950,29492,5,1
1,NewOrder,1772077906.634109,26251,14,1
1,NewOrder,1772077906.634127,33482,13,1
1,NewOrder,1772077906.634517,5671,21,1
5,StockLevel,1772077906.634554,5381,15,1
1,NewOrder,1772077906.636305,24653,1,1
1,NewOrder,1772077906.638011,31547,3,1
1,NewOrder,1772077906.639467,31276,6,1
1,NewOrder,1772077906.639655,27554,2,1
1,NewOrder,1772077906.639751,10279,16,1
2,Payment,1772077906.639957,4961,15,1
5,StockLevel,1772077906.640074,14372,0,1
2,Payment,1772077906.640201,3507,21,1
1,NewOrder,1772077906.641066,12711,4,1
2,Payment,1772077906.643735,4659,21,1
1,NewOrder,1772077906.644944,25455,15,1
2,Payment,1772077906.648411,5744,21,1
1,NewOrder,1772077906.650048,17518,16,1
3,OrderStatus,1772077906.650482,10715,20,1
5,StockLevel,1772077906.650520,33499,19,1
2,Payment,1772077906.650900,8649,10,1
1,NewOrder,1772077906.653793,28550,4,1
1,NewOrder,1772077906.654169,27468,21,1
2,Payment,1772077906.654464,8752,0,1
1,NewOrder,1772077906.657724,29376,7,1
2,Payment,1772077906.658248,5898,22,1
4,Delivery,1772077906.659576,44361,10,1
2,Payment,1772077906.659963,13496,12,1
2,Payment,1772077906.660383,17686,14,1
1,NewOrder,1772077906.660983,26804,1,1
2,Payment,1772077906.661211,17220,20,1
1,NewOrder,1772077906.661353,26948,23,1
1,NewOrder,1772077906.662465,15765,5,1
5,StockLevel,1772077906.663228,14338,0,1
1,NewOrder,1772077906.663789,28760,8,1
1,NewOrder,1772077906.664171,24161,22,1
2,Payment,1772077906.664268,21042,17,1
1,NewOrder,1772077906.666571,6504,9,1
2,Payment,1772077906.667237,14706,18,1
1,NewOrder,1772077906.667240,36362,2,1
1,NewOrder,1772077906.667577,22462,16,1
2,Payment,1772077906.667633,22442,13,1
2,Payment,1772077906.669176,10788,11,1
1,NewOrder,1772077906.669574,24915,3,1
5,StockLevel,1772077906.670415,12370,15,1
2,Payment,1772077906.670769,15924,6,1
1,NewOrder,1772077906.673101,6418,9,1
1,NewOrder,1772077906.673485,30483,12,1
2,Payment,1772077906.677582,5284,0,1
2,Payment,1772077906.678080,19587,14,1
2,Payment,1772077906.678257,9980,5,1
4,Delivery,1772077906.678442,34177,20,1
2,Payment,1772077906.679542,11218,9,1
1,NewOrder,1772077906.679989,27706,11,1
2,Payment,1772077906.681651,7919,21,1
1,NewOrder,1772077906.681967,15348,18,1
2,Payment,1772077906.682370,9777,4,1
2,Payment,1772077906.682810,22344,15,1
2,Payment,1772077906.682891,12979,0,1
2,Payment,1772077906.684043,13764,19,1
5,StockLevel,1772077906.685339,28754,17,1
1,NewOrder,1772077906.686709,23832,6,1
2,Payment,1772077906.687131,10932,7,1
1,NewOrder,1772077906.687809,24764,1,1
2,Payment,1772077906.688255,11038,5,1
2,Payment,1772077906.688323,16430,23,1
1,NewOrder,1772077906.688347,20142,22,1
2,Payment,1772077906.689584,21371,21,1
2,Payment,1772077906.690057,20857,16,1
1,NewOrder,1772077906.690092,17970,13,1
1,NewOrder,1772077906.690776,21821,9,1
1,NewOrder,1772077906.692169,23237,4,1
1,NewOrder,1772077906.692576,18303,8,1
2,Payment,1772077906.694505,11073,3,1
1,NewOrder,1772077906.695885,16199,0,1
1,NewOrder,1772077906.697333,23193,18,1
1,NewOrder,1772077906.697693,23820,14,1
1,NewOrder,1772077906.697825,18014,19,1
2,Payment,1772077906.698091,7535,7,1
1,NewOrder,1772077906.699312,26866,5,1
2,Payment,1772077906.703618,15969,2,1
1,NewOrder,1772077906.703950,16151,10,1
1,NewOrder,1772077906.703995,40024,12,1
2,Payment,1772077906.704778,15784,23,1
2,Payment,1772077906.705164,14982,15,1
2,Payment,1772077906.705602,20607,3,1
1,NewOrder,1772077906.705661,30539,7,1
1,NewOrder,1772077906.707711,12368,11,1
1,NewOrder,1772077906.708080,17589,13,1
1,NewOrder,1772077906.708511,26691,22,1
2,Payment,1772077906.710559,5701,6,1
1,NewOrder,1772077906.710889,22244,8,1
1,NewOrder,1772077906.710930,33985,16,1
2,Payment,1772077906.710971,15782,21,1
1,NewOrder,1772077906.712111,20985,0,1
1,NewOrder,1772077906.712586,16695,1,1
2,Payment,1772077906.712611,13642,9,1
2,Payment,1772077906.712646,17474,20,1
3,OrderStatus,1772077906.714105,5150,17,1
1,NewOrder,1772077906.715432,19374,4,1
1,NewOrder,1772077906.715854,34044,19,1
2,Payment,1772077906.716276,16841,6,1
2,Payment,1772077906.719280,3732,17,1
2,Payment,1772077906.719604,13102,2,1
1,NewOrder,1772077906.720106,33417,11,1
2,Payment,1772077906.720125,20810,10,1
5,StockLevel,1772077906.720174,17167,15,1
2,Payment,1772077906.720545,13459,18,1
2,Payment,1772077906.720589,19993,23,1
1,NewOrder,1772077906.721530,6906,14,1
2,Payment,1772077906.723038,3683,17,1
1,NewOrder,1772077906.725691,15925,13,1
2,Payment,1772077906.726205,21351,5,1
2,Payment,1772077906.726236,14669,3,1
2,Payment,1772077906.726278,23026,9,1
1,NewOrder,1772077906.726739,11643,17,1
2,Payment,1772077906.726768,23122,21,1
1,NewOrder,1772077906.728451,10496,14,1
2,Payment,1772077906.729297,26164,1,1
5,StockLevel,1772077906.730144,11311,20,1
2,Payment,1772077906.732733,29073,2,1
1,NewOrder,1772077906.733122,28669,0,1
1,NewOrder,1772077906.733136,39399,6,1
1,NewOrder,1772077906.733147,14945,8,1
2,Payment,1772077906.734023,20675,18,1
1,NewOrder,1772077906.734823,13802,4,1
1,NewOrder,1772077906.735229,12997,22,1
3,OrderStatus,1772077906.736214,5738,7,1
2,Payment,1772077906.737368,6032,15,1
1,NewOrder,1772077906.738407,15515,17,1
4,Delivery,1772077906.738960,35838,14,1
2,Payment,1772077906.740607,19088,23,1
2,Payment,1772077906.740924,29011,3,1
2,Payment,1772077906.740959,16575,10,1
3,OrderStatus,1772077906.741470,4469,20,1
1,NewOrder,1772077906.741643,24509,13,1
2,Payment,1772077906.741973,22015,7,1
1,NewOrder,1772077906.743414,12122,15,1
2,Payment,1772077906.744037,6210,12,1
2,Payment,1772077906.744938,12058,16,1
2,Payment,1772077906.745958,18322,20,1
2,Payment,1772077906.747582,29138,5,1
2,Payment,1772077906.748116,18639,8,1
1,NewOrder,1772077906.748241,12841,22,1
2,Payment,1772077906.748650,34213,4,1
2,Payment,1772077906.749319,20456,9,1
4,Delivery,1772077906.749910,34613,21,1
1,NewOrder,1772077906.749924,24410,19,1
3,OrderStatus,1772077906.750275,6467,12,1
1,NewOrder,1772077906.753540,13859,11,1
4,Delivery,1772077906.753946,21405,17,1
3,OrderStatus,1772077906.754717,3888,18,1
1,NewOrder,1772077906.755475,15178,1,1
2,Payment,1772077906.755561,6667,15,1
2,Payment,1772077906.756764,10602,12,1
4,Delivery,1772077906.757021,18384,16,1
5,StockLevel,1772077906.757559,9330,10,1
3,OrderStatus,1772077906.758622,5002,18,1
2,Payment,1772077906.759710,9655,23,1
4,Delivery,1772077906.761100,23872,22,1
2,Payment,1772077906.761818,29237,0,1
5,StockLevel,1772077906.761835,28338,2,1
1,NewOrder,1772077906.762254,23658,15,1
1,NewOrder,1772077906.763641,20911,18,1
2,Payment,1772077906.764014,13247,7,1
1,NewOrder,1772077906.764303,9174,20,1
1,NewOrder,1772077906.766167,7679,13,1
2,Payment,1772077906.766774,17432,8,1
2,Payment,1772077906.766916,23277,10,1
5,StockLevel,1772077906.767387,19540,12,1
1,NewOrder,1772077906.767416,49839,11,1
2,Payment,1772077906.769374,9381,23,1
2,Payment,1772077906.769803,28480,9,1
1,NewOrder,1772077906.769954,16596,3,1
1,NewOrder,1772077906.770676,12733,1,1
3,OrderStatus,1772077906.772560,7279,6,1
2,Payment,1772077906.773501,9970,20,1
2,Payment,1772077906.773873,2414,13,1
2,Payment,1772077906.774366,15857,19,1
2,Payment,1772077906.774823,8696,14,1
2,Payment,1772077906.775378,11581,17,1
1,NewOrder,1772077906.775424,15654,16,1
1,NewOrder,1772077906.776305,7130,13,1
1,NewOrder,1772077906.776747,19576,5,1
1,NewOrder,1772077906.777280,19859,7,1
1,NewOrder,1772077906.778780,16093,23,1
2,Payment,1772077906.779858,31039,6,1
2,Payment,1772077906.782882,12534,4,1
1,NewOrder,1772077906.783427,14391,1,1
2,Payment,1772077906.783450,9325,13,1
2,Payment,1772077906.783490,15042,20,1
1,NewOrder,1772077906.783544,26967,14,1
1,NewOrder,1772077906.784234,12581,8,1
1,NewOrder,1772077906.784536,14398,21,1
2,Payment,1772077906.784566,26508,18,1
1,NewOrder,1772077906.784993,25935,22,1
1,NewOrder,1772077906.785927,36427,15,1
2,Payment,1772077906.786568,19162,3,1
2,Payment,1772077906.786951,16917,12,1
1,NewOrder,1772077906.786978,14765,17,1
5,StockLevel,1772077906.790190,14870,2,1
2,Payment,1772077906.790217,25316,10,1
2,Payment,1772077906.790247,31973,19,1
2,Payment,1772077906.791069,24047,0,1
1,NewOrder,1772077906.791102,28895,16,1
3,OrderStatus,1772077906.792795,4882,13,1
2,Payment,1772077906.794889,32879,23,1
2,Payment,1772077906.795433,25626,4,1
1,NewOrder,1772077906.796349,6800,5,1
1,NewOrder,1772077906.796841,9260,8,1
4,Delivery,1772077906.797156,5013,7,1
1,NewOrder,1772077906.797706,21138,13,1
2,Payment,1772077906.797843,29401,1,1
1,NewOrder,1772077906.798309,30705,9,1
3,OrderStatus,1772077906.798559,12644,20,1
1,NewOrder,1772077906.798949,39819,21,1
4,Delivery,1772077906.801770,47046,17,1
5,StockLevel,1772077906.802188,3466,7,1
1,NewOrder,1772077906.803165,4605,5,1
1,NewOrder,1772077906.803887,32979,12,1
1,NewOrder,1772077906.805082,24589,2,1
1,NewOrder,1772077906.805666,5188,7,1
1,NewOrder,1772077906.805756,22126,3,1
1,NewOrder,1772077906.806116,12004,8,1
1,NewOrder,1772077906.807783,11387,5,1
2,Payment,1772077906.810538,7911,14,1
1,NewOrder,1772077906.810878,13986,7,1
1,NewOrder,1772077906.810914,25051,6,1
1,NewOrder,1772077906.810947,13057,22,1
2,Payment,1772077906.811086,23417,18,1
2,Payment,1772077906.811227,29447,20,1
2,Payment,1772077906.815131,22070,0,1
2,Payment,1772077906.815555,4070,10,1
1,NewOrder,1772077906.817284,21870,11,1
2,Payment,1772077906.818152,4771,8,1
5,StockLevel,1772077906.818469,16398,14,1
2,Payment,1772077906.818869,5555,13,1
2,Payment,1772077906.819187,23610,5,1
2,Payment,1772077906.819642,7154,10,1
1,NewOrder,1772077906.820010,15472,16,1
1,NewOrder,1772077906.821072,20141,4,1
1,NewOrder,1772077906.822231,25074,19,1
2,Payment,1772077906.822378,10673,15,1
1,NewOrder,1772077906.822933,21831,8,1
2,Payment,1772077906.824019,24298,22,1
1,NewOrder,1772077906.824446,21314,13,1
1,NewOrder,1772077906.825019,24662,7,1
2,Payment,1772077906.826810,5239,10,1
2,Payment,1772077906.827270,21088,1,1
2,Payment,1772077906.827787,25152,23,1
1,NewOrder,1772077906.827894,34051,3,1
2,Payment,1772077906.829040,9437,9,1
4,Delivery,1772077906.829686,20343,2,1
2,Payment,1772077906.832075,13716,10,1
2,Payment,1772077906.833074,7207,15,1
1,NewOrder,1772077906.834529,17857,18,1
4,Delivery,1772077906.834883,14388,14,1
2,Payment,1772077906.835494,9955,16,1
1,NewOrder,1772077906.835992,22083,6,1
2,Payment,1772077906.836909,16428,12,1
2,Payment,1772077906.837225,16244,0,1
1,NewOrder,1772077906.838502,24346,9,1
1,NewOrder,1772077906.838792,33054,21,1
1,NewOrder,1772077906.839173,27641,11,1
2,Payment,1772077906.840307,21293,15,1
2,Payment,1772077906.840689,18331,20,1
2,Payment,1772077906.841228,18617,4,1
1,NewOrder,1772077906.842823,19145,5,1
2,Payment,1772077906.844790,4559,8,1
2,Payment,1772077906.845463,21465,16,1
1,NewOrder,1772077906.845785,14355,13,1
2,Payment,1772077906.845807,10421,10,1
1,NewOrder,1772077906.847320,10338,19,1
1,NewOrder,1772077906.848327,42763,22,1
2,Payment,1772077906.848373,17943,1,1
1,NewOrder,1772077906.848834,11776,17,1
2,Payment,1772077906.849284,25965,14,1
1,NewOrder,1772077906.849365,16881,8,1
1,NewOrder,1772077906.849707,17241,7,1
1,NewOrder,1772077906.850049,39221,2,1
1,NewOrder,1772077906.852413,7777,18,1
2,Payment,1772077906.852955,13404,23,1
3,OrderStatus,1772077906.853348,9807,12,1
2,Payment,1772077906.853487,15488,0,1
1,NewOrder,1772077906.856241,30639,10,1
2,Payment,1772077906.857685,13010,19,1
1,NewOrder,1772077906.858090,15379,6,1
1,NewOrder,1772077906.859040,34707,20,1
2,Payment,1772077906.859872,11624,4,1
1,NewOrder,1772077906.860153,12727,13,1
4,Delivery,1772077906.860215,6636,18,1
2,Payment,1772077906.860636,22432,17,1
2,Payment,1772077906.861625,28218,15,1
2,Payment,1772077906.861969,13692,3,1
1,NewOrder,1772077906.861987,30344,5,1
2,Payment,1772077906.862863,13978,9,1
1,NewOrder,1772077906.863172,27536,12,1
2,Payment,1772077906.866267,17752,8,1
2,Payment,1772077906.866334,16131,1,1
2,Payment,1772077906.866376,9325,23,1
4,Delivery,1772077906.866829,36598,11,1
2,Payment,1772077906.866871,17130,18,1
1,NewOrder,1772077906.866953,10674,16,1
2,Payment,1772077906.866975,23204,7,1
1,NewOrder,1772077906.869001,9139,0,1
1,NewOrder,1772077906.870712,10412,19,1
2,Payment,1772077906.871514,18264,4,1
2,Payment,1772077906.871864,17467,21,1
1,NewOrder,1772077906.872919,12192,13,1
1,NewOrder,1772077906.873498,11200,6,1
2,Payment,1772077906.875275,20510,14,1
2,Payment,1772077906.875681,20068,3,1
1,NewOrder,1772077906.875718,37263,23,1
2,Payment,1772077906.876857,21599,9,1
1,NewOrder,1772077906.877653,35293,16,1
1,NewOrder,1772077906.878166,11130,0,1
1,NewOrder,1772077906.881151,8046,19,1
2,Payment,1772077906.882491,17712,1,1
2,Payment,1772077906.883082,20836,17,1
1,NewOrder,1772077906.884027,23153,18,1
1,NewOrder,1772077906.884045,15649,8,1
2,Payment,1772077906.884716,16640,6,1
1,NewOrder,1772077906.885129,10338,13,1
1,NewOrder,1772077906.886905,22829,10,1
2,Payment,1772077906.889211,17937,19,1
1,NewOrder,1772077906.889297,23274,2,1
2,Payment,1772077906.889312,22247,0,1
2,Payment,1772077906.889358,11681,21,1
2,Payment,1772077906.889804,27132,4,1
2,Payment,1772077906.889859,17290,15,1
1,NewOrder,1772077906.890197,20914,7,1
2,Payment,1772077906.890732,21354,12,1
1,NewOrder,1772077906.891102,7613,22,1
1,NewOrder,1772077906.892347,6830,5,1
1,NewOrder,1772077906.893758,39260,20,1
2,Payment,1772077906.895493,22908,13,1
2,Payment,1772077906.895767,27541,3,1
2,Payment,1772077906.895807,19865,14,1
1,NewOrder,1772077906.898483,10246,9,1
2,Payment,1772077906.898730,14743,22,1
2,Payment,1772077906.899192,35697,5,1
2,Payment,1772077906.899710,15650,8,1
3,OrderStatus,1772077906.900229,2237,1,1
1,NewOrder,1772077906.901057,41367,21,1
2,Payment,1772077906.901381,22367,6,1
1,NewOrder,1772077906.902482,7279,1,1
2,Payment,1772077906.903447,22834,11,1
3,OrderStatus,1772077906.903945,2144,17,1
2,Payment,1772077906.906113,3122,17,1
1,NewOrder,1772077906.907165,30868,15,1
1,NewOrder,1772077906.907175,21052,19,1
2,Payment,1772077906.907206,14724,18,1
5,StockLevel,1772077906.908751,4570,9,1
2,Payment,1772077906.909261,11652,17,1
1,NewOrder,1772077906.909758,25524,10,1
4,Delivery,1772077906.909788,32793,1,1
1,NewOrder,1772077906.911135,16332,7,1
1,NewOrder,1772077906.911587,23708,0,1
1,NewOrder,1772077906.912113,20933,12,1
2,Payment,1772077906.912597,16485,2,1
1,NewOrder,1772077906.912960,18929,16,1
1,NewOrder,1772077906.913006,18518,23,1
1,NewOrder,1772077906.913336,17640,9,1
1,NewOrder,1772077906.913490,26339,22,1
2,Payment,1772077906.915378,16967,8,1
2,Payment,1772077906.915692,8020,14,1
2,Payment,1772077906.916961,25624,4,1
2,Payment,1772077906.918417,9709,13,1
2,Payment,1772077906.920939,12581,17,1
1,NewOrder,1772077906.921950,13676,18,1
1,NewOrder,1772077906.923330,20757,3,1
2,Payment,1772077906.923737,24702,14,1
2,Payment,1772077906.923763,15317,6,1
1,NewOrder,1772077906.926308,13315,11,1
2,Payment,1772077906.927492,18429,7,1
1,NewOrder,1772077906.928138,27011,13,1
2,Payment,1772077906.928254,5973,19,1
4,Delivery,1772077906.929107,13890,2,1
1,NewOrder,1772077906.930990,40015,9,1
2,Payment,1772077906.931550,12119,23,1
1,NewOrder,1772077906.931912,22047,16,1
1,NewOrder,1772077906.932372,25704,8,1
1,NewOrder,1772077906.933045,11009,20,1
2,Payment,1772077906.933073,21782,12,1
5,StockLevel,1772077906.933547,23619,17,1
1,NewOrder,1772077906.934252,29915,19,1
2,Payment,1772077906.934915,21688,5,1
1,NewOrder,1772077906.935300,33066,10,1
2,Payment,1772077906.935322,14523,0,1
1,NewOrder,1772077906.935652,18207,18,1
1,NewOrder,1772077906.938048,12338,15,1
1,NewOrder,1772077906.939097,18608,6,1
1,NewOrder,1772077906.939657,39385,11,1
2,Payment,1772077906.939855,9191,22,1
1,NewOrder,1772077906.942451,26249,21,1
2,Payment,1772077906.942609,19901,1,1
2,Payment,1772077906.942612,28897,4,1
1,NewOrder,1772077906.943015,50681,2,1
2,Payment,1772077906.943685,13336,23,1
1,NewOrder,1772077906.944066,27476,20,1
1,NewOrder,1772077906.944111,16364,3,1
4,Delivery,1772077906.945940,19852,7,1
1,NewOrder,1772077906.948458,17250,14,1
1,NewOrder,1772077906.949073,26104,22,1
2,Payment,1772077906.949863,30480,0,1
1,NewOrder,1772077906.950413,22541,15,1
1,NewOrder,1772077906.953875,20518,18,1
3,OrderStatus,1772077906.953986,6756,16,1
1,NewOrder,1772077906.954881,25421,12,1
2,Payment,1772077906.955174,6360,13,1
1,NewOrder,1772077906.956629,38016,5,1
1,NewOrder,1772077906.957047,35148,23,1
1,NewOrder,1772077906.957183,25852,17,1
2,Payment,1772077906.957725,7513,6,1
1,NewOrder,1772077906.958090,24097,8,1
1,NewOrder,1772077906.960502,21740,3,1
1,NewOrder,1772077906.960768,13619,16,1
1,NewOrder,1772077906.961548,20218,13,1
2,Payment,1772077906.962533,24643,1,1
2,Payment,1772077906.964194,5030,19,1
2,Payment,1772077906.965263,11874,6,1
1,NewOrder,1772077906.965725,29433,14,1
1,NewOrder,1772077906.965824,38606,7,1
4,Delivery,1772077906.968381,25331,10,1
1,NewOrder,1772077906.968718,24462,21,1
2,Payment,1772077906.969251,4793,19,1
1,NewOrder,1772077906.971030,40902,9,1
2,Payment,1772077906.971526,23507,4,1
2,Payment,1772077906.971568,8336,20,1
2,Payment,1772077906.972975,6865,15,1
2,Payment,1772077906.974070,16495,19,1
1,NewOrder,1772077906.974414,14613,18,1
1,NewOrder,1772077906.974418,11128,16,1
2,Payment,1772077906.975191,21234,22,1
2,Payment,1772077906.977162,10834,6,1
5,StockLevel,1772077906.979071,24049,11,1
2,Payment,1772077906.979860,6874,15,1
1,NewOrder,1772077906.979930,15526,20,1
1,NewOrder,1772077906.980316,28892,12,1
5,StockLevel,1772077906.980362,23926,0,1
1,NewOrder,1772077906.981782,11808,13,1
2,Payment,1772077906.982200,15130,8,1
2,Payment,1772077906.982262,18842,3,1
1,NewOrder,1772077906.983051,11205,17,1
1,NewOrder,1772077906.985573,8244,16,1
2,Payment,1772077906.986747,6905,15,1
2,Payment,1772077906.987201,18524,1,1
2,Payment,1772077906.988021,15943,6,1
2,Payment,1772077906.989053,12700,18,1
2,Payment,1772077906.990590,17127,19,1
3,OrderStatus,1772077906.992220,8247,23,1
3,OrderStatus,1772077906.993207,4614,21,1
5,StockLevel,1772077906.993605,15116,13,1
1,NewOrder,1772077906.993678,24960,15,1
2,Payment,1772077906.993723,16186,2,1
1,NewOrder,1772077906.993738,40546,10,1
2,Payment,1772077906.993845,5332,16,1
2,Payment,1772077906.994274,10109,17,1
2,Payment,1772077906.994658,22397,5,1
3,OrderStatus,1772077906.995044,3668,4,1
4,Delivery,1772077906.995184,22863,14,1
3,OrderStatus,1772077906.995481,5483,20,1
3,OrderStatus,1772077906.996451,6879,22,1
1,NewOrder,1772077906.997349,38511,8,1
2,Payment,1772077906.997840,19242,21,1
3,OrderStatus,1772077906.998737,4647,4,1
1,NewOrder,1772077906.999203,17430,16,1
1,NewOrder,1772077907.000493,28048,23,1
4,Delivery,1772077907.000988,20235,20,1
3,OrderStatus,1772077907.001132,5448,3,1
1,NewOrder,1772077907.001779,34399,18,1
1,NewOrder,1772077907.003143,30660,11,1
1,NewOrder,1772077907.003355,30521,22,1
2,Payment,1772077907.003407,18484,4,1
1,NewOrder,1772077907.003990,26503,6,1
1,NewOrder,1772077907.004305,22402,0,1
1,NewOrder,1772077907.004401,33944,17,1
2,Payment,1772077907.004455,10287,7,1
1,NewOrder,1772077907.005737,17406,1,1
2,Payment,1772077907.006607,27533,3,1
3,OrderStatus,1772077907.007742,14707,19,1
1,NewOrder,1772077907.008787,15713,13,1
2,Payment,1772077907.009244,11490,12,1
2,Payment,1772077907.009968,30736,2,1
2,Payment,1772077907.011948,15141,9,1
1,NewOrder,1772077907.014765,28312,7,1
1,NewOrder,1772077907.016661,7452,16,1
2,Payment,1772077907.017079,28568,5,1
1,NewOrder,1772077907.017099,15515,21,1
3,OrderStatus,1772077907.018074,3115,14,1
2,Payment,1772077907.018660,13116,15,1
4,Delivery,1772077907.020753,13960,12,1
2,Payment,1772077907.021213,12630,14,1
2,Payment,1772077907.021249,12735,20,1
4,Delivery,1772077907.021917,30554,4,1
2,Payment,1772077907.022468,14136,19,1
1,NewOrder,1772077907.023164,8081,1,1
2,Payment,1772077907.024139,20386,16,1
2,Payment,1772077907.024513,22428,13,1
1,NewOrder,1772077907.026730,6734,0,1
1,NewOrder,1772077907.027102,6396,9,1
1,NewOrder,1772077907.028566,22331,23,1
2,Payment,1772077907.030512,8514,6,1
2,Payment,1772077907.031271,11453,1,1
1,NewOrder,1772077907.031802,16754,15,1
2,Payment,1772077907.032636,12621,21,1
2,Payment,1772077907.033482,21878,0,1
2,Payment,1772077907.033523,12246,9,1
1,NewOrder,1772077907.033815,27007,11,1
1,NewOrder,1772077907.033856,43681,14,1
1,NewOrder,1772077907.033897,27344,22,1
2,Payment,1772077907.034011,16300,20,1
2,Payment,1772077907.034152,29520,3,1
2,Payment,1772077907.034298,16497,10,1
2,Payment,1772077907.034740,14399,12,1
2,Payment,1772077907.035885,23412,8,1
2,Payment,1772077907.036197,19570,18,1
5,StockLevel,1772077907.036624,2466,19,1
2,Payment,1772077907.038364,13675,17,1
2,Payment,1772077907.039042,25254,6,1
1,NewOrder,1772077907.039106,5028,19,1
3,OrderStatus,1772077907.040716,5549,2,1
2,Payment,1772077907.042749,28227,1,1
1,NewOrder,1772077907.043090,8363,7,1
1,NewOrder,1772077907.044150,7950,19,1
2,Payment,1772077907.044551,19290,16,1
2,Payment,1772077907.045270,15090,21,1
1,NewOrder,1772077907.045669,36122,5,1
1,NewOrder,1772077907.045781,19126,9,1
2,Payment,1772077907.046283,30692,2,1
4,Delivery,1772077907.046963,40369,13,1
1,NewOrder,1772077907.048581,20852,15,1
2,Payment,1772077907.049156,22841,12,1
1,NewOrder,1772077907.050337,10386,20,1
1,NewOrder,1772077907.050812,22831,10,1
2,Payment,1772077907.050914,13946,23,1
1,NewOrder,1772077907.051480,4594,7,1
2,Payment,1772077907.052063,22954,17,1
2,Payment,1772077907.052115,14857,19,1
1,NewOrder,1772077907.052487,32634,4,1
2,Payment,1772077907.055387,28282,0,1
1,NewOrder,1772077907.055793,7064,18,1
1,NewOrder,1772077907.056089,5639,7,1
1,NewOrder,1772077907.059324,12160,8,1
2,Payment,1772077907.060384,8621,21,1
1,NewOrder,1772077907.060740,38366,20,1
4,Delivery,1772077907.060849,60219,11,1
1,NewOrder,1772077907.061262,17679,22,1
2,Payment,1772077907.061742,11176,7,1
2,Payment,1772077907.062877,8682,18,1
1,NewOrder,1772077907.063698,24703,3,1
2,Payment,1772077907.063867,16512,16,1
5,StockLevel,1772077907.064314,25436,6,1
2,Payment,1772077907.064877,10783,23,1
2,Payment,1772077907.064923,19673,9,1
1,NewOrder,1772077907.066988,15377,19,1
1,NewOrder,1772077907.069030,10849,21,1
1,NewOrder,1772077907.069457,19817,15,1
1,NewOrder,1772077907.071001,31444,1,1
2,Payment,1772077907.071500,24652,8,1
2,Payment,1772077907.071584,6462,18,1
2,Payment,1772077907.072012,13565,12,1
2,Payment,1772077907.072933,30021,7,1
1,NewOrder,1772077907.073658,30378,10,1
1,NewOrder,1772077907.075039,18756,17,1
2,Payment,1772077907.075685,7633,23,1
1,NewOrder,1772077907.076988,28072,2,1
1,NewOrder,1772077907.077554,22142,14,1
1,NewOrder,1772077907.078073,16091,18,1
1,NewOrder,1772077907.078959,37109,22,1
1,NewOrder,1772077907.079894,18140,21,1
1,NewOrder,1772077907.080390,25971,16,1
2,Payment,1772077907.081813,7855,5,1
2,Payment,1772077907.082390,7310,19,1
1,NewOrder,1772077907.083344,23871,23,1
1,NewOrder,1772077907.083682,15968,0,1
1,NewOrder,1772077907.084613,41675,9,1
1,NewOrder,1772077907.085148,20815,4,1
2,Payment,1772077907.085604,8905,12,1
5,StockLevel,1772077907.087348,13980,13,1
1,NewOrder,1772077907.088416,27700,3,1
1,NewOrder,1772077907.089301,24939,15,1
2,Payment,1772077907.089683,6010,5,1
1,NewOrder,1772077907.089715,24508,19,1
2,Payment,1772077907.089767,23467,6,1
4,Delivery,1772077907.093808,28888,17,1
1,NewOrder,1772077907.094183,13409,18,1
1,NewOrder,1772077907.094526,19296,12,1
2,Payment,1772077907.095710,9710,5,1
1,NewOrder,1772077907.096179,17964,8,1
2,Payment,1772077907.098048,8342,21,1
2,Payment,1772077907.099120,14732,20,1
5,StockLevel,1772077907.099666,24821,0,1
1,NewOrder,1772077907.099721,32916,14,1
2,Payment,1772077907.101341,7210,13,1
2,Payment,1772077907.102465,8084,1,1
2,Payment,1772077907.102981,20316,7,1
2,Payment,1772077907.104062,23833,10,1
2,Payment,1772077907.105076,12360,2,1
1,NewOrder,1772077907.105434,29684,5,1
2,Payment,1772077907.105989,21445,4,1
1,NewOrder,1772077907.106386,25498,16,1
1,NewOrder,1772077907.106416,42883,21,1
2,Payment,1772077907.107228,16430,23,1
2,Payment,1772077907.107607,20370,18,1
2,Payment,1772077907.108569,6818,13,1
1,NewOrder,1772077907.110563,21742,1,1
1,NewOrder,1772077907.113261,39340,6,1
1,NewOrder,1772077907.113849,10718,12,1
1,NewOrder,1772077907.113879,8184,20,1
2,Payment,1772077907.114169,17325,8,1
2,Payment,1772077907.114238,20414,19,1
1,NewOrder,1772077907.114266,7199,15,1
5,StockLevel,1772077907.115403,15743,13,1
1,NewOrder,1772077907.116085,29755,22,1
1,NewOrder,1772077907.116142,22129,3,1
2,Payment,1772077907.117462,15835,2,1
2,Payment,1772077907.121085,16380,11,1
1,NewOrder,1772077907.121483,7879,15,1
2,Payment,1772077907.122090,21619,20,1
1,NewOrder,1772077907.122714,6288,17,1
2,Payment,1772077907.123324,19157,7,1
2,Payment,1772077907.123676,26269,23,1
1,NewOrder,1772077907.124514,25363,0,1
1,NewOrder,1772077907.124594,6816,12,1
2,Payment,1772077907.126305,21975,9,1
1,NewOrder,1772077907.127451,22971,4,1
2,Payment,1772077907.127921,24704,10,1
1,NewOrder,1772077907.128003,24259,18,1
2,Payment,1772077907.129016,1972,17,1
2,Payment,1772077907.129389,5689,15,1
1,NewOrder,1772077907.131001,15983,17,1
2,Payment,1772077907.131172,9482,13,1
1,NewOrder,1772077907.131437,18960,12,1
2,Payment,1772077907.131510,27789,8,1
5,StockLevel,1772077907.131910,17347,16,1
1,NewOrder,1772077907.132331,22694,1,1
2,Payment,1772077907.132654,23678,14,1
1,NewOrder,1772077907.133316,27506,2,1
2,Payment,1772077907.134667,22616,19,1
1,NewOrder,1772077907.135105,45032,15,1
1,NewOrder,1772077907.135145,19273,5,1
1,NewOrder,1772077907.137483,17435,11,1
5,StockLevel,1772077907.138297,16939,3,1
1,NewOrder,1772077907.140681,27493,13,1
1,NewOrder,1772077907.142497,17240,7,1
2,Payment,1772077907.143735,21809,20,1
1,NewOrder,1772077907.145865,32734,22,1
2,Payment,1772077907.147010,11549,17,1
4,Delivery,1772077907.148296,29493,9,1
2,Payment,1772077907.149283,13343,16,1
2,Payment,1772077907.149326,21238,21,1
1,NewOrder,1772077907.149890,40811,0,1
5,StockLevel,1772077907.149961,17242,23,1
4,Delivery,1772077907.150425,14753,12,1
1,NewOrder,1772077907.150448,38354,4,1
1,NewOrder,1772077907.152287,17653,18,1
2,Payment,1772077907.152627,17195,6,1
2,Payment,1772077907.152651,10901,10,1
5,StockLevel,1772077907.154432,19114,5,1
2,Payment,1772077907.154935,18373,11,1
2,Payment,1772077907.155049,3967,1,1
2,Payment,1772077907.155262,7963,3,1
1,NewOrder,1772077907.156354,22874,14,1
2,Payment,1772077907.157309,23174,19,1
1,NewOrder,1772077907.158584,18770,17,1
2,Payment,1772077907.159043,9985,1,1
2,Payment,1772077907.159318,18582,8,1
2,Payment,1772077907.159752,32868,7,1
2,Payment,1772077907.160833,12976,2,1
1,NewOrder,1772077907.162653,15270,16,1
1,NewOrder,1772077907.163251,22683,3,1
3,OrderStatus,1772077907.163578,3344,10,1
1,NewOrder,1772077907.165206,36938,12,1
2,Payment,1772077907.165562,22484,20,1
1,NewOrder,1772077907.166946,20026,10,1
2,Payment,1772077907.167228,27824,23,1
2,Payment,1772077907.168200,6402,13,1
2,Payment,1772077907.169043,9068,1,1
2,Payment,1772077907.169848,26954,6,1
2,Payment,1772077907.169966,32661,18,1
1,NewOrder,1772077907.170578,22841,21,1
2,Payment,1772077907.173333,27214,11,1
1,NewOrder,1772077907.173565,9908,5,1
1,NewOrder,1772077907.173826,9621,2,1
2,Payment,1772077907.174615,8517,13,1
1,NewOrder,1772077907.177381,37204,17,1
1,NewOrder,1772077907.177806,45435,9,1
4,Delivery,1772077907.177921,41509,8,1
2,Payment,1772077907.177949,14703,16,1
1,NewOrder,1772077907.178136,13758,1,1
2,Payment,1772077907.178613,30193,22,1
1,NewOrder,1772077907.179254,9105,14,1
1,NewOrder,1772077907.180150,41309,15,1
4,Delivery,1772077907.180509,25162,19,1
1,NewOrder,1772077907.183147,25843,13,1
2,Payment,1772077907.183474,2954,2,1
1,NewOrder,1772077907.183485,10350,5,1
2,Payment,1772077907.185960,8606,3,1
1,NewOrder,1772077907.186454,8523,2,1
1,NewOrder,1772077907.186986,22349,10,1
1,NewOrder,1772077907.188072,40658,20,1
1,NewOrder,1772077907.188380,12611,14,1
5,StockLevel,1772077907.188829,13071,4,1
1,NewOrder,1772077907.190718,24726,0,1
2,Payment,1772077907.191914,13808,1,1
2,Payment,1772077907.192640,15651,7,1
2,Payment,1772077907.192679,4580,16,1
2,Payment,1772077907.193445,24788,21,1
2,Payment,1772077907.193852,15523,5,1
1,NewOrder,1772077907.194593,20489,3,1
2,Payment,1772077907.195003,22775,2,1
2,Payment,1772077907.195076,29890,23,1
3,OrderStatus,1772077907.196827,3423,6,1
2,Payment,1772077907.197286,3738,16,1
1,NewOrder,1772077907.200270,21640,6,1
1,NewOrder,1772077907.200569,21312,11,1
5,StockLevel,1772077907.201010,6377,14,1
2,Payment,1772077907.201051,4266,16,1
1,NewOrder,1772077907.201913,23650,4,1
2,Payment,1772077907.202161,9022,12,1
2,Payment,1772077907.202642,29024,18,1
2,Payment,1772077907.205335,10172,16,1
1,NewOrder,1772077907.205687,20590,19,1
1,NewOrder,1772077907.205748,22004,1,1
3,OrderStatus,1772077907.207408,2634,14,1
1,NewOrder,1772077907.208306,26248,7,1
2,Payment,1772077907.208824,30118,22,1
1,NewOrder,1772077907.209016,27432,13,1
2,Payment,1772077907.209349,10458,10,1
1,NewOrder,1772077907.209395,21591,5,1
5,StockLevel,1772077907.210061,5410,14,1
2,Payment,1772077907.211202,10653,12,1
1,NewOrder,1772077907.214599,36674,17,1
1,NewOrder,1772077907.215107,27868,3,1
1,NewOrder,1772077907.215457,19701,0,1
1,NewOrder,1772077907.215484,14129,14,1
1,NewOrder,1772077907.215528,15179,16,1
1,NewOrder,1772077907.217792,26649,2,1
1,NewOrder,1772077907.218252,36303,21,1
2,Payment,1772077907.219448,10516,8,1
2,Payment,1772077907.219821,15848,10,1
1,NewOrder,1772077907.221475,37490,15,1
1,NewOrder,1772077907.221875,24652,12,1
1,NewOrder,1772077907.221897,19630,11,1
1,NewOrder,1772077907.221937,22996,6,1
2,Payment,1772077907.223255,17296,9,1
1,NewOrder,1772077907.224984,22755,23,1
1,NewOrder,1772077907.225578,51773,4,1
1,NewOrder,1772077907.226291,59030,19,1
1,NewOrder,1772077907.227770,13441,1,1
1,NewOrder,1772077907.228756,48624,20,1
2,Payment,1772077907.229631,3374,14,1
2,Payment,1772077907.229978,14981,8,1
3,OrderStatus,1772077907.230723,6325,16,1
2,Payment,1772077907.231002,10551,5,1
1,NewOrder,1772077907.231679,41232,18,1
2,Payment,1772077907.233024,2600,14,1
1,NewOrder,1772077907.234572,32561,7,1
1,NewOrder,1772077907.235174,27873,0,1
2,Payment,1772077907.235639,5523,14,1
2,Payment,1772077907.235694,25591,10,1
1,NewOrder,1772077907.236460,42673,13,1
1,NewOrder,1772077907.237073,10599,16,1
4,Delivery,1772077907.238957,60331,22,1
1,NewOrder,1772077907.240566,16837,9,1
1,NewOrder,1772077907.241180,10445,14,1
2,Payment,1772077907.241229,15568,1,1
1,NewOrder,1772077907.241540,15844,11,1
4,Delivery,1772077907.241573,66735,5,1
1,NewOrder,1772077907.242990,32867,3,1
5,StockLevel,1772077907.244465,28013,2,1
2,Payment,1772077907.244958,24719,6,1
1,NewOrder,1772077907.244972,43455,8,1
5,StockLevel,1772077907.246548,7757,12,1
1,NewOrder,1772077907.247689,10031,16,1
5,StockLevel,1772077907.247765,24759,23,1
5,StockLevel,1772077907.251289,25467,17,1
2,Payment,1772077907.251641,16531,14,1
1,NewOrder,1772077907.254318,7611,12,1
1,NewOrder,1772077907.254582,27335,21,1
1,NewOrder,1772077907.256814,5872,1,1
1,NewOrder,1772077907.257411,14285,11,1
2,Payment,1772077907.257430,19552,9,1
2,Payment,1772077907.257738,14001,16,1
1,NewOrder,1772077907.258989,11987,15,1
2,Payment,1772077907.261302,23279,10,1
2,Payment,1772077907.261946,12073,12,1
1,NewOrder,1772077907.262702,8303,1,1
2,Payment,1772077907.263065,2361,0,1
1,NewOrder,1772077907.265441,9613,0,1
1,NewOrder,1772077907.267160,32167,7,1
1,NewOrder,1772077907.268197,24671,14,1
2,Payment,1772077907.269699,22344,6,1
2,Payment,1772077907.270995,7388,15,1
1,NewOrder,1772077907.271020,9454,1,1
3,OrderStatus,1772077907.271712,3441,11,1
1,NewOrder,1772077907.271755,9177,16,1
1,NewOrder,1772077907.272490,26318,2,1
2,Payment,1772077907.272543,9400,23,1
1,NewOrder,1772077907.272926,20444,18,1
2,Payment,1772077907.274036,6947,12,1
2,Payment,1772077907.275065,2925,0,1
2,Payment,1772077907.275169,32261,11,1
2,Payment,1772077907.275871,5582,3,1
2,Payment,1772077907.276774,10208,17,1
5,StockLevel,1772077907.277007,18289,9,1
1,NewOrder,1772077907.277363,21946,4,1
2,Payment,1772077907.277396,10239,20,1
5,StockLevel,1772077907.278010,9795,0,1
2,Payment,1772077907.278403,14082,15,1
2,Payment,1772077907.279151,19125,13,1
2,Payment,1772077907.280489,5977,1,1
2,Payment,1772077907.280959,22251,16,1
1,NewOrder,1772077907.280998,7785,12,1
3,OrderStatus,1772077907.281465,6713,3,1
1,NewOrder,1772077907.281945,13192,21,1
1,NewOrder,1772077907.281960,23583,23,1
2,Payment,1772077907.284599,11694,10,1
2,Payment,1772077907.285345,7138,19,1
1,NewOrder,1772077907.286481,23987,1,1
2,Payment,1772077907.287007,21730,17,1
1,NewOrder,1772077907.287658,17317,20,1
2,Payment,1772077907.287831,4806,0,1
1,NewOrder,1772077907.288203,24274,3,1
2,Payment,1772077907.288454,11740,8,1
2,Payment,1772077907.288797,28612,12,1
2,Payment,1772077907.292069,23359,6,1
1,NewOrder,1772077907.292506,23467,15,1
1,NewOrder,1772077907.292512,14794,19,1
1,NewOrder,1772077907.292650,14736,0,1
2,Payment,1772077907.292912,35841,14,1
1,NewOrder,1772077907.293397,13312,18,1
1,NewOrder,1772077907.295153,19503,21,1
3,OrderStatus,1772077907.295307,5181,9,1
2,Payment,1772077907.296319,24858,10,1
1,NewOrder,1772077907.298297,15291,13,1
1,NewOrder,1772077907.298828,25890,2,1
1,NewOrder,1772077907.299314,26148,22,1
2,Payment,1772077907.299324,4822,4,1
2,Payment,1772077907.299342,27620,7,1
5,StockLevel,1772077907.300220,17145,8,1
1,NewOrder,1772077907.300516,15511,9,1
2,Payment,1772077907.303226,31699,16,1
2,Payment,1772077907.304163,4680,4,1
2,Payment,1772077907.304992,5013,20,1
2,Payment,1772077907.305569,13218,23,1
1,NewOrder,1772077907.306727,25317,18,1
1,NewOrder,1772077907.307326,19976,19,1
1,NewOrder,1772077907.307411,31895,0,1
2,Payment,1772077907.307456,27328,11,1
1,NewOrder,1772077907.308321,16166,5,1
1,NewOrder,1772077907.308764,36738,17,1
5,StockLevel,1772077907.308869,14770,4,1
3,OrderStatus,1772077907.310018,4976,20,1
1,NewOrder,1772077907.310494,15815,1,1
2,Payment,1772077907.312503,5241,3,1
1,NewOrder,1772077907.313606,12679,13,1
2,Payment,1772077907.314676,7178,21,1
1,NewOrder,1772077907.315020,14362,20,1
2,Payment,1772077907.315441,26588,6,1
1,NewOrder,1772077907.315991,13824,15,1
1,NewOrder,1772077907.316041,19123,9,1
1,NewOrder,1772077907.317391,40738,8,1
4,Delivery,1772077907.317424,11391,12,1
2,Payment,1772077907.317760,16307,3,1
2,Payment,1772077907.318808,7074,23,1
2,Payment,1772077907.321195,31466,10,1
1,NewOrder,1772077907.321872,11372,21,1
1,NewOrder,1772077907.323666,29114,4,1
1,NewOrder,1772077907.324502,30588,5,1
2,Payment,1772077907.324739,17197,2,1
2,Payment,1772077907.325490,4874,22,1
1,NewOrder,1772077907.325898,18238,23,1
2,Payment,1772077907.326312,15183,13,1
2,Payment,1772077907.326333,23111,1,1
2,Payment,1772077907.326988,32386,7,1
2,Payment,1772077907.327317,5548,19,1
2,Payment,1772077907.328780,28723,14,1
2,Payment,1772077907.328841,23885,12,1
1,NewOrder,1772077907.329409,30524,20,1
2,Payment,1772077907.329842,14589,15,1
1,NewOrder,1772077907.330375,12273,22,1
2,Payment,1772077907.332071,3508,18,1
1,NewOrder,1772077907.332882,10464,19,1
2,Payment,1772077907.333263,4791,21,1
5,StockLevel,1772077907.334092,17809,3,1
1,NewOrder,1772077907.334797,26148,11,1
1,NewOrder,1772077907.334947,43246,16,1
2,Payment,1772077907.335186,38664,9,1
5,StockLevel,1772077907.335606,6870,18,1
2,Payment,1772077907.338073,2220,21,1
4,Delivery,1772077907.339328,17671,0,1
1,NewOrder,1772077907.340311,12484,21,1
2,Payment,1772077907.341507,19875,13,1
1,NewOrder,1772077907.341955,32642,2,1
2,Payment,1772077907.342038,24872,6,1
2,Payment,1772077907.342503,4855,18,1
5,StockLevel,1772077907.342675,9545,22,1
1,NewOrder,1772077907.343371,11426,19,1
2,Payment,1772077907.344157,8662,23,1
1,NewOrder,1772077907.344456,8816,15,1
1,NewOrder,1772077907.345516,26157,17,1
2,Payment,1772077907.347377,10171,18,1
5,StockLevel,1772077907.349470,18725,1,1
1,NewOrder,1772077907.351928,19795,3,1
2,Payment,1772077907.352245,9115,22,1
4,Delivery,1772077907.352687,40242,10,1
1,NewOrder,1772077907.352751,12928,12,1
1,NewOrder,1772077907.352806,23634,4,1
1,NewOrder,1772077907.352822,12388,21,1
2,Payment,1772077907.352846,14592,23,1
1,NewOrder,1772077907.353290,8019,15,1
1,NewOrder,1772077907.354812,9863,19,1
4,Delivery,1772077907.355104,2305,5,1
2,Payment,1772077907.357025,14726,0,1
1,NewOrder,1772077907.357426,19428,5,1
2,Payment,1772077907.357517,14254,14,1
1,NewOrder,1772077907.357564,10092,18,1
1,NewOrder,1772077907.358156,24087,8,1
2,Payment,1772077907.359400,19256,7,1
2,Payment,1772077907.359948,13027,20,1
1,NewOrder,1772077907.360958,21264,11,1
1,NewOrder,1772077907.361346,28291,15,1
2,Payment,1772077907.361395,18642,22,1
2,Payment,1772077907.361402,14445,13,1
2,Payment,1772077907.364708,10823,19,1
2,Payment,1772077907.365234,17635,21,1
1,NewOrder,1772077907.365697,5436,12,1
2,Payment,1772077907.366923,15267,6,1
2,Payment,1772077907.367463,21226,23,1
2,Payment,1772077907.367673,24876,18,1
1,NewOrder,1772077907.368207,19039,1,1
3,OrderStatus,1772077907.371159,2842,12,1
2,Payment,1772077907.371701,14310,17,1
1,NewOrder,1772077907.371738,29344,3,1
2,Payment,1772077907.371764,5212,0,1
2,Payment,1772077907.371796,7682,14,1
1,NewOrder,1772077907.372995,17833,20,1
2,Payment,1772077907.373874,13262,9,1
2,Payment,1772077907.374026,16572,12,1
2,Payment,1772077907.374623,7287,2,1
1,NewOrder,1772077907.375557,9645,19,1
2,Payment,1772077907.375868,23505,13,1
4,Delivery,1772077907.376452,29880,4,1
2,Payment,1772077907.376865,11191,5,1
2,Payment,1772077907.377001,19464,0,1
1,NewOrder,1772077907.378228,8528,16,1
2,Payment,1772077907.378692,12962,7,1
2,Payment,1772077907.379493,24213,14,1
2,Payment,1772077907.380063,18013,22,1
1,NewOrder,1772077907.381936,20588,2,1
2,Payment,1772077907.382210,13607,6,1
1,NewOrder,1772077907.382248,17145,11,1
1,NewOrder,1772077907.382261,16787,8,1
2,Payment,1772077907.382896,18555,21,1
2,Payment,1772077907.385217,18967,19,1
2,Payment,1772077907.386038,29063,17,1
3,OrderStatus,1772077907.386780,3345,16,1
1,NewOrder,1772077907.387162,18216,9,1
1,NewOrder,1772077907.387260,16553,1,1
2,Payment,1772077907.388082,14111,5,1
5,StockLevel,1772077907.388701,12452,23,1
1,NewOrder,1772077907.389663,26361,15,1
2,Payment,1772077907.390144,3724,16,1
2,Payment,1772077907.390624,30469,12,1
1,NewOrder,1772077907.390846,29787,20,1
1,NewOrder,1772077907.391680,27148,7,1
5,StockLevel,1772077907.392563,7650,18,1
2,Payment,1772077907.392956,10403,10,1
2,Payment,1772077907.393894,37366,16,1
2,Payment,1772077907.395835,14246,6,1
1,NewOrder,1772077907.396486,22445,0,1
2,Payment,1772077907.398102,9798,22,1
2,Payment,1772077907.399074,19716,8,1
4,Delivery,1772077907.399399,25838,13,1
2,Payment,1772077907.399414,29651,11,1
2,Payment,1772077907.400234,10401,18,1
1,NewOrder,1772077907.401109,13579,3,1
1,NewOrder,1772077907.401179,28329,23,1
1,NewOrder,1772077907.401465,12363,21,1
2,Payment,1772077907.402213,6799,5,1
1,NewOrder,1772077907.402538,43528,2,1
1,NewOrder,1772077907.403373,20907,10,1
1,NewOrder,1772077907.403732,27465,14,1
1,NewOrder,1772077907.403831,29320,1,1
2,Payment,1772077907.404195,9101,19,1
1,NewOrder,1772077907.405403,14803,9,1
2,Payment,1772077907.406350,8777,4,1
1,NewOrder,1772077907.407917,17833,22,1
2,Payment,1772077907.409029,12097,5,1
2,Payment,1772077907.410108,25666,6,1
1,NewOrder,1772077907.410662,27414,18,1
3,OrderStatus,1772077907.413314,4768,19,1
2,Payment,1772077907.413842,4975,21,1
1,NewOrder,1772077907.414704,19866,3,1
1,NewOrder,1772077907.415127,12732,17,1
1,NewOrder,1772077907.415145,15983,4,1
2,Payment,1772077907.416047,20699,15,1
1,NewOrder,1772077907.418107,16944,19,1
1,NewOrder,1772077907.418807,32879,8,1
1,NewOrder,1772077907.418834,35856,21,1
2,Payment,1772077907.418855,23009,7,1
1,NewOrder,1772077907.418945,35756,0,1
1,NewOrder,1772077907.420232,31960,9,1
1,NewOrder,1772077907.420657,33222,20,1
1,NewOrder,1772077907.421120,33684,12,1
2,Payment,1772077907.421143,9551,5,1
1,NewOrder,1772077907.424296,30879,10,1
1,NewOrder,1772077907.425262,8429,13,1
1,NewOrder,1772077907.425764,46261,22,1
1,NewOrder,1772077907.427879,11093,17,1
2,Payment,1772077907.429084,18467,11,1
1,NewOrder,1772077907.429526,52272,23,1
1,NewOrder,1772077907.430720,24488,5,1
1,NewOrder,1772077907.431142,8173,4,1
2,Payment,1772077907.431221,10242,14,1
1,NewOrder,1772077907.431284,29138,16,1
2,Payment,1772077907.433177,8422,1,1
2,Payment,1772077907.433706,13046,13,1
2,Payment,1772077907.434597,13618,3,1
1,NewOrder,1772077907.435067,6895,19,1
1,NewOrder,1772077907.435800,23545,6,1
2,Payment,1772077907.436772,21248,15,1
2,Payment,1772077907.438102,2828,18,1
2,Payment,1772077907.438998,27057,17,1
5,StockLevel,1772077907.439333,7663,4,1
2,Payment,1772077907.440946,5836,18,1
1,NewOrder,1772077907.441478,25625,14,1
1,NewOrder,1772077907.441625,27846,1,1
1,NewOrder,1772077907.441883,24787,7,1
3,OrderStatus,1772077907.441989,4140,19,1
4,Delivery,1772077907.446092,35723,2,1
1,NewOrder,1772077907.446154,14511,19,1
1,NewOrder,1772077907.446779,37535,13,1
2,Payment,1772077907.446798,10828,18,1
1,NewOrder,1772077907.447021,10994,4,1
1,NewOrder,1772077907.447578,16180,11,1
1,NewOrder,1772077907.448230,29573,3,1
1,NewOrder,1772077907.451703,30078,8,1
1,NewOrder,1772077907.452204,27892,9,1
1,NewOrder,1772077907.453902,37156,20,1
2,Payment,1772077907.454720,8148,0,1
2,Payment,1772077907.454720,10828,21,1
2,Payment,1772077907.454830,17649,12,1
1,NewOrder,1772077907.455200,34241,10,1
4,Delivery,1772077907.455225,27462,5,1
1,NewOrder,1772077907.457640,27540,18,1
1,NewOrder,1772077907.458031,12350,4,1
3,OrderStatus,1772077907.458046,9604,15,1
1,NewOrder,1772077907.459372,33247,6,1
1,NewOrder,1772077907.460448,25755,16,1
1,NewOrder,1772077907.460692,13180,19,1
1,NewOrder,1772077907.462882,23768,0,1
2,Payment,1772077907.463779,6068,11,1
1,NewOrder,1772077907.465562,27761,21,1
1,NewOrder,1772077907.466078,15832,17,1
2,Payment,1772077907.466692,8548,7,1
2,Payment,1772077907.467118,14290,14,1
1,NewOrder,1772077907.467664,21177,15,1
2,Payment,1772077907.469492,7363,1,1
1,NewOrder,1772077907.469858,10998,11,1
1,NewOrder,1772077907.470408,35874,4,1
2,Payment,1772077907.472040,12626,22,1
1,NewOrder,1772077907.472505,15897,12,1
3,OrderStatus,1772077907.473891,4270,19,1
2,Payment,1772077907.475257,5671,7,1
2,Payment,1772077907.476875,4812,1,1
4,Delivery,1772077907.477824,4686,3,1
1,NewOrder,1772077907.478184,27035,19,1
1,NewOrder,1772077907.480121,29253,9,1
2,Payment,1772077907.480875,4891,11,1
2,Payment,1772077907.480945,16371,7,1
2,Payment,1772077907.481427,10144,14,1
1,NewOrder,1772077907.481704,21020,1,1
2,Payment,1772077907.481794,24048,8,1
1,NewOrder,1772077907.481823,52889,23,1
1,NewOrder,1772077907.481829,49179,2,1
1,NewOrder,1772077907.481936,20811,17,1
2,Payment,1772077907.482524,6884,3,1
1,NewOrder,1772077907.482708,31355,5,1
1,NewOrder,1772077907.484332,22263,13,1
1,NewOrder,1772077907.484683,24334,22,1
1,NewOrder,1772077907.485197,17576,18,1
1,NewOrder,1772077907.485779,16366,11,1
2,Payment,1772077907.486230,15319,16,1
1,NewOrder,1772077907.486676,33904,0,1
1,NewOrder,1772077907.488426,17301,12,1
1,NewOrder,1772077907.488857,18118,15,1
2,Payment,1772077907.489426,5424,3,1
2,Payment,1772077907.489461,26690,10,1
1,NewOrder,1772077907.491084,15562,20,1
1,NewOrder,1772077907.491595,23032,14,1
1,NewOrder,1772077907.492632,15871,6,1
2,Payment,1772077907.493351,6089,21,1
2,Payment,1772077907.494865,5503,3,1
2,Payment,1772077907.497342,21912,7,1
2,Payment,1772077907.499458,6204,21,1
1,NewOrder,1772077907.500382,17121,3,1
2,Payment,1772077907.501563,7855,16,1
1,NewOrder,1772077907.502171,13238,11,1
1,NewOrder,1772077907.502736,31018,1,1
1,NewOrder,1772077907.502774,30623,17,1
1,NewOrder,1772077907.502800,25860,18,1
5,StockLevel,1772077907.505245,18152,19,1
1,NewOrder,1772077907.505677,49830,21,1
2,Payment,1772077907.505745,8856,12,1
2,Payment,1772077907.505868,18358,8,1
2,Payment,1772077907.506294,11960,4,1
4,Delivery,1772077907.506612,31657,13,1
1,NewOrder,1772077907.506661,24934,20,1
1,NewOrder,1772077907.506996,27260,15,1
1,NewOrder,1772077907.508529,10369,6,1
2,Payment,1772077907.509045,2474,22,1
2,Payment,1772077907.509388,18848,9,1
1,NewOrder,1772077907.509434,10765,16,1
2,Payment,1772077907.511533,3036,22,1
2,Payment,1772077907.514088,10094,5,1
1,NewOrder,1772077907.514583,20178,22,1
1,NewOrder,1772077907.514616,23259,12,1
2,Payment,1772077907.514654,8959,14,1
5,StockLevel,1772077907.515435,6229,11,1
1,NewOrder,1772077907.516177,33475,10,1
2,Payment,1772077907.517518,15420,3,1
3,OrderStatus,1772077907.518280,8187,4,1
1,NewOrder,1772077907.518916,11270,6,1
2,Payment,1772077907.519266,14194,7,1
2,Payment,1772077907.520212,7224,16,1
2,Payment,1772077907.520596,26092,0,1
1,NewOrder,1772077907.521689,28450,11,1
2,Payment,1772077907.523413,8155,19,1
2,Payment,1772077907.523640,17267,14,1
5,StockLevel,1772077907.524208,28358,5,1
1,NewOrder,1772077907.524242,34976,8,1
5,StockLevel,1772077907.526484,10312,4,1
1,NewOrder,1772077907.527453,24242,16,1
1,NewOrder,1772077907.528263,33635,9,1
3,OrderStatus,1772077907.528686,12598,18,1
1,NewOrder,1772077907.530211,29214,6,1
2,Payment,1772077907.531023,22728,2,1
3,OrderStatus,1772077907.531590,3560,19,1
2,Payment,1772077907.531622,9684,20,1
2,Payment,1772077907.532964,25509,3,1
2,Payment,1772077907.533422,16582,17,1
2,Payment,1772077907.533490,7799,7,1
2,Payment,1772077907.533771,31616,1,1
2,Payment,1772077907.534271,19482,15,1
3,OrderStatus,1772077907.534726,14391,23,1
1,NewOrder,1772077907.534792,26027,22,1
1,NewOrder,1772077907.535163,6090,19,1
2,Payment,1772077907.536813,33558,4,1
1,NewOrder,1772077907.537888,6585,12,1
1,NewOrder,1772077907.538288,6613,13,1
2,Payment,1772077907.540933,18176,14,1
2,Payment,1772077907.541269,9370,19,1
1,NewOrder,1772077907.541299,8625,18,1
5,StockLevel,1772077907.541307,16896,7,1
5,StockLevel,1772077907.541323,17090,20,1
1,NewOrder,1772077907.544499,5527,12,1
1,NewOrder,1772077907.544919,5165,13,1
1,NewOrder,1772077907.546714,20221,0,1
4,Delivery,1772077907.549132,72587,23,1
2,Payment,1772077907.549678,3643,10,1
2,Payment,1772077907.549939,3774,18,1
2,Payment,1772077907.550031,26423,17,1
2,Payment,1772077907.550044,12645,12,1
2,Payment,1772077907.550101,16908,13,1
1,NewOrder,1772077907.550165,14427,11,1
2,Payment,1772077907.550665,8276,19,1
3,OrderStatus,1772077907.551711,6337,16,1
1,NewOrder,1772077907.552591,14366,5,1
1,NewOrder,1772077907.553342,23443,10,1
1,NewOrder,1772077907.553739,10814,18,1
3,OrderStatus,1772077907.553772,6492,15,1
4,Delivery,1772077907.553780,30612,2,1
2,Payment,1772077907.555520,11010,21,1
1,NewOrder,1772077907.558075,13096,16,1
1,NewOrder,1772077907.558229,11332,7,1
1,NewOrder,1772077907.558435,12355,20,1
1,NewOrder,1772077907.558493,25180,3,1
2,Payment,1772077907.558962,16719,19,1
2,Payment,1772077907.559123,22646,14,1
4,Delivery,1772077907.559228,37228,8,1
1,NewOrder,1772077907.559439,10399,6,1
2,Payment,1772077907.560290,31355,15,1
2,Payment,1772077907.560845,19596,22,1
1,NewOrder,1772077907.561914,10644,9,1
1,NewOrder,1772077907.562715,13623,12,1
1,NewOrder,1772077907.564575,25549,18,1
2,Payment,1772077907.564606,11808,11,1
1,NewOrder,1772077907.565404,34126,1,1
2,Payment,1772077907.566556,22158,21,1
1,NewOrder,1772077907.566961,22182,0,1
2,Payment,1772077907.566971,6815,5,1
1,NewOrder,1772077907.567036,14889,13,1
1,NewOrder,1772077907.569587,6733,7,1
2,Payment,1772077907.569861,11376,6,1
2,Payment,1772077907.570397,5889,4,1
1,NewOrder,1772077907.570805,21754,20,1
2,Payment,1772077907.571188,29556,16,1
1,NewOrder,1772077907.572573,11446,9,1
2,Payment,1772077907.573802,8056,5,1
1,NewOrder,1772077907.575706,22158,19,1
1,NewOrder,1772077907.576312,12036,4,1
1,NewOrder,1772077907.576346,17115,7,1
2,Payment,1772077907.576353,33170,12,1
2,Payment,1772077907.576429,14216,11,1
1,NewOrder,1772077907.576480,12354,17,1
1,NewOrder,1772077907.576802,21985,10,1
1,NewOrder,1772077907.580461,25897,22,1
2,Payment,1772077907.581249,11854,6,1
1,NewOrder,1772077907.581795,11688,14,1
4,Delivery,1772077907.581883,2858,5,1
1,NewOrder,1772077907.581941,10187,13,1
1,NewOrder,1772077907.583700,22708,3,1
2,Payment,1772077907.584033,13784,9,1
1,NewOrder,1772077907.584416,29021,2,1
2,Payment,1772077907.584757,12518,5,1
2,Payment,1772077907.588374,11914,4,1
1,NewOrder,1772077907.588726,24350,21,1
2,Payment,1772077907.588858,30963,17,1
2,Payment,1772077907.589161,24395,0,1
1,NewOrder,1772077907.590150,19701,18,1
1,NewOrder,1772077907.590671,17627,11,1
2,Payment,1772077907.591664,43056,15,1
2,Payment,1772077907.592146,35088,13,1
1,NewOrder,1772077907.592575,20920,20,1
1,NewOrder,1772077907.593127,18154,6,1
1,NewOrder,1772077907.593488,12940,7,1
1,NewOrder,1772077907.593509,23049,14,1
1,NewOrder,1772077907.596471,46973,8,1
4,Delivery,1772077907.597302,23578,5,1
2,Payment,1772077907.597834,8068,9,1
2,Payment,1772077907.597890,8498,19,1
2,Payment,1772077907.598802,22581,10,1
1,NewOrder,1772077907.599556,12037,1,1
1,NewOrder,1772077907.600306,21156,4,1
3,OrderStatus,1772077907.600757,9070,16,1
2,Payment,1772077907.605928,18241,9,1
2,Payment,1772077907.606373,12951,22,1
1,NewOrder,1772077907.606415,38309,19,1
1,NewOrder,1772077907.606425,48571,3,1
1,NewOrder,1772077907.606445,35425,7,1
2,Payment,1772077907.608324,17828,11,1
1,NewOrder,1772077907.609548,39254,12,1
2,Payment,1772077907.609854,31989,16,1
1,NewOrder,1772077907.609865,41579,18,1
1,NewOrder,1772077907.611307,27188,6,1
2,Payment,1772077907.611614,10794,1,1
5,StockLevel,1772077907.613090,25830,21,1
2,Payment,1772077907.613462,15968,2,1
2,Payment,1772077907.613517,15390,20,1
2,Payment,1772077907.613582,11334,0,1
2,Payment,1772077907.616584,32639,14,1
1,NewOrder,1772077907.619350,29350,22,1
1,NewOrder,1772077907.619837,38882,17,1
5,StockLevel,1772077907.620912,2908,5,1
2,Payment,1772077907.621410,8048,10,1
2,Payment,1772077907.621487,12534,4,1
2,Payment,1772077907.621738,10549,23,1
2,Payment,1772077907.622437,18293,1,1
3,OrderStatus,1772077907.623833,2043,5,1
1,NewOrder,1772077907.624195,29193,9,1
2,Payment,1772077907.624935,23830,0,1
4,Delivery,1772077907.625893,38883,5,1
2,Payment,1772077907.626168,6471,11,1
1,NewOrder,1772077907.627253,29019,13,1
4,Delivery,1772077907.628922,22614,20,1
1,NewOrder,1772077907.629448,24891,2,1
1,NewOrder,1772077907.629473,21297,10,1
2,Payment,1772077907.632302,3027,23,1
1,NewOrder,1772077907.632665,8738,11,1
1,NewOrder,1772077907.634049,27344,4,1
2,Payment,1772077907.634738,16769,15,1
1,NewOrder,1772077907.635345,12987,23,1
2,Payment,1772077907.638512,7244,6,1
3,OrderStatus,1772077907.638937,7602,21,1
2,Payment,1772077907.640755,16173,1,1
1,NewOrder,1772077907.641430,22270,11,1
3,OrderStatus,1772077907.641869,15173,16,1
1,NewOrder,1772077907.641897,24052,7,1
2,Payment,1772077907.643459,12113,8,1
1,NewOrder,1772077907.644746,24095,19,1
4,Delivery,1772077907.645781,3754,6,1
2,Payment,1772077907.646565,2583,21,1
2,Payment,1772077907.648357,3564,23,1
5,StockLevel,1772077907.648720,14868,22,1
2,Payment,1772077907.648791,12962,0,1
2,Payment,1772077907.648828,9938,12,1
2,Payment,1772077907.649167,9096,21,1
1,NewOrder,1772077907.649241,36592,14,1
2,Payment,1772077907.649560,9927,6,1
1,NewOrder,1772077907.650787,19734,10,1
5,StockLevel,1772077907.651471,24785,18,1
1,NewOrder,1772077907.651520,18721,15,1
1,NewOrder,1772077907.651561,14883,20,1
2,Payment,1772077907.651947,16597,23,1
4,Delivery,1772077907.653403,17684,9,1
3,OrderStatus,1772077907.654366,5484,2,1
2,Payment,1772077907.655023,19728,3,1
1,NewOrder,1772077907.655598,34814,8,1
2,Payment,1772077907.656300,11215,13,1
2,Payment,1772077907.656953,23860,1,1
2,Payment,1772077907.657061,19221,16,1
1,NewOrder,1772077907.658289,30154,21,1
1,NewOrder,1772077907.658734,34429,17,1
4,Delivery,1772077907.658793,10073,12,1
2,Payment,1772077907.659511,5775,6,1
2,Payment,1772077907.659868,41701,2,1
1,NewOrder,1772077907.661410,30990,4,1
3,OrderStatus,1772077907.661778,8125,0,1
1,NewOrder,1772077907.663606,6869,22,1
2,Payment,1772077907.663726,10532,11,1
2,Payment,1772077907.664790,19715,5,1
4,Delivery,1772077907.665313,6252,6,1
2,Payment,1772077907.665975,14550,7,1
2,Payment,1772077907.666469,8175,20,1
1,NewOrder,1772077907.667542,29779,13,1
1,NewOrder,1772077907.668569,25097,23,1
1,NewOrder,1772077907.668856,11983,19,1
1,NewOrder,1772077907.668883,7040,12,1
2,Payment,1772077907.669928,21872,0,1
2,Payment,1772077907.670268,10710,15,1
5,StockLevel,1772077907.670492,2810,22,1
2,Payment,1772077907.670543,17778,10,1
2,Payment,1772077907.671102,23403,9,1
1,NewOrder,1772077907.671584,25717,6,1
2,Payment,1772077907.673316,2922,22,1
1,NewOrder,1772077907.674285,16412,11,1
2,Payment,1772077907.674656,5518,20,1
1,NewOrder,1772077907.674777,21473,3,1
3,OrderStatus,1772077907.675934,2612,12,1
5,StockLevel,1772077907.676264,4999,22,1
4,Delivery,1772077907.676277,14073,18,1
1,NewOrder,1772077907.676308,30175,16,1
2,Payment,1772077907.678570,9844,12,1
1,NewOrder,1772077907.680200,24625,20,1
1,NewOrder,1772077907.680553,25966,7,1
4,Delivery,1772077907.680826,36017,1,1
1,NewOrder,1772077907.680857,34297,19,1
2,Payment,1772077907.681004,16636,15,1
2,Payment,1772077907.681279,3856,22,1
5,StockLevel,1772077907.684521,12402,5,1
2,Payment,1772077907.685149,4927,22,1
2,Payment,1772077907.685848,16432,14,1
1,NewOrder,1772077907.688348,36746,10,1
1,NewOrder,1772077907.688440,34881,12,1
1,NewOrder,1772077907.688470,30545,21,1
2,Payment,1772077907.690102,6854,22,1
1,NewOrder,1772077907.690363,37275,18,1
1,NewOrder,1772077907.690439,30231,8,1
2,Payment,1772077907.690715,12533,11,1
1,NewOrder,1772077907.691825,35377,0,1
1,NewOrder,1772077907.692430,13989,4,1
2,Payment,1772077907.693188,12312,17,1
1,NewOrder,1772077907.693693,12754,23,1
1,NewOrder,1772077907.694531,26099,9,1
2,Payment,1772077907.696277,10116,3,1
1,NewOrder,1772077907.696951,24622,5,1
1,NewOrder,1772077907.696982,21182,22,1
1,NewOrder,1772077907.697312,6807,6,1
2,Payment,1772077907.697348,11666,13,1
1,NewOrder,1772077907.697652,10897,15,1
2,Payment,1772077907.701587,14421,2,1
2,Payment,1772077907.702299,11483,14,1
2,Payment,1772077907.703265,7715,11,1
2,Payment,1772077907.704134,12352,6,1
1,NewOrder,1772077907.704850,36385,20,1
2,Payment,1772077907.705526,14711,17,1
1,NewOrder,1772077907.706418,16558,3,1
1,NewOrder,1772077907.706446,19631,4,1
2,Payment,1772077907.706472,5204,23,1
2,Payment,1772077907.706499,23606,16,1
1,NewOrder,1772077907.706545,50612,7,1
1,NewOrder,1772077907.708565,23294,15,1
1,NewOrder,1772077907.709030,24427,13,1
1,NewOrder,1772077907.711007,23408,11,1
1,NewOrder,1772077907.711703,32172,23,1
1,NewOrder,1772077907.713807,38192,14,1
1,NewOrder,1772077907.715171,30772,19,1
1,NewOrder,1772077907.716030,38757,2,1
1,NewOrder,1772077907.716512,64333,6,1
2,Payment,1772077907.716864,10678,1,1
1,NewOrder,1772077907.718191,21962,22,1
1,NewOrder,1772077907.719042,17497,21,1
1,NewOrder,1772077907.720254,31755,17,1
1,NewOrder,1772077907.720656,32796,9,1
5,StockLevel,1772077907.720697,29722,8,1
5,StockLevel,1772077907.721586,8889,5,1
2,Payment,1772077907.723003,11146,3,1
2,Payment,1772077907.723348,15327,12,1
4,Delivery,1772077907.725109,20726,10,1
2,Payment,1772077907.726103,13645,4,1
2,Payment,1772077907.727228,16689,0,1
2,Payment,1772077907.727568,20120,1,1
1,NewOrder,1772077907.727664,9188,18,1
2,Payment,1772077907.730124,17016,16,1
1,NewOrder,1772077907.730498,13494,5,1
1,NewOrder,1772077907.731885,45961,15,1
1,NewOrder,1772077907.733483,33391,13,1
2,Payment,1772077907.734176,18258,3,1
2,Payment,1772077907.734429,4473,11,1
2,Payment,1772077907.736555,3631,21,1
2,Payment,1772077907.736869,7075,18,1
2,Payment,1772077907.738701,13377,12,1
2,Payment,1772077907.738918,10409,11,1
2,Payment,1772077907.739768,19310,4,1
3,OrderStatus,1772077907.740169,2984,22,1
2,Payment,1772077907.740202,5698,21,1
2,Payment,1772077907.741250,10861,20,1
2,Payment,1772077907.743177,13175,22,1
5,StockLevel,1772077907.743901,16268,23,1
1,NewOrder,1772077907.743944,20056,0,1
4,Delivery,1772077907.743970,11855,18,1
2,Payment,1772077907.744018,32037,5,1
1,NewOrder,1772077907.745853,15145,10,1
1,NewOrder,1772077907.745918,7012,21,1
1,NewOrder,1772077907.745970,24653,19,1
2,Payment,1772077907.747166,14395,16,1
1,NewOrder,1772077907.747713,19525,1,1
1,NewOrder,1772077907.749354,36817,11,1
1,NewOrder,1772077907.750432,25094,8,1
2,Payment,1772077907.752026,14787,14,1
1,NewOrder,1772077907.752028,28451,17,1
1,NewOrder,1772077907.752098,19866,12,1
1,NewOrder,1772077907.752126,17215,20,1
1,NewOrder,1772077907.752461,15854,3,1
1,NewOrder,1772077907.752941,18166,21,1
1,NewOrder,1772077907.753468,30314,9,1
2,Payment,1772077907.754814,11693,2,1
2,Payment,1772077907.755849,8499,18,1
2,Payment,1772077907.756379,20365,22,1
1,NewOrder,1772077907.757184,19966,7,1
2,Payment,1772077907.759095,23254,4,1
1,NewOrder,1772077907.760195,33915,23,1
1,NewOrder,1772077907.761022,29140,10,1
1,NewOrder,1772077907.761588,9974,16,1
1,NewOrder,1772077907.764020,19687,0,1
2,Payment,1772077907.764360,18951,18,1
1,NewOrder,1772077907.766534,30258,2,1
1,NewOrder,1772077907.766827,17450,14,1
1,NewOrder,1772077907.766901,25304,13,1
1,NewOrder,1772077907.767265,27223,1,1
2,Payment,1772077907.768330,20312,3,1
2,Payment,1772077907.769368,19647,20,1
2,Payment,1772077907.770637,26594,19,1
2,Payment,1772077907.771134,38932,21,1
2,Payment,1772077907.771589,2236,16,1
2,Payment,1772077907.771977,5147,12,1
1,NewOrder,1772077907.773841,12890,16,1
1,NewOrder,1772077907.775543,9333,8,1
2,Payment,1772077907.776083,19640,5,1
1,NewOrder,1772077907.776770,23381,22,1
1,NewOrder,1772077907.777149,20371,12,1
2,Payment,1772077907.777165,6636,7,1
1,NewOrder,1772077907.777872,23726,15,1
5,StockLevel,1772077907.780493,21869,17,1
1,NewOrder,1772077907.780872,25072,6,1
1,NewOrder,1772077907.782375,19749,4,1
2,Payment,1772077907.783343,29070,18,1
2,Payment,1772077907.783731,29592,0,1
1,NewOrder,1772077907.783809,18807,9,1
1,NewOrder,1772077907.783828,18255,7,1
1,NewOrder,1772077907.784294,40590,14,1
2,Payment,1772077907.784912,3354,8,1
1,NewOrder,1772077907.786198,24856,11,1
2,Payment,1772077907.786748,4705,16,1
1,NewOrder,1772077907.788279,38255,8,1
1,NewOrder,1772077907.788669,38202,3,1
2,Payment,1772077907.789042,27230,20,1
1,NewOrder,1772077907.790187,19546,10,1
2,Payment,1772077907.791479,5668,16,1
4,Delivery,1772077907.792229,16998,13,1
1,NewOrder,1772077907.794136,12254,23,1
1,NewOrder,1772077907.794502,32094,1,1
1,NewOrder,1772077907.795748,37132,5,1
2,Payment,1772077907.796818,19414,2,1
2,Payment,1772077907.797162,7291,16,1
5,StockLevel,1772077907.797258,27905,19,1
2,Payment,1772077907.797546,16215,12,1
1,NewOrder,1772077907.800167,4781,22,1
1,NewOrder,1772077907.801618,26678,15,1
1,NewOrder,1772077907.802100,26151,7,1
4,Delivery,1772077907.802151,37436,4,1
1,NewOrder,1772077907.802388,33014,17,1
2,Payment,1772077907.802645,10641,9,1
1,NewOrder,1772077907.804479,30880,16,1
4,Delivery,1772077907.804962,29962,22,1
1,NewOrder,1772077907.805963,29407,6,1
2,Payment,1772077907.806416,15691,23,1
1,NewOrder,1772077907.809252,23664,13,1
2,Payment,1772077907.809760,8262,10,1
2,Payment,1772077907.810078,19382,21,1
5,StockLevel,1772077907.811078,10749,11,1
1,NewOrder,1772077907.812441,13691,18,1
3,OrderStatus,1772077907.813304,8577,9,1
1,NewOrder,1772077907.813345,22088,0,1
2,Payment,1772077907.813787,8603,12,1
1,NewOrder,1772077907.816248,23689,2,1
2,Payment,1772077907.816287,21075,20,1
1,NewOrder,1772077907.818039,34798,10,1
2,Payment,1772077907.821842,14871,11,1
2,Payment,1772077907.821897,5808,9,1
1,NewOrder,1772077907.822133,43607,23,1
1,NewOrder,1772077907.822415,49802,12,1
1,NewOrder,1772077907.824922,33318,14,1
2,Payment,1772077907.825181,19179,19,1
2,Payment,1772077907.826157,27039,18,1
2,Payment,1772077907.826556,22229,8,1
2,Payment,1772077907.826618,10643,1,1
2,Payment,1772077907.826885,19033,3,1
1,NewOrder,1772077907.827722,12286,9,1
2,Payment,1772077907.828266,30305,7,1
1,NewOrder,1772077907.828322,9378,15,1
1,NewOrder,1772077907.829476,31898,21,1
1,NewOrder,1772077907.832906,35334,5,1
2,Payment,1772077907.832934,10882,13,1
1,NewOrder,1772077907.834940,35808,22,1
1,NewOrder,1772077907.835371,6135,16,1
1,NewOrder,1772077907.835390,36259,6,1
5,StockLevel,1772077907.835424,28227,17,1
1,NewOrder,1772077907.835450,29520,0,1
3,OrderStatus,1772077907.836726,13925,11,1
2,Payment,1772077907.837272,16617,1,1
2,Payment,1772077907.837377,21160,20,1
1,NewOrder,1772077907.837720,4952,15,1
2,Payment,1772077907.839603,17186,4,1
1,NewOrder,1772077907.839953,13295,2,1
1,NewOrder,1772077907.840022,9020,9,1
2,Payment,1772077907.841523,4854,16,1
3,OrderStatus,1772077907.842686,2261,15,1
1,NewOrder,1772077907.843833,35283,13,1
1,NewOrder,1772077907.844384,36416,19,1
1,NewOrder,1772077907.844963,8197,15,1
2,Payment,1772077907.845932,18659,3,1
1,NewOrder,1772077907.846393,7158,16,1
2,Payment,1772077907.848811,24330,8,1
2,Payment,1772077907.849058,13422,9,1
1,NewOrder,1772077907.850666,48480,11,1
1,NewOrder,1772077907.852854,18283,10,1
4,Delivery,1772077907.853174,25077,15,1
2,Payment,1772077907.853221,12964,18,1
2,Payment,1772077907.853267,21056,2,1
1,NewOrder,1772077907.853565,19654,16,1
1,NewOrder,1772077907.853903,38110,1,1
1,NewOrder,1772077907.856816,24419,4,1
1,NewOrder,1772077907.858267,27010,14,1
1,NewOrder,1772077907.858556,34206,20,1
1,NewOrder,1772077907.858596,37967,7,1
4,Delivery,1772077907.861390,25227,21,1
5,StockLevel,1772077907.862497,18795,9,1
1,NewOrder,1772077907.863667,21941,17,1
1,NewOrder,1772077907.864607,42894,3,1
1,NewOrder,1772077907.864984,32546,0,1
1,NewOrder,1772077907.865754,21177,23,1
2,Payment,1772077907.866205,10032,18,1
2,Payment,1772077907.868254,15281,5,1
1,NewOrder,1772077907.870764,42622,22,1
2,Payment,1772077907.871149,12349,10,1
1,NewOrder,1772077907.871674,9585,6,1
2,Payment,1772077907.872244,10725,12,1
3,OrderStatus,1772077907.873156,11831,8,1
2,Payment,1772077907.873234,17641,16,1
1,NewOrder,1772077907.874334,36385,2,1
2,Payment,1772077907.876254,8565,18,1
2,Payment,1772077907.878265,18612,15,1
4,Delivery,1772077907.879134,9360,13,1
1,NewOrder,1772077907.880827,9511,19,1
2,Payment,1772077907.881261,12776,4,1
3,OrderStatus,1772077907.881275,4221,6,1
2,Payment,1772077907.881313,10018,9,1
1,NewOrder,1772077907.882991,22004,12,1
3,OrderStatus,1772077907.883517,8583,10,1
2,Payment,1772077907.883563,16975,5,1
1,NewOrder,1772077907.884837,32173,18,1
2,Payment,1772077907.885000,16366,8,1
2,Payment,1772077907.885288,20039,14,1
2,Payment,1772077907.885511,9135,6,1
2,Payment,1772077907.885625,15298,17,1
1,NewOrder,1772077907.886631,13316,21,1
2,Payment,1772077907.886945,2864,23,1
2,Payment,1772077907.888506,26988,13,1
3,OrderStatus,1772077907.889822,2445,23,1
2,Payment,1772077907.890366,3311,19,1
1,NewOrder,1772077907.890890,21779,16,1
2,Payment,1772077907.891351,14023,9,1
1,NewOrder,1772077907.892040,27248,1,1
1,NewOrder,1772077907.892119,18159,10,1
1,NewOrder,1772077907.892282,16406,23,1
2,Payment,1772077907.892778,6709,20,1
2,Payment,1772077907.893694,14590,19,1
1,NewOrder,1772077907.894051,40291,4,1
1,NewOrder,1772077907.894659,16780,6,1
2,Payment,1772077907.896591,18942,7,1
2,Payment,1772077907.896910,26137,15,1
1,NewOrder,1772077907.897549,23422,0,1
2,Payment,1772077907.899164,24302,11,1
2,Payment,1772077907.899502,16922,20,1
1,NewOrder,1772077907.899962,28890,21,1
1,NewOrder,1772077907.900558,14476,5,1
1,NewOrder,1772077907.900935,15449,17,1
2,Payment,1772077907.901386,29876,8,1
2,Payment,1772077907.905011,25811,12,1
1,NewOrder,1772077907.905342,29752,14,1
1,NewOrder,1772077907.905401,26741,9,1
5,StockLevel,1772077907.907515,16473,3,1
2,Payment,1772077907.908300,15210,19,1
2,Payment,1772077907.908705,23476,23,1
1,NewOrder,1772077907.910292,15245,10,1
2,Payment,1772077907.910747,5157,2,1
1,NewOrder,1772077907.911455,9793,6,1
5,StockLevel,1772077907.912683,11474,16,1
2,Payment,1772077907.913397,25669,22,1
1,NewOrder,1772077907.915050,16180,5,1
1,NewOrder,1772077907.915511,30315,13,1
1,NewOrder,1772077907.915549,36808,7,1
1,NewOrder,1772077907.915926,20381,2,1
4,Delivery,1772077907.916396,39922,17,1
3,OrderStatus,1772077907.916438,5570,20,1
1,NewOrder,1772077907.917033,20653,18,1
1,NewOrder,1772077907.919302,11899,1,1
2,Payment,1772077907.920997,5123,0,1
1,NewOrder,1772077907.921264,32039,6,1
1,NewOrder,1772077907.922028,32148,20,1
1,NewOrder,1772077907.923071,27529,15,1
3,OrderStatus,1772077907.923482,6919,11,1
1,NewOrder,1772077907.923527,26522,19,1
2,Payment,1772077907.924001,9749,3,1
2,Payment,1772077907.924172,12606,16,1
2,Payment,1772077907.925556,16950,10,1
5,StockLevel,1772077907.926136,9599,0,1
1,NewOrder,1772077907.928879,38527,21,1
2,Payment,1772077907.930417,25148,11,1
2,Payment,1772077907.930843,13600,12,1
2,Payment,1772077907.931218,9845,1,1
1,NewOrder,1772077907.931246,22959,5,1
1,NewOrder,1772077907.931275,38710,8,1
2,Payment,1772077907.932158,30649,9,1
1,NewOrder,1772077907.932193,16779,23,1
1,NewOrder,1772077907.933761,20864,3,1
5,StockLevel,1772077907.934362,13167,4,1
1,NewOrder,1772077907.935114,19456,14,1
2,Payment,1772077907.935750,10500,0,1
2,Payment,1772077907.936323,17947,2,1
1,NewOrder,1772077907.936798,20194,16,1
2,Payment,1772077907.937705,5763,18,1
3,OrderStatus,1772077907.939082,4851,22,1
2,Payment,1772077907.941080,19036,1,1
2,Payment,1772077907.942524,24773,10,1
1,NewOrder,1772077907.943479,9521,18,1
2,Payment,1772077907.943952,4674,22,1
2,Payment,1772077907.944459,9037,12,1
2,Payment,1772077907.945841,14788,13,1
5,StockLevel,1772077907.946272,15060,0,1
3,OrderStatus,1772077907.947555,5307,4,1
2,Payment,1772077907.948642,4887,22,1
1,NewOrder,1772077907.948981,10332,23,1
2,Payment,1772077907.950064,9653,19,1
2,Payment,1772077907.950622,15688,15,1
1,NewOrder,1772077907.952383,30069,7,1
2,Payment,1772077907.952875,12065,4,1
5,StockLevel,1772077907.953022,5845,18,1
1,NewOrder,1772077907.953330,9990,6,1
2,Payment,1772077907.953515,17850,12,1
1,NewOrder,1772077907.953542,17097,22,1
2,Payment,1772077907.954202,9231,20,1
2,Payment,1772077907.954220,15273,5,1
1,NewOrder,1772077907.954285,11032,2,1
2,Payment,1772077907.954584,20136,14,1
1,NewOrder,1772077907.954640,10700,3,1
2,Payment,1772077907.955579,17157,11,1
2,Payment,1772077907.956344,38121,17,1
2,Payment,1772077907.957006,30335,16,1
2,Payment,1772077907.958883,6404,18,1
2,Payment,1772077907.959325,8344,23,1
2,Payment,1772077907.959743,14482,19,1
2,Payment,1772077907.960142,14536,1,1
2,Payment,1772077907.960647,19497,13,1
2,Payment,1772077907.961345,19501,0,1
2,Payment,1772077907.962825,15209,9,1
1,NewOrder,1772077907.963332,8752,6,1
1,NewOrder,1772077907.963460,30366,20,1
1,NewOrder,1772077907.964959,16235,4,1
1,NewOrder,1772077907.965300,13165,18,1
2,Payment,1772077907.965332,30884,2,1
2,Payment,1772077907.965354,23318,3,1
1,NewOrder,1772077907.966328,26373,15,1
1,NewOrder,1772077907.967315,14605,10,1
2,Payment,1772077907.967423,13333,21,1
1,NewOrder,1772077907.967679,18051,23,1
2,Payment,1772077907.969510,33832,5,1
4,Delivery,1772077907.969997,21782,8,1
1,NewOrder,1772077907.970652,17162,22,1
5,StockLevel,1772077907.971379,14907,12,1
1,NewOrder,1772077907.972103,16888,6,1
2,Payment,1772077907.972750,10139,11,1
1,NewOrder,1772077907.974243,33320,19,1
2,Payment,1772077907.974692,39273,1,1
2,Payment,1772077907.974734,24157,14,1
3,OrderStatus,1772077907.978052,5287,9,1
5,StockLevel,1772077907.978493,9850,18,1
1,NewOrder,1772077907.980160,23119,13,1
1,NewOrder,1772077907.980771,32316,21,1
2,Payment,1772077907.980875,40558,0,1
1,NewOrder,1772077907.981207,32312,4,1
2,Payment,1772077907.981938,5046,10,1
2,Payment,1772077907.982480,8925,7,1
1,NewOrder,1772077907.982902,12911,11,1
1,NewOrder,1772077907.983356,14309,9,1
5,StockLevel,1772077907.985750,8867,23,1
2,Payment,1772077907.986304,18726,12,1
1,NewOrder,1772077907.986999,21354,10,1
2,Payment,1772077907.987353,22050,16,1
2,Payment,1772077907.987841,4312,22,1
2,Payment,1772077907.988359,8175,18,1
1,NewOrder,1772077907.988687,20013,3,1
1,NewOrder,1772077907.989004,18991,6,1
1,NewOrder,1772077907.991420,21272,7,1
2,Payment,1772077907.991797,4381,8,1
1,NewOrder,1772077907.992167,20947,22,1
4,Delivery,1772077907.992715,24880,15,1
2,Payment,1772077907.993847,9114,20,1
3,OrderStatus,1772077907.994480,9674,17,1
2,Payment,1772077907.994632,13329,23,1
2,Payment,1772077907.995829,7412,11,1
2,Payment,1772077907.996192,3262,8,1
1,NewOrder,1772077907.996231,19582,2,1
2,Payment,1772077907.996549,21090,18,1
2,Payment,1772077907.997679,10730,9,1
1,NewOrder,1772077907.998905,18333,14,1
1,NewOrder,1772077907.999468,26282,8,1
2,Payment,1772077908.002984,20211,20,1
1,NewOrder,1772077908.003260,15012,11,1
1,NewOrder,1772077908.003298,35810,13,1
2,Payment,1772077908.003357,24110,5,1
2,Payment,1772077908.004170,9480,17,1
2,Payment,1772077908.005050,16413,12,1
2,Payment,1772077908.007583,27095,19,1
1,NewOrder,1772077908.007979,37564,23,1
1,NewOrder,1772077908.008020,13062,6,1
1,NewOrder,1772077908.008368,17761,10,1
1,NewOrder,1772077908.008423,15884,9,1
2,Payment,1772077908.008714,30801,3,1
3,OrderStatus,1772077908.009416,2902,16,1
2,Payment,1772077908.012331,14520,16,1
2,Payment,1772077908.012708,9168,7,1
1,NewOrder,1772077908.013102,38884,21,1
3,OrderStatus,1772077908.013131,6019,22,1
1,NewOrder,1772077908.013531,35348,4,1
1,NewOrder,1772077908.013667,31396,17,1
1,NewOrder,1772077908.013978,23593,1,1
5,StockLevel,1772077908.015826,11273,2,1
1,NewOrder,1772077908.017254,10773,14,1
1,NewOrder,1772077908.017613,31816,15,1
2,Payment,1772077908.017652,22717,18,1
2,Payment,1772077908.018287,7885,11,1
2,Payment,1772077908.019162,26346,22,1
1,NewOrder,1772077908.021100,27725,6,1
2,Payment,1772077908.021453,26966,0,1
2,Payment,1772077908.021480,16404,12,1
1,NewOrder,1772077908.021891,41727,7,1
1,NewOrder,1772077908.023209,27090,20,1
2,Payment,1772077908.024321,11919,9,1
1,NewOrder,1772077908.025767,19842,8,1
1,NewOrder,1772077908.026155,22695,10,1
2,Payment,1772077908.026188,15717,11,1
2,Payment,1772077908.026864,18709,16,1
1,NewOrder,1772077908.027116,29836,2,1
4,Delivery,1772077908.027479,46967,5,1
1,NewOrder,1772077908.028053,28929,14,1
2,Payment,1772077908.034699,22207,19,1
1,NewOrder,1772077908.036263,38774,9,1
2,Payment,1772077908.037595,19321,1,1
2,Payment,1772077908.037896,18206,12,1
1,NewOrder,1772077908.039130,32811,13,1
1,NewOrder,1772077908.039539,34107,3,1
3,OrderStatus,1772077908.040387,6200,18,1
3,OrderStatus,1772077908.041924,5394,11,1
2,Payment,1772077908.045079,20222,17,1
1,NewOrder,1772077908.045528,28610,22,1
2,Payment,1772077908.045564,17409,23,1
1,NewOrder,1772077908.045589,34823,16,1
1,NewOrder,1772077908.045636,24803,8,1
2,Payment,1772077908.046604,22297,18,1
3,OrderStatus,1772077908.047334,7387,11,1
1,NewOrder,1772077908.048432,43656,0,1
3,OrderStatus,1772077908.048852,7885,6,1
3,OrderStatus,1772077908.048865,5905,10,1
1,NewOrder,1772077908.048924,17274,4,1
1,NewOrder,1772077908.049451,7400,15,1
2,Payment,1772077908.050326,25438,20,1
2,Payment,1772077908.051999,31470,21,1
1,NewOrder,1772077908.054738,24273,11,1
3,OrderStatus,1772077908.054797,4061,10,1
1,NewOrder,1772077908.056121,23163,12,1
2,Payment,1772077908.056763,5599,6,1
2,Payment,1772077908.056877,17207,15,1
2,Payment,1772077908.056924,32438,19,1
1,NewOrder,1772077908.056932,35839,1,1
1,NewOrder,1772077908.056971,35138,2,1
1,NewOrder,1772077908.056997,19100,14,1
5,StockLevel,1772077908.058873,14447,10,1
2,Payment,1772077908.062388,4289,6,1
1,NewOrder,1772077908.062994,37836,23,1
2,Payment,1772077908.063644,12555,7,1
1,NewOrder,1772077908.065318,18788,17,1
2,Payment,1772077908.066211,5233,4,1
5,StockLevel,1772077908.066696,16181,6,1
1,NewOrder,1772077908.068916,14510,18,1
2,Payment,1772077908.070463,10617,8,1
1,NewOrder,1772077908.071457,21007,4,1
1,NewOrder,1772077908.071955,55666,13,1
2,Payment,1772077908.073346,16540,10,1
5,StockLevel,1772077908.073673,11272,3,1
1,NewOrder,1772077908.074111,19543,15,1
1,NewOrder,1772077908.074163,19152,22,1
2,Payment,1772077908.074458,8702,5,1
3,OrderStatus,1772077908.075048,4136,9,1
2,Payment,1772077908.075778,21142,20,1
1,NewOrder,1772077908.076109,37037,14,1
1,NewOrder,1772077908.076226,33423,7,1
1,NewOrder,1772077908.079038,21367,11,1
2,Payment,1772077908.079204,16440,9,1
2,Payment,1772077908.079301,3471,12,1
1,NewOrder,1772077908.080427,32768,16,1
1,NewOrder,1772077908.081099,22667,8,1
2,Payment,1772077908.082795,3324,12,1
2,Payment,1772077908.082902,17912,6,1
2,Payment,1772077908.083175,7796,5,1
2,Payment,1772077908.083437,19741,18,1
1,NewOrder,1772077908.083485,44800,21,1
2,Payment,1772077908.084132,7670,17,1
2,Payment,1772077908.084970,12680,3,1
1,NewOrder,1772077908.086134,17644,12,1
2,Payment,1772077908.089389,29717,19,1
3,OrderStatus,1772077908.089904,5493,10,1
1,NewOrder,1772077908.090997,18673,5,1
1,NewOrder,1772077908.091829,23309,17,1
1,NewOrder,1772077908.092105,26963,0,1
1,NewOrder,1772077908.092126,51418,2,1
1,NewOrder,1772077908.092486,16645,4,1
1,NewOrder,1772077908.092796,40371,1,1
1,NewOrder,1772077908.093342,13416,22,1
1,NewOrder,1772077908.093664,25373,15,1
1,NewOrder,1772077908.095422,29975,10,1
1,NewOrder,1772077908.095660,31593,9,1
1,NewOrder,1772077908.096951,16658,20,1
4,Delivery,1772077908.097669,22231,3,1
4,Delivery,1772077908.100431,23246,11,1
2,Payment,1772077908.100841,5367,6,1
2,Payment,1772077908.100847,7485,23,1
1,NewOrder,1772077908.103196,16807,18,1
2,Payment,1772077908.103792,9270,8,1
2,Payment,1772077908.103805,9904,12,1
2,Payment,1772077908.106233,13229,6,1
2,Payment,1772077908.106783,19001,22,1
5,StockLevel,1772077908.108358,16032,23,1
3,OrderStatus,1772077908.109158,3184,4,1
2,Payment,1772077908.109675,16625,7,1
2,Payment,1772077908.109689,10268,5,1
1,NewOrder,1772077908.112367,25536,4,1
1,NewOrder,1772077908.113086,29065,8,1
2,Payment,1772077908.113162,27320,14,1
2,Payment,1772077908.113222,19567,16,1
5,StockLevel,1772077908.113625,25786,20,1
2,Payment,1772077908.113736,11651,12,1
2,Payment,1772077908.115163,32314,17,1
1,NewOrder,1772077908.119053,23644,15,1
1,NewOrder,1772077908.119092,5825,0,1
2,Payment,1772077908.119132,11940,19,1
1,NewOrder,1772077908.119489,28297,6,1
4,Delivery,1772077908.119917,26619,3,1
2,Payment,1772077908.119978,7673,5,1
1,NewOrder,1772077908.120029,25009,18,1
2,Payment,1772077908.123701,10638,11,1
1,NewOrder,1772077908.124407,20019,23,1
5,StockLevel,1772077908.124935,20074,0,1
4,Delivery,1772077908.125418,4887,12,1
1,NewOrder,1772077908.125418,18607,10,1
2,Payment,1772077908.125800,10160,22,1
1,NewOrder,1772077908.126326,18086,7,1
2,Payment,1772077908.127267,11103,9,1
2,Payment,1772077908.127648,26188,13,1
1,NewOrder,1772077908.127670,23812,5,1
1,NewOrder,1772077908.128298,14983,21,1
2,Payment,1772077908.130331,31321,12,1
2,Payment,1772077908.131087,14355,19,1
1,NewOrder,1772077908.132809,20625,16,1
1,NewOrder,1772077908.133193,24572,1,1
2,Payment,1772077908.134365,11748,11,1
1,NewOrder,1772077908.135987,28112,22,1
2,Payment,1772077908.137921,4828,4,1
2,Payment,1772077908.138387,11121,9,1
5,StockLevel,1772077908.139431,17272,20,1
2,Payment,1772077908.140497,30420,14,1
2,Payment,1772077908.142178,11610,8,1
2,Payment,1772077908.142712,33437,15,1
1,NewOrder,1772077908.142776,20156,4,1
1,NewOrder,1772077908.143307,10629,21,1
1,NewOrder,1772077908.143569,14763,2,1
1,NewOrder,1772077908.144052,17883,10,1
2,Payment,1772077908.144438,15886,7,1
1,NewOrder,1772077908.144441,13830,23,1
2,Payment,1772077908.145026,8869,0,1
1,NewOrder,1772077908.145060,20364,18,1
1,NewOrder,1772077908.145468,20670,19,1
4,Delivery,1772077908.146137,46933,11,1
3,OrderStatus,1772077908.146552,4286,3,1
1,NewOrder,1772077908.147498,17506,17,1
2,Payment,1772077908.147798,18975,6,1
2,Payment,1772077908.149524,21633,9,1
2,Payment,1772077908.150854,7826,3,1
2,Payment,1772077908.151507,12168,5,1
2,Payment,1772077908.153461,34277,16,1
1,NewOrder,1772077908.153806,18314,8,1
1,NewOrder,1772077908.153855,38044,13,1
2,Payment,1772077908.153908,18738,0,1
2,Payment,1772077908.153962,4847,21,1
1,NewOrder,1772077908.156719,13665,20,1
2,Payment,1772077908.157792,28001,1,1
1,NewOrder,1772077908.158286,12586,23,1
1,NewOrder,1772077908.158346,14353,2,1
2,Payment,1772077908.158707,18554,3,1
1,NewOrder,1772077908.158836,23176,21,1
1,NewOrder,1772077908.160349,20088,7,1
5,StockLevel,1772077908.161680,17307,12,1
2,Payment,1772077908.161960,13844,10,1
2,Payment,1772077908.162946,32062,4,1
1,NewOrder,1772077908.163701,16661,5,1
1,NewOrder,1772077908.164113,22228,22,1
2,Payment,1772077908.165018,19457,17,1
1,NewOrder,1772077908.165448,7775,18,1
1,NewOrder,1772077908.166165,12218,19,1
2,Payment,1772077908.166788,14765,6,1
1,NewOrder,1772077908.170397,14823,20,1
2,Payment,1772077908.170898,4403,23,1
2,Payment,1772077908.170943,20604,14,1
1,NewOrder,1772077908.171175,16116,9,1
1,NewOrder,1772077908.172134,20901,8,1
2,Payment,1772077908.172671,39852,0,1
2,Payment,1772077908.172725,32622,2,1
2,Payment,1772077908.173245,7160,18,1
2,Payment,1772077908.175325,7269,23,1
1,NewOrder,1772077908.175829,26182,10,1
1,NewOrder,1772077908.176175,16953,15,1
2,Payment,1772077908.177275,39963,3,1
2,Payment,1772077908.178405,6897,19,1
1,NewOrder,1772077908.179012,34708,12,1
2,Payment,1772077908.180384,48153,5,1
2,Payment,1772077908.180429,12267,18,1
1,NewOrder,1772077908.180464,21518,7,1
4,Delivery,1772077908.181572,11921,6,1
5,StockLevel,1772077908.182022,11299,21,1
2,Payment,1772077908.182611,16883,23,1
1,NewOrder,1772077908.184502,11224,17,1
1,NewOrder,1772077908.185236,26291,20,1
1,NewOrder,1772077908.185328,36596,19,1
2,Payment,1772077908.185810,53274,1,1
2,Payment,1772077908.186353,15200,22,1
1,NewOrder,1772077908.187317,12672,9,1
4,Delivery,1772077908.187754,16236,16,1
1,NewOrder,1772077908.191560,8863,14,1
1,NewOrder,1772077908.191926,20246,13,1
1,NewOrder,1772077908.192722,36181,18,1
1,NewOrder,1772077908.193062,27650,8,1
1,NewOrder,1772077908.193097,33256,11,1
2,Payment,1772077908.193155,6868,15,1
2,Payment,1772077908.193337,12628,21,1
1,NewOrder,1772077908.193511,43917,6,1
4,Delivery,1772077908.195035,50072,4,1
2,Payment,1772077908.195740,11942,17,1
2,Payment,1772077908.199526,9677,23,1
2,Payment,1772077908.200024,8575,9,1
1,NewOrder,1772077908.200048,16706,15,1
1,NewOrder,1772077908.200439,34595,14,1
1,NewOrder,1772077908.201572,19473,22,1
5,StockLevel,1772077908.202006,6359,7,1
2,Payment,1772077908.202037,11271,10,1
2,Payment,1772077908.204013,5669,16,1
2,Payment,1772077908.205368,41492,2,1
2,Payment,1772077908.205976,7705,21,1
3,OrderStatus,1772077908.207699,7637,17,1
1,NewOrder,1772077908.208378,14705,7,1
1,NewOrder,1772077908.208617,29223,9,1
2,Payment,1772077908.209229,8450,23,1
1,NewOrder,1772077908.209698,16295,16,1
2,Payment,1772077908.211553,17393,20,1
2,Payment,1772077908.212190,5386,13,1
2,Payment,1772077908.212538,40481,0,1
1,NewOrder,1772077908.213335,12003,10,1
1,NewOrder,1772077908.213694,15600,21,1
1,NewOrder,1772077908.213748,21630,12,1
1,NewOrder,1772077908.215355,27075,17,1
1,NewOrder,1772077908.216766,31534,15,1
2,Payment,1772077908.217248,43216,3,1
2,Payment,1772077908.217593,14167,13,1
1,NewOrder,1772077908.217705,33856,23,1
5,StockLevel,1772077908.220737,17893,8,1
2,Payment,1772077908.221068,19594,22,1
2,Payment,1772077908.221950,23207,19,1
1,NewOrder,1772077908.223097,6942,7,1
2,Payment,1772077908.225356,3504,10,1
3,OrderStatus,1772077908.226020,2103,16,1
1,NewOrder,1772077908.226368,13614,11,1
5,StockLevel,1772077908.228148,5957,16,1
4,Delivery,1772077908.228563,17043,5,1
1,NewOrder,1772077908.228875,20901,10,1
2,Payment,1772077908.228918,22090,18,1
2,Payment,1772077908.228974,27400,20,1
1,NewOrder,1772077908.229314,7664,21,1
3,OrderStatus,1772077908.230065,1396,7,1
2,Payment,1772077908.231477,3922,7,1
4,Delivery,1772077908.231786,21713,13,1
2,Payment,1772077908.234129,2183,16,1
1,NewOrder,1772077908.235060,25363,14,1
2,Payment,1772077908.235402,4867,12,1
1,NewOrder,1772077908.235418,35044,7,1
1,NewOrder,1772077908.236338,8459,16,1
3,OrderStatus,1772077908.237004,2814,21,1
1,NewOrder,1772077908.237446,16001,6,1
2,Payment,1772077908.237857,4922,9,1
1,NewOrder,1772077908.238655,17614,8,1
2,Payment,1772077908.239097,29742,1,1
1,NewOrder,1772077908.239840,8170,21,1
2,Payment,1772077908.240008,9391,11,1
2,Payment,1772077908.240282,4904,12,1
2,Payment,1772077908.240675,22339,22,1
2,Payment,1772077908.242456,9210,17,1
2,Payment,1772077908.242799,12566,9,1
1,NewOrder,1772077908.244823,9489,16,1
3,OrderStatus,1772077908.245123,4745,4,1
1,NewOrder,1772077908.245184,17899,19,1
2,Payment,1772077908.245202,10741,12,1
2,Payment,1772077908.245630,37440,5,1
3,OrderStatus,1772077908.246887,6908,2,1
4,Delivery,1772077908.248026,14465,21,1
1,NewOrder,1772077908.248321,20353,15,1
2,Payment,1772077908.249417,14708,11,1
5,StockLevel,1772077908.249787,22013,10,1
5,StockLevel,1772077908.249890,12494,4,1
4,Delivery,1772077908.251020,11844,18,1
2,Payment,1772077908.251589,14326,23,1
2,Payment,1772077908.251693,8680,17,1
2,Payment,1772077908.253042,39397,0,1
3,OrderStatus,1772077908.253466,6252,6,1
1,NewOrder,1772077908.253526,26007,13,1
2,Payment,1772077908.253821,45597,2,1
1,NewOrder,1772077908.254338,34094,16,1
3,OrderStatus,1772077908.255381,7640,9,1
1,NewOrder,1772077908.255961,22939,12,1
1,NewOrder,1772077908.256296,15466,8,1
1,NewOrder,1772077908.256398,26130,20,1
1,NewOrder,1772077908.259734,19041,6,1
1,NewOrder,1772077908.260385,32371,17,1
5,StockLevel,1772077908.260447,12061,14,1
4,Delivery,1772077908.260491,34805,3,1
5,StockLevel,1772077908.262399,6456,4,1
2,Payment,1772077908.262515,5724,21,1
1,NewOrder,1772077908.262878,16268,18,1
2,Payment,1772077908.263043,12238,22,1
2,Payment,1772077908.263046,10001,9,1
1,NewOrder,1772077908.263102,15078,19,1
1,NewOrder,1772077908.264137,25167,11,1
2,Payment,1772077908.265935,18347,23,1
1,NewOrder,1772077908.268265,30390,21,1
2,Payment,1772077908.268701,8365,15,1
2,Payment,1772077908.268865,35847,1,1
1,NewOrder,1772077908.268872,12251,4,1
2,Payment,1772077908.270488,16096,7,1
1,NewOrder,1772077908.271787,23991,8,1
1,NewOrder,1772077908.271821,11314,10,1
2,Payment,1772077908.272526,11312,14,1
2,Payment,1772077908.273073,19720,9,1
4,Delivery,1772077908.275307,21110,22,1
2,Payment,1772077908.277092,13966,15,1
2,Payment,1772077908.278202,14157,19,1
1,NewOrder,1772077908.278792,30140,6,1
2,Payment,1772077908.278926,21397,12,1
2,Payment,1772077908.279161,18797,18,1
3,OrderStatus,1772077908.279544,12009,13,1
1,NewOrder,1772077908.281139,8480,4,1
1,NewOrder,1772077908.282545,13319,20,1
2,Payment,1772077908.283094,27178,5,1
3,OrderStatus,1772077908.283161,1480,10,1
3,OrderStatus,1772077908.283860,5976,14,1
3,OrderStatus,1772077908.284296,5906,23,1
1,NewOrder,1772077908.284660,13617,10,1
5,StockLevel,1772077908.286598,16006,7,1
2,Payment,1772077908.288458,16693,16,1
2,Payment,1772077908.289331,9078,11,1
1,NewOrder,1772077908.289638,41494,4,1
2,Payment,1772077908.289853,25063,14,1
2,Payment,1772077908.290228,16725,23,1
2,Payment,1772077908.291082,30544,15,1
1,NewOrder,1772077908.291565,22225,13,1
2,Payment,1772077908.292386,20101,19,1
5,StockLevel,1772077908.292464,15530,0,1
1,NewOrder,1772077908.292778,36933,17,1
1,NewOrder,1772077908.292820,26344,9,1
1,NewOrder,1772077908.295313,13002,3,1
2,Payment,1772077908.295799,7607,8,1
1,NewOrder,1772077908.295881,7240,20,1
2,Payment,1772077908.296442,27172,22,1
1,NewOrder,1772077908.297976,34929,18,1
2,Payment,1772077908.298288,7385,10,1
1,NewOrder,1772077908.298435,16888,11,1
1,NewOrder,1772077908.298675,14387,21,1
1,NewOrder,1772077908.299439,23119,2,1
3,OrderStatus,1772077908.300350,4239,12,1
2,Payment,1772077908.302629,8484,7,1
2,Payment,1772077908.303146,23334,20,1
2,Payment,1772077908.303424,17522,8,1
2,Payment,1772077908.304616,24614,12,1
2,Payment,1772077908.304738,11655,1,1
1,NewOrder,1772077908.305177,29446,16,1
4,Delivery,1772077908.305687,13904,10,1
1,NewOrder,1772077908.306969,30528,23,1
2,Payment,1772077908.308021,15485,0,1
1,NewOrder,1772077908.308341,8482,3,1
2,Payment,1772077908.308948,21803,6,1
2,Payment,1772077908.310298,20880,5,1
2,Payment,1772077908.311140,24292,7,1
1,NewOrder,1772077908.312501,22564,19,1
1,NewOrder,1772077908.313090,10783,21,1
2,Payment,1772077908.313813,21654,13,1
2,Payment,1772077908.314942,27978,14,1
1,NewOrder,1772077908.315335,24930,11,1
2,Payment,1772077908.316419,19707,1,1
1,NewOrder,1772077908.316838,5390,3,1
1,NewOrder,1772077908.319184,32612,9,1
1,NewOrder,1772077908.319616,10123,10,1
1,NewOrder,1772077908.320973,25633,8,1
4,Delivery,1772077908.321645,32797,15,1
2,Payment,1772077908.322244,17600,3,1
4,Delivery,1772077908.322569,10403,2,1
1,NewOrder,1772077908.323529,33433,0,1
2,Payment,1772077908.323640,6041,22,1
5,StockLevel,1772077908.323889,8343,21,1
1,NewOrder,1772077908.326501,17812,20,1
2,Payment,1772077908.329248,21765,12,1
2,Payment,1772077908.329707,3236,22,1
2,Payment,1772077908.329729,30552,17,1
2,Payment,1772077908.329757,2737,10,1
4,Delivery,1772077908.330766,11300,6,1
1,NewOrder,1772077908.331147,25839,4,1
2,Payment,1772077908.331195,15043,5,1
2,Payment,1772077908.332257,12677,21,1
2,Payment,1772077908.332509,6970,10,1
2,Payment,1772077908.332918,7087,18,1
1,NewOrder,1772077908.332958,20351,22,1
2,Payment,1772077908.332988,17494,2,1
1,NewOrder,1772077908.334649,16318,16,1
1,NewOrder,1772077908.335081,21096,19,1
1,NewOrder,1772077908.335450,29886,7,1
1,NewOrder,1772077908.335484,26893,13,1
2,Payment,1772077908.336141,24253,1,1
2,Payment,1772077908.337510,15365,23,1
2,Payment,1772077908.339490,5158,10,1
2,Payment,1772077908.339863,28854,3,1
2,Payment,1772077908.340016,19544,18,1
1,NewOrder,1772077908.340284,29317,11,1
1,NewOrder,1772077908.342080,16368,6,1
1,NewOrder,1772077908.342933,21104,14,1
2,Payment,1772077908.344324,20080,20,1
1,NewOrder,1772077908.344674,22662,10,1
5,StockLevel,1772077908.344955,12202,21,1
4,Delivery,1772077908.346263,34924,5,1
1,NewOrder,1772077908.346625,14439,8,1
2,Payment,1772077908.350498,29818,2,1
5,StockLevel,1772077908.350989,12428,16,1
2,Payment,1772077908.351033,17109,12,1
2,Payment,1772077908.351816,5210,9,1
1,NewOrder,1772077908.352909,18248,23,1
4,Delivery,1772077908.353323,27258,22,1
1,NewOrder,1772077908.354460,21140,15,1
1,NewOrder,1772077908.356191,24622,19,1
1,NewOrder,1772077908.356978,39343,0,1
2,Payment,1772077908.357002,30549,4,1
1,NewOrder,1772077908.357052,13577,9,1
2,Payment,1772077908.357169,11921,21,1
1,NewOrder,1772077908.358472,21797,6,1
2,Payment,1772077908.359584,20342,18,1
2,Payment,1772077908.360294,20167,17,1
3,OrderStatus,1772077908.360420,9884,1,1
1,NewOrder,1772077908.361078,20457,8,1
4,Delivery,1772077908.362392,13817,13,1
1,NewOrder,1772077908.363432,33619,16,1
2,Payment,1772077908.364050,24336,14,1
1,NewOrder,1772077908.364422,15988,20,1
2,Payment,1772077908.365350,5841,7,1
4,Delivery,1772077908.367355,14862,10,1
1,NewOrder,1772077908.368154,24612,12,1
1,NewOrder,1772077908.368736,49702,3,1
1,NewOrder,1772077908.369106,27635,21,1
2,Payment,1772077908.369615,18889,11,1
1,NewOrder,1772077908.370331,38098,1,1
4,Delivery,1772077908.370641,12005,9,1
1,NewOrder,1772077908.371182,31839,23,1
3,OrderStatus,1772077908.371208,8593,7,1
1,NewOrder,1772077908.375617,21095,15,1
2,Payment,1772077908.376226,20548,13,1
2,Payment,1772077908.379817,16030,7,1
2,Payment,1772077908.379952,14371,18,1
1,NewOrder,1772077908.380289,21573,6,1
2,Payment,1772077908.380332,15855,2,1
1,NewOrder,1772077908.380429,28023,20,1
2,Payment,1772077908.380476,25187,17,1
2,Payment,1772077908.380593,9639,22,1
2,Payment,1772077908.380827,11586,19,1
2,Payment,1772077908.381205,19003,5,1
1,NewOrder,1772077908.381548,9411,8,1
1,NewOrder,1772077908.382237,3497,10,1
1,NewOrder,1772077908.382660,8765,9,1
3,OrderStatus,1772077908.385755,866,10,1
2,Payment,1772077908.386639,12286,10,1
1,NewOrder,1772077908.387563,26623,4,1
2,Payment,1772077908.388402,22976,14,1
1,NewOrder,1772077908.388519,32072,11,1
1,NewOrder,1772077908.390245,34239,22,1
2,Payment,1772077908.390976,12323,8,1
1,NewOrder,1772077908.391443,5574,9,1
4,Delivery,1772077908.392437,6870,19,1
2,Payment,1772077908.392792,27074,12,1
2,Payment,1772077908.394349,2722,18,1
2,Payment,1772077908.395874,14134,7,1
5,StockLevel,1772077908.396206,18860,2,1
2,Payment,1772077908.396348,11119,0,1
2,Payment,1772077908.396728,36803,15,1
1,NewOrder,1772077908.396758,27413,21,1
2,Payment,1772077908.396789,27738,13,1
1,NewOrder,1772077908.397037,11433,9,1
1,NewOrder,1772077908.397064,56097,16,1
1,NewOrder,1772077908.397088,12454,18,1
1,NewOrder,1772077908.398940,18025,10,1
5,StockLevel,1772077908.399326,11842,19,1
1,NewOrder,1772077908.400220,14949,5,1
4,Delivery,1772077908.401887,11786,6,1
2,Payment,1772077908.403045,7220,23,1
1,NewOrder,1772077908.403314,20340,8,1
1,NewOrder,1772077908.405680,22832,17,1
1,NewOrder,1772077908.407494,48119,0,1
5,StockLevel,1772077908.408454,20491,1,1
2,Payment,1772077908.408479,9640,20,1
1,NewOrder,1772077908.408483,12649,9,1
1,NewOrder,1772077908.409561,32732,18,1
1,NewOrder,1772077908.410034,39888,7,1
3,OrderStatus,1772077908.410282,8741,23,1
2,Payment,1772077908.411194,11628,19,1
1,NewOrder,1772077908.411391,22017,14,1
1,NewOrder,1772077908.413691,19254,6,1
3,OrderStatus,1772077908.414212,4065,4,1
5,StockLevel,1772077908.415091,10688,2,1
2,Payment,1772077908.415195,5980,5,1
2,Payment,1772077908.416989,5579,10,1
2,Payment,1772077908.418143,14457,20,1
2,Payment,1772077908.418303,22444,4,1
2,Payment,1772077908.418454,11759,3,1
1,NewOrder,1772077908.419049,37819,23,1
2,Payment,1772077908.419885,21507,12,1
1,NewOrder,1772077908.420606,13267,11,1
2,Payment,1772077908.421143,6620,9,1
2,Payment,1772077908.421194,27617,5,1
1,NewOrder,1772077908.422593,17050,10,1
2,Payment,1772077908.422843,16333,19,1
1,NewOrder,1772077908.423671,21893,8,1
2,Payment,1772077908.424196,18494,21,1
2,Payment,1772077908.424498,21294,22,1
1,NewOrder,1772077908.424542,29478,13,1
1,NewOrder,1772077908.425797,8632,2,1
1,NewOrder,1772077908.427776,31449,9,1
1,NewOrder,1772077908.428538,6792,17,1
5,StockLevel,1772077908.428971,27102,1,1
2,Payment,1772077908.430230,37800,3,1
1,NewOrder,1772077908.432626,39372,20,1
1,NewOrder,1772077908.432970,53856,6,1
2,Payment,1772077908.433427,16083,14,1
1,NewOrder,1772077908.433542,30172,15,1
1,NewOrder,1772077908.433883,9277,11,1
1,NewOrder,1772077908.434446,9244,2,1
2,Payment,1772077908.435347,17316,17,1
2,Payment,1772077908.439201,10210,19,1
1,NewOrder,1772077908.439669,20935,10,1
2,Payment,1772077908.440760,14482,4,1
1,NewOrder,1772077908.441419,18707,12,1
3,OrderStatus,1772077908.442321,9537,18,1
1,NewOrder,1772077908.442716,8434,21,1
2,Payment,1772077908.443174,2633,11,1
2,Payment,1772077908.443719,17886,2,1
5,StockLevel,1772077908.445590,15354,8,1
1,NewOrder,1772077908.445809,13736,22,1
2,Payment,1772077908.445823,2064,11,1
1,NewOrder,1772077908.447900,23019,11,1
1,NewOrder,1772077908.448822,14177,5,1
1,NewOrder,1772077908.449437,32926,19,1
1,NewOrder,1772077908.449537,29919,14,1
2,Payment,1772077908.449936,8769,7,1
2,Payment,1772077908.451163,6612,21,1
2,Payment,1772077908.451884,18620,18,1
1,NewOrder,1772077908.452680,35170,17,1
2,Payment,1772077908.453186,5563,16,1
2,Payment,1772077908.454032,17001,13,1
2,Payment,1772077908.455268,18999,4,1
3,OrderStatus,1772077908.455640,3623,0,1
2,Payment,1772077908.456091,24790,1,1
1,NewOrder,1772077908.456914,11526,23,1
2,Payment,1772077908.457800,17671,21,1
1,NewOrder,1772077908.458732,30221,7,1
1,NewOrder,1772077908.458775,17542,16,1
2,Payment,1772077908.459245,3248,9,1
2,Payment,1772077908.459278,29849,0,1
2,Payment,1772077908.459573,20894,22,1
2,Payment,1772077908.460143,14078,12,1
1,NewOrder,1772077908.460622,63765,10,1
3,OrderStatus,1772077908.460956,2799,8,1
1,NewOrder,1772077908.461619,26203,2,1
1,NewOrder,1772077908.462518,8469,9,1
2,Payment,1772077908.463016,35207,5,1
2,Payment,1772077908.463741,13975,15,1
1,NewOrder,1772077908.463776,7148,8,1
1,NewOrder,1772077908.468049,24400,3,1
2,Payment,1772077908.468456,19439,23,1
1,NewOrder,1772077908.470520,52550,18,1
2,Payment,1772077908.470938,9893,11,1
1,NewOrder,1772077908.470950,18750,8,1
2,Payment,1772077908.471003,2774,9,1
4,Delivery,1772077908.471059,21004,13,1
1,NewOrder,1772077908.472025,23169,20,1
1,NewOrder,1772077908.473792,23455,9,1
2,Payment,1772077908.474232,7069,12,1
3,OrderStatus,1772077908.474293,4859,4,1
2,Payment,1772077908.475494,21037,21,1
1,NewOrder,1772077908.476337,18815,16,1
1,NewOrder,1772077908.477735,26398,15,1
1,NewOrder,1772077908.479178,35731,4,1
1,NewOrder,1772077908.479470,16626,14,1
1,NewOrder,1772077908.480494,13963,22,1
4,Delivery,1772077908.480849,70691,11,1
2,Payment,1772077908.480922,27900,1,1
2,Payment,1772077908.481314,4227,12,1
2,Payment,1772077908.482389,20258,19,1
2,Payment,1772077908.485556,5671,12,1
2,Payment,1772077908.486853,5903,6,1
1,NewOrder,1772077908.487839,44196,2,1
3,OrderStatus,1772077908.487865,8701,17,1
1,NewOrder,1772077908.487922,30907,23,1
2,Payment,1772077908.488980,19317,7,1
1,NewOrder,1772077908.489142,34644,0,1
2,Payment,1772077908.489726,8963,8,1
1,NewOrder,1772077908.491246,20551,12,1
1,NewOrder,1772077908.492075,45200,13,1
2,Payment,1772077908.492475,24352,3,1
2,Payment,1772077908.492771,24749,6,1
1,NewOrder,1772077908.494484,10348,22,1
1,NewOrder,1772077908.495176,6948,16,1
1,NewOrder,1772077908.495213,10492,20,1
1,NewOrder,1772077908.496121,7402,14,1
2,Payment,1772077908.496546,8688,21,1
2,Payment,1772077908.496580,10732,17,1
2,Payment,1772077908.497263,27790,9,1
1,NewOrder,1772077908.498236,31838,5,1
1,NewOrder,1772077908.498703,24032,8,1
2,Payment,1772077908.502149,15255,16,1
2,Payment,1772077908.502660,6125,19,1
2,Payment,1772077908.503548,21548,14,1
1,NewOrder,1772077908.504153,38858,15,1
1,NewOrder,1772077908.504849,8206,22,1
5,StockLevel,1772077908.505249,4470,21,1
1,NewOrder,1772077908.505717,7055,20,1
1,NewOrder,1772077908.507327,12439,17,1
1,NewOrder,1772077908.508316,39564,7,1
1,NewOrder,1772077908.508800,24478,19,1
1,NewOrder,1772077908.508846,33614,1,1
1,NewOrder,1772077908.509735,15584,21,1
2,Payment,1772077908.511812,20714,12,1
4,Delivery,1772077908.512793,9540,20,1
2,Payment,1772077908.513070,2272,22,1
2,Payment,1772077908.514930,10069,4,1
5,StockLevel,1772077908.515359,5510,22,1
2,Payment,1772077908.516845,16150,3,1
1,NewOrder,1772077908.517428,32337,16,1
4,Delivery,1772077908.517534,34694,6,1
1,NewOrder,1772077908.518848,12729,23,1
1,NewOrder,1772077908.519780,11414,17,1
1,NewOrder,1772077908.520882,15700,22,1
2,Payment,1772077908.522346,3929,20,1
5,StockLevel,1772077908.522754,21654,8,1
1,NewOrder,1772077908.523084,40806,18,1
4,Delivery,1772077908.523806,15791,0,1
1,NewOrder,1772077908.524407,27431,10,1
2,Payment,1772077908.525027,16571,4,1
1,NewOrder,1772077908.525080,27524,9,1
1,NewOrder,1772077908.525111,26450,14,1
3,OrderStatus,1772077908.525335,2719,21,1
1,NewOrder,1772077908.526299,21039,20,1
2,Payment,1772077908.528069,5252,21,1
2,Payment,1772077908.530101,21868,5,1
2,Payment,1772077908.531210,5701,17,1
2,Payment,1772077908.531601,5466,23,1
1,NewOrder,1772077908.532052,24538,2,1
2,Payment,1772077908.532541,12263,12,1
2,Payment,1772077908.533019,21699,3,1
1,NewOrder,1772077908.533291,42518,19,1
1,NewOrder,1772077908.533336,15784,21,1
2,Payment,1772077908.536598,5794,22,1
2,Payment,1772077908.536929,14040,17,1
1,NewOrder,1772077908.537085,26177,23,1
1,NewOrder,1772077908.537293,32789,13,1
3,OrderStatus,1772077908.539623,5129,0,1
2,Payment,1772077908.541610,16306,4,1
3,OrderStatus,1772077908.542410,4768,22,1
4,Delivery,1772077908.542487,10201,1,1
2,Payment,1772077908.543037,9346,15,1
2,Payment,1772077908.544433,11139,8,1
2,Payment,1772077908.544777,17542,0,1
1,NewOrder,1772077908.544821,32019,12,1
2,Payment,1772077908.547204,9956,22,1
2,Payment,1772077908.547364,5808,20,1
2,Payment,1772077908.547907,16027,7,1
1,NewOrder,1772077908.549147,20406,21,1
2,Payment,1772077908.549788,7286,16,1
1,NewOrder,1772077908.550992,17412,17,1
2,Payment,1772077908.551566,18889,11,1
1,NewOrder,1772077908.551585,31159,14,1
2,Payment,1772077908.551862,24110,10,1
2,Payment,1772077908.552001,14285,5,1
1,NewOrder,1772077908.552242,32719,6,1
2,Payment,1772077908.552408,9318,15,1
2,Payment,1772077908.552622,31878,9,1
5,StockLevel,1772077908.552703,4804,1,1
1,NewOrder,1772077908.553187,24401,20,1
1,NewOrder,1772077908.554745,16262,3,1
1,NewOrder,1772077908.555589,20773,8,1
2,Payment,1772077908.556616,14928,2,1
2,Payment,1772077908.557100,10109,16,1
2,Payment,1772077908.557175,4130,22,1
1,NewOrder,1772077908.557524,14779,1,1
2,Payment,1772077908.557927,16892,4,1
1,NewOrder,1772077908.561322,24284,22,1
1,NewOrder,1772077908.561750,23236,15,1
2,Payment,1772077908.562336,17876,0,1
2,Payment,1772077908.563290,6867,23,1
1,NewOrder,1772077908.563913,21664,18,1
2,Payment,1772077908.563956,30332,7,1
3,OrderStatus,1772077908.566313,4666,5,1
3,OrderStatus,1772077908.567235,3796,16,1
2,Payment,1772077908.568423,6883,17,1
2,Payment,1772077908.569570,6854,21,1
2,Payment,1772077908.570107,14918,13,1
1,NewOrder,1772077908.570176,18256,23,1
2,Payment,1772077908.570470,29953,11,1
4,Delivery,1772077908.570990,44405,5,1
1,NewOrder,1772077908.571034,28191,3,1
2,Payment,1772077908.571058,19605,16,1
5,StockLevel,1772077908.571570,16460,2,1
2,Payment,1772077908.572330,13306,1,1
1,NewOrder,1772077908.574845,25289,4,1
2,Payment,1772077908.575327,27675,17,1
2,Payment,1772077908.575827,4897,19,1
1,NewOrder,1772077908.575983,35570,10,1
2,Payment,1772077908.576379,32847,8,1
1,NewOrder,1772077908.576442,19481,21,1
1,NewOrder,1772077908.576854,17491,12,1
1,NewOrder,1772077908.577603,17131,20,1
2,Payment,1772077908.580227,11289,0,1
1,NewOrder,1772077908.580743,10289,19,1
2,Payment,1772077908.582771,27869,14,1
3,OrderStatus,1772077908.584515,8412,9,1
1,NewOrder,1772077908.584976,29464,6,1
1,NewOrder,1772077908.584999,18440,15,1
1,NewOrder,1772077908.585041,39227,13,1
1,NewOrder,1772077908.585594,11765,18,1
2,Payment,1772077908.585619,6587,22,1
1,NewOrder,1772077908.585649,17268,1,1
1,NewOrder,1772077908.588044,24262,2,1
1,NewOrder,1772077908.588459,14633,23,1
2,Payment,1772077908.590678,28864,16,1
2,Payment,1772077908.591057,7444,19,1
1,NewOrder,1772077908.591532,32779,0,1
2,Payment,1772077908.592231,10278,22,1
4,Delivery,1772077908.592949,45074,9,1
2,Payment,1772077908.594304,23078,7,1
1,NewOrder,1772077908.594360,13973,12,1
1,NewOrder,1772077908.594748,15451,20,1
2,Payment,1772077908.595947,10549,21,1
2,Payment,1772077908.597374,13855,18,1
1,NewOrder,1772077908.598516,43371,19,1
2,Payment,1772077908.599253,5022,3,1
2,Payment,1772077908.600160,8584,4,1
1,NewOrder,1772077908.600450,23366,11,1
1,NewOrder,1772077908.602524,43199,22,1
1,NewOrder,1772077908.602928,27827,1,1
1,NewOrder,1772077908.603029,28750,17,1
1,NewOrder,1772077908.603119,19619,23,1
2,Payment,1772077908.603454,27344,15,1
1,NewOrder,1772077908.604301,18784,3,1
5,StockLevel,1772077908.606517,11717,21,1
2,Payment,1772077908.608359,30760,12,1
1,NewOrder,1772077908.608770,44853,4,1
1,NewOrder,1772077908.609253,39116,8,1
1,NewOrder,1772077908.610219,37767,20,1
1,NewOrder,1772077908.610657,43980,14,1
1,NewOrder,1772077908.611255,26826,18,1
1,NewOrder,1772077908.611566,39017,10,1
2,Payment,1772077908.612320,3436,2,1
1,NewOrder,1772077908.614472,15518,6,1
1,NewOrder,1772077908.615416,7697,5,1
1,NewOrder,1772077908.615771,10256,2,1
2,Payment,1772077908.617403,10364,7,1
1,NewOrder,1772077908.618253,32301,21,1
2,Payment,1772077908.619553,23895,16,1
2,Payment,1772077908.622764,7964,23,1
1,NewOrder,1772077908.623103,34664,3,1
1,NewOrder,1772077908.623141,35041,5,1
1,NewOrder,1772077908.623832,10998,11,1
1,NewOrder,1772077908.624280,7154,13,1
2,Payment,1772077908.624338,3924,0,1
4,Delivery,1772077908.626044,6869,2,1
2,Payment,1772077908.627782,10596,7,1
2,Payment,1772077908.628281,12165,0,1
2,Payment,1772077908.630004,10987,6,1
1,NewOrder,1772077908.630743,24941,23,1
1,NewOrder,1772077908.630774,26586,1,1
4,Delivery,1772077908.630811,29783,15,1
2,Payment,1772077908.631450,15760,13,1
1,NewOrder,1772077908.631793,6958,17,1
1,NewOrder,1772077908.632938,4575,2,1
2,Payment,1772077908.634855,8626,11,1
2,Payment,1772077908.637529,5981,2,1
1,NewOrder,1772077908.638048,36821,9,1
2,Payment,1772077908.638098,4996,18,1
1,NewOrder,1772077908.638391,35190,7,1
2,Payment,1772077908.638768,13157,17,1
1,NewOrder,1772077908.639144,35627,12,1
2,Payment,1772077908.640462,9605,0,1
2,Payment,1772077908.641002,5817,6,1
2,Payment,1772077908.641902,10558,19,1
2,Payment,1772077908.643110,17133,18,1
1,NewOrder,1772077908.643475,36908,16,1
1,NewOrder,1772077908.643508,15453,11,1
2,Payment,1772077908.643527,11629,2,1
2,Payment,1772077908.645747,25562,22,1
2,Payment,1772077908.646834,5674,6,1
1,NewOrder,1772077908.647224,9193,13,1
2,Payment,1772077908.648012,14234,20,1
1,NewOrder,1772077908.648383,9322,8,1
1,NewOrder,1772077908.650089,29842,0,1
2,Payment,1772077908.650565,14651,21,1
1,NewOrder,1772077908.650597,36571,10,1
2,Payment,1772077908.651941,6271,17,1
2,Payment,1772077908.652473,15866,19,1
2,Payment,1772077908.652524,5935,6,1
2,Payment,1772077908.653637,11098,4,1
2,Payment,1772077908.654654,5987,14,1
2,Payment,1772077908.655170,15712,2,1
2,Payment,1772077908.655698,18662,23,1
2,Payment,1772077908.656436,9651,13,1
2,Payment,1772077908.657373,19383,1,1
1,NewOrder,1772077908.657721,7433,8,1
3,OrderStatus,1772077908.657790,3014,3,1
2,Payment,1772077908.658210,23008,5,1
2,Payment,1772077908.658225,16614,17,1
1,NewOrder,1772077908.658475,28713,6,1
1,NewOrder,1772077908.658978,24929,11,1
1,NewOrder,1772077908.660260,20152,18,1
1,NewOrder,1772077908.660609,21164,15,1
2,Payment,1772077908.660656,19309,14,1
4,Delivery,1772077908.660820,16505,3,1
2,Payment,1772077908.662260,20569,20,1
1,NewOrder,1772077908.664754,35994,4,1
2,Payment,1772077908.665173,2132,8,1
1,NewOrder,1772077908.665232,10319,21,1
2,Payment,1772077908.666113,20583,13,1
1,NewOrder,1772077908.667319,27954,8,1
2,Payment,1772077908.668358,20209,19,1
4,Delivery,1772077908.670900,6911,2,1
2,Payment,1772077908.671321,25602,22,1
2,Payment,1772077908.673599,5887,7,1
4,Delivery,1772077908.674379,57470,23,1
2,Payment,1772077908.674784,20402,12,1
5,StockLevel,1772077908.674859,23746,17,1
1,NewOrder,1772077908.674883,32293,9,1
1,NewOrder,1772077908.675564,19215,21,1
1,NewOrder,1772077908.676774,15822,1,1
2,Payment,1772077908.677340,10371,3,1
2,Payment,1772077908.677833,17200,2,1
1,NewOrder,1772077908.679504,7796,7,1
2,Payment,1772077908.679951,19471,0,1
2,Payment,1772077908.679990,21546,14,1
4,Delivery,1772077908.680399,46413,16,1
5,StockLevel,1772077908.680426,9960,18,1
2,Payment,1772077908.681232,23341,5,1
1,NewOrder,1772077908.681791,11375,15,1
1,NewOrder,1772077908.682855,39284,20,1
1,NewOrder,1772077908.683924,9215,11,1
2,Payment,1772077908.686712,21451,13,1
2,Payment,1772077908.687184,11134,10,1
1,NewOrder,1772077908.687205,32527,6,1
2,Payment,1772077908.687319,3009,7,1
2,Payment,1772077908.687739,25827,3,1
1,NewOrder,1772077908.688583,31121,19,1
1,NewOrder,1772077908.690345,9540,7,1
2,Payment,1772077908.690403,9451,18,1
2,Payment,1772077908.692614,26630,1,1
2,Payment,1772077908.693156,8686,11,1
2,Payment,1772077908.693185,21333,15,1
2,Payment,1772077908.694805,11609,21,1
1,NewOrder,1772077908.695052,47600,2,1
1,NewOrder,1772077908.695205,33805,12,1
1,NewOrder,1772077908.695291,13975,8,1
1,NewOrder,1772077908.696937,31383,22,1
1,NewOrder,1772077908.698333,21868,10,1
1,NewOrder,1772077908.698619,28638,17,1
1,NewOrder,1772077908.699448,34442,0,1
2,Payment,1772077908.699871,12786,18,1
1,NewOrder,1772077908.699898,10369,7,1
1,NewOrder,1772077908.700764,31925,4,1
5,StockLevel,1772077908.701551,17789,14,1
2,Payment,1772077908.701859,3437,11,1
5,StockLevel,1772077908.704600,25918,5,1
1,NewOrder,1772077908.705313,18006,11,1
1,NewOrder,1772077908.706440,56303,21,1
1,NewOrder,1772077908.707192,56508,9,1
1,NewOrder,1772077908.708180,34445,13,1
2,Payment,1772077908.709285,7103,8,1
1,NewOrder,1772077908.710282,16171,7,1
1,NewOrder,1772077908.712675,35618,18,1
3,OrderStatus,1772077908.713595,11179,3,1
1,NewOrder,1772077908.714535,28165,15,1
4,Delivery,1772077908.716405,30021,8,1
1,NewOrder,1772077908.719261,22922,1,1
2,Payment,1772077908.719358,6149,14,1
1,NewOrder,1772077908.719722,36319,19,1
1,NewOrder,1772077908.719745,43539,6,1
5,StockLevel,1772077908.720212,15009,10,1
1,NewOrder,1772077908.722153,12799,20,1
3,OrderStatus,1772077908.723335,4107,11,1
5,StockLevel,1772077908.724795,29815,3,1
2,Payment,1772077908.725529,5916,14,1
1,NewOrder,1772077908.726471,20884,7,1
4,Delivery,1772077908.726826,64893,16,1
1,NewOrder,1772077908.727273,13854,17,1
2,Payment,1772077908.727457,7087,11,1
1,NewOrder,1772077908.728336,11136,22,1
4,Delivery,1772077908.729028,63233,12,1
1,NewOrder,1772077908.730545,38088,5,1
1,NewOrder,1772077908.731463,15474,14,1
1,NewOrder,1772077908.731865,15521,23,1
2,Payment,1772077908.732717,3723,4,1
2,Payment,1772077908.733908,7928,0,1
1,NewOrder,1772077908.734559,27098,11,1
2,Payment,1772077908.734960,11131,20,1
2,Payment,1772077908.735237,3770,10,1
2,Payment,1772077908.736459,9935,4,1
1,NewOrder,1772077908.739025,17043,10,1
4,Delivery,1772077908.739498,32620,22,1
2,Payment,1772077908.741140,5307,17,1
2,Payment,1772077908.741854,12861,0,1
1,NewOrder,1772077908.742202,31056,1,1
2,Payment,1772077908.742641,12437,13,1
2,Payment,1772077908.742666,18509,2,1
3,OrderStatus,1772077908.742720,5252,15,1
1,NewOrder,1772077908.746120,22111,20,1
1,NewOrder,1772077908.746412,22942,4,1
2,Payment,1772077908.746442,6038,8,1
2,Payment,1772077908.746482,16299,17,1
5,StockLevel,1772077908.746954,12826,14,1
2,Payment,1772077908.747368,13307,7,1
2,Payment,1772077908.747401,3525,23,1
1,NewOrder,1772077908.747987,29690,15,1
1,NewOrder,1772077908.748307,15340,18,1
2,Payment,1772077908.750946,4095,23,1
2,Payment,1772077908.752500,16163,8,1
2,Payment,1772077908.754641,17866,3,1
5,StockLevel,1772077908.754736,12201,0,1
5,StockLevel,1772077908.755058,15416,23,1
2,Payment,1772077908.755096,17783,13,1
2,Payment,1772077908.756062,6038,19,1
1,NewOrder,1772077908.756090,24456,10,1
2,Payment,1772077908.759798,21189,14,1
5,StockLevel,1772077908.760688,17212,7,1
1,NewOrder,1772077908.761194,16829,2,1
1,NewOrder,1772077908.761676,22873,11,1
3,OrderStatus,1772077908.762113,10648,19,1
1,NewOrder,1772077908.762758,15825,21,1
1,NewOrder,1772077908.762800,30408,17,1
1,NewOrder,1772077908.763305,13986,6,1
1,NewOrder,1772077908.763666,9344,18,1
2,Payment,1772077908.763729,7867,9,1
2,Payment,1772077908.766955,10167,0,1
1,NewOrder,1772077908.768246,11718,20,1
2,Payment,1772077908.768651,24495,5,1
1,NewOrder,1772077908.768672,10955,8,1
2,Payment,1772077908.769374,15710,4,1
2,Payment,1772077908.770495,6531,23,1
2,Payment,1772077908.771621,4958,9,1
4,Delivery,1772077908.772135,40721,22,1
1,NewOrder,1772077908.772534,33526,3,1
2,Payment,1772077908.772777,12260,19,1
1,NewOrder,1772077908.772911,24256,13,1
1,NewOrder,1772077908.773036,17013,18,1
2,Payment,1772077908.773274,26063,1,1
2,Payment,1772077908.776599,5720,9,1
2,Payment,1772077908.777040,16141,23,1
2,Payment,1772077908.777140,30569,0,1
1,NewOrder,1772077908.777304,13070,6,1
2,Payment,1772077908.777696,10388,15,1
1,NewOrder,1772077908.777912,7664,7,1
1,NewOrder,1772077908.778038,19827,2,1
1,NewOrder,1772077908.778608,14498,21,1
2,Payment,1772077908.779645,8777,8,1
2,Payment,1772077908.779974,18343,20,1
5,StockLevel,1772077908.780561,6782,10,1
1,NewOrder,1772077908.781005,24743,14,1
2,Payment,1772077908.782337,12622,9,1
1,NewOrder,1772077908.784572,24663,11,1
1,NewOrder,1772077908.785056,34777,19,1
5,StockLevel,1772077908.785107,13257,4,1
1,NewOrder,1772077908.785592,24033,7,1
1,NewOrder,1772077908.787356,22633,10,1
1,NewOrder,1772077908.788102,22076,15,1
2,Payment,1772077908.788432,11305,8,1
2,Payment,1772077908.790066,12845,18,1
1,NewOrder,1772077908.790387,17282,6,1
2,Payment,1772077908.791736,6497,16,1
1,NewOrder,1772077908.792280,25492,12,1
2,Payment,1772077908.793122,21232,21,1
2,Payment,1772077908.793161,22312,5,1
2,Payment,1772077908.793196,17020,23,1
2,Payment,1772077908.793222,13584,17,1
3,OrderStatus,1772077908.794980,3784,9,1
2,Payment,1772077908.797185,17215,13,1
1,NewOrder,1772077908.797886,30139,2,1
4,Delivery,1772077908.798247,47861,16,1
1,NewOrder,1772077908.798329,27182,20,1
1,NewOrder,1772077908.798378,15583,4,1
1,NewOrder,1772077908.798779,10903,9,1
2,Payment,1772077908.799352,29339,1,1
2,Payment,1772077908.799757,7567,8,1
2,Payment,1772077908.802927,18248,18,1
2,Payment,1772077908.805776,15519,14,1
2,Payment,1772077908.806084,31477,3,1
1,NewOrder,1772077908.806824,18169,17,1
4,Delivery,1772077908.807341,24459,8,1
2,Payment,1772077908.807682,5542,6,1
4,Delivery,1772077908.807722,14084,0,1
1,NewOrder,1772077908.809258,12579,11,1
1,NewOrder,1772077908.809639,11735,7,1
1,NewOrder,1772077908.809709,18891,9,1
2,Payment,1772077908.810003,7304,10,1
2,Payment,1772077908.810191,16244,15,1
3,OrderStatus,1772077908.810229,5435,23,1
2,Payment,1772077908.812882,13134,22,1
2,Payment,1772077908.813243,11519,6,1
2,Payment,1772077908.813977,6828,4,1
2,Payment,1772077908.814368,20444,21,1
1,NewOrder,1772077908.814419,20874,13,1
2,Payment,1772077908.815500,26037,5,1
2,Payment,1772077908.815677,21769,23,1
2,Payment,1772077908.817324,11305,10,1
1,NewOrder,1772077908.817785,15938,12,1
2,Payment,1772077908.819851,22157,19,1
1,NewOrder,1772077908.820832,10196,4,1
1,NewOrder,1772077908.821189,14072,18,1
2,Payment,1772077908.821313,14746,14,1
1,NewOrder,1772077908.821395,13797,7,1
4,Delivery,1772077908.821819,10010,0,1
1,NewOrder,1772077908.821861,26903,11,1
2,Payment,1772077908.824788,12311,6,1
1,NewOrder,1772077908.825012,30428,17,1
3,OrderStatus,1772077908.825529,5095,20,1
1,NewOrder,1772077908.826043,24125,22,1
2,Payment,1772077908.826448,16609,15,1
1,NewOrder,1772077908.828040,29370,2,1
1,NewOrder,1772077908.828615,22145,9,1
1,NewOrder,1772077908.828653,27827,10,1
2,Payment,1772077908.828711,18056,1,1
1,NewOrder,1772077908.830650,27714,20,1
2,Payment,1772077908.831054,19678,4,1
2,Payment,1772077908.831825,10664,8,1
2,Payment,1772077908.831845,29639,0,1
2,Payment,1772077908.833749,15480,12,1
1,NewOrder,1772077908.834837,10205,21,1
1,NewOrder,1772077908.835220,9404,7,1
2,Payment,1772077908.835284,9735,18,1
2,Payment,1772077908.835313,18480,13,1
3,OrderStatus,1772077908.836071,6256,14,1
1,NewOrder,1772077908.837126,21653,6,1
1,NewOrder,1772077908.837465,26533,23,1
1,NewOrder,1772077908.837579,27656,3,1
1,NewOrder,1772077908.841563,23027,5,1
1,NewOrder,1772077908.842035,48236,19,1
2,Payment,1772077908.842344,14657,14,1
1,NewOrder,1772077908.842505,29105,8,1
2,Payment,1772077908.843068,16112,15,1
1,NewOrder,1772077908.844652,12743,7,1
1,NewOrder,1772077908.845045,10086,18,1
2,Payment,1772077908.845054,6748,21,1
2,Payment,1772077908.846123,15793,16,1
5,StockLevel,1772077908.846786,22807,1,1
2,Payment,1772077908.848791,5609,11,1
2,Payment,1772077908.849244,20768,12,1
2,Payment,1772077908.850185,11818,22,1
1,NewOrder,1772077908.850759,18876,4,1
1,NewOrder,1772077908.850785,29848,9,1
1,NewOrder,1772077908.851816,56327,21,1
1,NewOrder,1772077908.853819,30177,13,1
3,OrderStatus,1772077908.854413,6775,11,1
3,OrderStatus,1772077908.855158,8798,18,1
1,NewOrder,1772077908.855466,28182,17,1
1,NewOrder,1772077908.856499,51642,10,1
1,NewOrder,1772077908.857017,8555,14,1
2,Payment,1772077908.857423,7885,7,1
1,NewOrder,1772077908.857425,54348,2,1
4,Delivery,1772077908.858390,9581,20,1
1,NewOrder,1772077908.858790,9468,6,1
1,NewOrder,1772077908.859206,7203,15,1
2,Payment,1772077908.861214,14873,11,1
1,NewOrder,1772077908.861503,26453,0,1
2,Payment,1772077908.861942,11418,16,1
2,Payment,1772077908.862029,10446,22,1
2,Payment,1772077908.863981,13850,18,1
1,NewOrder,1772077908.864014,43522,23,1
1,NewOrder,1772077908.864605,11437,5,1
1,NewOrder,1772077908.865250,29603,3,1
2,Payment,1772077908.865335,20552,7,1
2,Payment,1772077908.865588,14402,14,1
2,Payment,1772077908.866421,18282,15,1
1,NewOrder,1772077908.867989,16638,20,1
2,Payment,1772077908.868273,24080,6,1
2,Payment,1772077908.869619,7847,1,1
1,NewOrder,1772077908.869661,22276,4,1
1,NewOrder,1772077908.870029,22354,12,1
1,NewOrder,1772077908.871636,32008,8,1
3,OrderStatus,1772077908.872491,5632,22,1
1,NewOrder,1772077908.873372,34809,16,1
1,NewOrder,1772077908.876057,26449,5,1
1,NewOrder,1772077908.876113,37580,11,1
4,Delivery,1772077908.877486,10210,1,1
1,NewOrder,1772077908.877857,35202,18,1
1,NewOrder,1772077908.878149,12815,22,1
2,Payment,1772077908.880016,10517,14,1
2,Payment,1772077908.880659,16856,9,1
1,NewOrder,1772077908.883673,12866,17,1
1,NewOrder,1772077908.884013,12892,13,1
2,Payment,1772077908.884642,9225,20,1
1,NewOrder,1772077908.884728,27719,15,1
1,NewOrder,1772077908.885903,34637,7,1
2,Payment,1772077908.887722,3789,1,1
1,NewOrder,1772077908.887976,20863,0,1
2,Payment,1772077908.890298,13778,19,1
1,NewOrder,1772077908.890550,17047,14,1
1,NewOrder,1772077908.890985,27424,22,1
2,Payment,1772077908.891537,3762,1,1
2,Payment,1772077908.891963,15294,4,1
2,Payment,1772077908.892367,8171,6,1
1,NewOrder,1772077908.892400,11958,12,1
2,Payment,1772077908.893881,16378,20,1
1,NewOrder,1772077908.894877,46681,3,1
4,Delivery,1772077908.895318,23449,1,1
1,NewOrder,1772077908.896565,8676,17,1
4,Delivery,1772077908.896919,7084,13,1
2,Payment,1772077908.897541,6817,9,1
1,NewOrder,1772077908.900556,24012,6,1
2,Payment,1772077908.902523,12524,5,1
2,Payment,1772077908.903660,10453,8,1
1,NewOrder,1772077908.904013,26544,13,1
3,OrderStatus,1772077908.904093,7423,19,1
2,Payment,1772077908.904368,15140,9,1
1,NewOrder,1772077908.904373,19639,12,1
2,Payment,1772077908.905267,2354,17,1
2,Payment,1772077908.907312,13704,4,1
2,Payment,1772077908.907562,9765,23,1
2,Payment,1772077908.907622,7027,14,1
1,NewOrder,1772077908.907636,14807,17,1
2,Payment,1772077908.908158,16513,21,1
1,NewOrder,1772077908.908169,28020,10,1
1,NewOrder,1772077908.908206,34243,16,1
2,Payment,1772077908.908865,18454,0,1
1,NewOrder,1772077908.910276,27846,20,1
1,NewOrder,1772077908.911542,15124,19,1
2,Payment,1772077908.911785,24488,2,1
2,Payment,1772077908.912467,8579,15,1
2,Payment,1772077908.913076,14980,18,1
1,NewOrder,1772077908.913708,18173,11,1
1,NewOrder,1772077908.914127,15797,8,1
1,NewOrder,1772077908.914660,23073,14,1
2,Payment,1772077908.915073,31930,5,1
1,NewOrder,1772077908.917349,19057,23,1
2,Payment,1772077908.918419,17374,22,1
1,NewOrder,1772077908.918780,15851,1,1
1,NewOrder,1772077908.919521,13744,9,1
1,NewOrder,1772077908.920566,21854,7,1
2,Payment,1772077908.921038,32376,4,1
2,Payment,1772077908.921066,6212,15,1
2,Payment,1772077908.922454,9874,17,1
1,NewOrder,1772077908.924037,12500,12,1
1,NewOrder,1772077908.924581,37291,6,1
2,Payment,1772077908.924691,20022,21,1
1,NewOrder,1772077908.926680,13750,19,1
1,NewOrder,1772077908.927292,35081,15,1
1,NewOrder,1772077908.927336,33687,0,1
2,Payment,1772077908.928074,23248,18,1
1,NewOrder,1772077908.929940,12858,8,1
1,NewOrder,1772077908.930583,20372,13,1
1,NewOrder,1772077908.931898,13201,11,1
2,Payment,1772077908.932354,6180,17,1
1,NewOrder,1772077908.933279,15832,9,1
2,Payment,1772077908.934648,24664,1,1
1,NewOrder,1772077908.935819,30996,22,1
1,NewOrder,1772077908.936201,22631,10,1
1,NewOrder,1772077908.936296,26025,2,1
2,Payment,1772077908.936420,30847,23,1
1,NewOrder,1772077908.936563,30629,12,1
1,NewOrder,1772077908.937757,20589,14,1
2,Payment,1772077908.938137,16201,20,1
2,Payment,1772077908.938559,5096,17,1
2,Payment,1772077908.940443,34948,19,1
1,NewOrder,1772077908.941581,53226,3,1
2,Payment,1772077908.942446,2955,7,1
2,Payment,1772077908.942474,5876,16,1
4,Delivery,1772077908.942811,12873,8,1
2,Payment,1772077908.943681,8930,17,1
2,Payment,1772077908.944737,15019,21,1
1,NewOrder,1772077908.945113,17191,11,1
1,NewOrder,1772077908.945424,8335,7,1
2,Payment,1772077908.947028,18424,5,1
2,Payment,1772077908.948379,16673,16,1
1,NewOrder,1772077908.949137,11522,9,1
2,Payment,1772077908.950981,24473,13,1
1,NewOrder,1772077908.951348,20552,18,1
1,NewOrder,1772077908.952623,35779,17,1
1,NewOrder,1772077908.953435,17380,4,1
1,NewOrder,1772077908.953775,14473,7,1
1,NewOrder,1772077908.954364,12874,20,1
1,NewOrder,1772077908.955703,15562,8,1
2,Payment,1772077908.958361,21827,14,1
1,NewOrder,1772077908.958857,16629,10,1
1,NewOrder,1772077908.959337,12660,1,1
4,Delivery,1772077908.959782,42280,21,1
1,NewOrder,1772077908.960673,18974,9,1
1,NewOrder,1772077908.961045,28940,0,1
2,Payment,1772077908.961897,5318,6,1
1,NewOrder,1772077908.962318,34389,11,1
1,NewOrder,1772077908.962336,13090,2,1
2,Payment,1772077908.962399,23825,15,1
1,NewOrder,1772077908.965067,41979,16,1
1,NewOrder,1772077908.965478,29812,5,1
1,NewOrder,1772077908.966831,8982,22,1
1,NewOrder,1772077908.967208,14046,12,1
2,Payment,1772077908.967228,4363,6,1
1,NewOrder,1772077908.967255,34225,20,1
4,Delivery,1772077908.967293,35289,23,1
5,StockLevel,1772077908.968273,19930,7,1
2,Payment,1772077908.970834,4615,4,1
2,Payment,1772077908.971280,5369,8,1
1,NewOrder,1772077908.971608,24701,6,1
1,NewOrder,1772077908.971914,42259,18,1
2,Payment,1772077908.972022,11083,1,1
4,Delivery,1772077908.975408,27178,19,1
1,NewOrder,1772077908.975440,42897,2,1
3,OrderStatus,1772077908.975467,7443,4,1
1,NewOrder,1772077908.975471,18104,13,1
2,Payment,1772077908.975501,7157,10,1
2,Payment,1772077908.975825,2661,22,1
1,NewOrder,1772077908.976662,26238,8,1
1,NewOrder,1772077908.978505,23988,22,1
1,NewOrder,1772077908.979663,20612,9,1
1,NewOrder,1772077908.980214,18361,14,1
1,NewOrder,1772077908.981269,19031,12,1
2,Payment,1772077908.982672,7364,10,1
3,OrderStatus,1772077908.982925,4669,4,1
2,Payment,1772077908.983154,6854,1,1
2,Payment,1772077908.986289,5681,15,1
1,NewOrder,1772077908.987803,26394,4,1
1,NewOrder,1772077908.988219,31743,7,1
2,Payment,1772077908.988418,11545,17,1
2,Payment,1772077908.990002,5857,0,1
1,NewOrder,1772077908.990021,23728,1,1
2,Payment,1772077908.990051,5903,10,1
2,Payment,1772077908.991982,11836,15,1
2,Payment,1772077908.993596,14004,13,1
1,NewOrder,1772077908.994826,21995,3,1
1,NewOrder,1772077908.995302,58085,5,1
2,Payment,1772077908.995876,4469,0,1
2,Payment,1772077908.995978,7331,10,1
2,Payment,1772077908.996321,15088,6,1
1,NewOrder,1772077908.996731,26954,11,1
1,NewOrder,1772077908.998587,23088,14,1
3,OrderStatus,1772077908.999987,6487,17,1
2,Payment,1772077909.000291,16104,9,1
3,OrderStatus,1772077909.000315,2428,12,1
1,NewOrder,1772077909.000369,26626,0,1
1,NewOrder,1772077909.001493,21646,20,1
1,NewOrder,1772077909.002072,30269,21,1
1,NewOrder,1772077909.002506,53041,22,1
1,NewOrder,1772077909.002653,18595,23,1
2,Payment,1772077909.002793,11657,12,1
1,NewOrder,1772077909.002828,32052,19,1
2,Payment,1772077909.002913,22588,8,1
1,NewOrder,1772077909.003321,16365,10,1
1,NewOrder,1772077909.003828,51171,15,1
1,NewOrder,1772077909.006528,13449,17,1
2,Payment,1772077909.007060,18898,16,1
1,NewOrder,1772077909.007616,23216,13,1
1,NewOrder,1772077909.011419,25576,6,1
2,Payment,1772077909.013761,17931,1,1
5,StockLevel,1772077909.014185,18621,18,1
2,Payment,1772077909.014208,9460,4,1
1,NewOrder,1772077909.014471,19324,12,1
1,NewOrder,1772077909.016403,19437,9,1
1,NewOrder,1772077909.016843,16598,3,1
1,NewOrder,1772077909.018358,26674,2,1
3,OrderStatus,1772077909.019707,3200,10,1
2,Payment,1772077909.019974,13860,7,1
2,Payment,1772077909.019989,9830,17,1
3,OrderStatus,1772077909.021269,3883,23,1
1,NewOrder,1772077909.021691,42084,14,1
2,Payment,1772077909.022924,22642,10,1
1,NewOrder,1772077909.023160,27178,20,1
2,Payment,1772077909.023689,19368,4,1
1,NewOrder,1772077909.023700,27162,11,1
1,NewOrder,1772077909.025173,35508,23,1
2,Payment,1772077909.025522,27030,8,1
2,Payment,1772077909.025969,9566,16,1
1,NewOrder,1772077909.027016,10405,0,1
2,Payment,1772077909.029841,8351,17,1
1,NewOrder,1772077909.030854,12609,13,1
1,NewOrder,1772077909.031705,34224,1,1
1,NewOrder,1772077909.032360,27815,21,1
1,NewOrder,1772077909.032828,10497,18,1
1,NewOrder,1772077909.033464,27646,3,1
2,Payment,1772077909.033816,9543,12,1
2,Payment,1772077909.033854,30203,7,1
1,NewOrder,1772077909.034891,19327,19,1
2,Payment,1772077909.035557,17485,16,1
2,Payment,1772077909.035853,21242,9,1
5,StockLevel,1772077909.037005,6729,6,1
2,Payment,1772077909.037442,8512,0,1
1,NewOrder,1772077909.038205,7441,17,1
2,Payment,1772077909.043078,15972,4,1
2,Payment,1772077909.043346,10073,18,1
1,NewOrder,1772077909.043380,25077,12,1
2,Payment,1772077909.043484,16446,13,1
1,NewOrder,1772077909.043746,12914,6,1
2,Payment,1772077909.045044,3507,2,1
1,NewOrder,1772077909.045579,26996,10,1
1,NewOrder,1772077909.045655,5565,17,1
2,Payment,1772077909.045975,7028,0,1
1,NewOrder,1772077909.048572,29722,2,1
1,NewOrder,1772077909.050352,25674,20,1
1,NewOrder,1772077909.050884,24761,11,1
1,NewOrder,1772077909.051233,20571,17,1
2,Payment,1772077909.052571,20038,8,1
1,NewOrder,1772077909.053024,26577,0,1
2,Payment,1772077909.053054,13538,16,1
1,NewOrder,1772077909.053397,19937,5,1
1,NewOrder,1772077909.053440,26496,18,1
1,NewOrder,1772077909.054240,20990,19,1
2,Payment,1772077909.055020,19163,15,1
2,Payment,1772077909.055559,6245,22,1
1,NewOrder,1772077909.056680,18522,6,1
1,NewOrder,1772077909.057105,29093,9,1
1,NewOrder,1772077909.059072,24307,4,1
2,Payment,1772077909.059952,21622,13,1
2,Payment,1772077909.060189,10384,21,1
1,NewOrder,1772077909.060702,33025,23,1
5,StockLevel,1772077909.061120,13715,3,1
2,Payment,1772077909.061817,12841,22,1
2,Payment,1772077909.063796,22786,14,1
2,Payment,1772077909.064078,16334,7,1
3,OrderStatus,1772077909.065942,6431,1,1
1,NewOrder,1772077909.066614,33631,16,1
3,OrderStatus,1772077909.068473,2956,12,1
2,Payment,1772077909.070592,12071,21,1
1,NewOrder,1772077909.071440,21906,12,1
3,OrderStatus,1772077909.071825,5113,17,1
1,NewOrder,1772077909.072383,28281,1,1
2,Payment,1772077909.072597,15867,10,1
5,StockLevel,1772077909.073343,11099,5,1
3,OrderStatus,1772077909.074204,8650,15,1
2,Payment,1772077909.074680,11869,22,1
1,NewOrder,1772077909.074854,20572,3,1
2,Payment,1772077909.075222,22241,6,1
1,NewOrder,1772077909.075252,19542,19,1
1,NewOrder,1772077909.076047,18780,20,1
1,NewOrder,1772077909.076948,11998,17,1
2,Payment,1772077909.079623,4505,0,1
2,Payment,1772077909.079957,14508,18,1
2,Payment,1772077909.083400,5525,4,1
1,NewOrder,1772077909.084149,13863,0,1
2,Payment,1772077909.086602,7917,14,1
2,Payment,1772077909.095447,3268,3,1
