Transaction Type Index,Transaction Name,Start Time (microseconds),Latency (microseconds),Worker Id (start number),Phase Id (index in config file)
2,Payment,1772025371.826002,167366,23,1
1,NewOrder,1772025371.826003,107901,2,1
1,NewOrder,1772025371.826003,103664,12,1
1,NewOrder,1772025371.826003,105459,6,1
1,NewOrder,1772025371.826005,108839,5,1
2,Payment,1772025371.826022,84176,8,1
1,NewOrder,1772025371.826032,117068,7,1
2,Payment,1772025371.826061,65712,4,1
1,NewOrder,1772025371.826137,100972,3,1
2,Payment,1772025371.826341,94075,0,1
3,OrderStatus,1772025371.826551,47883,1,1
2,Payment,1772025371.826806,88884,13,1
2,Payment,1772025371.826987,108401,9,1
1,NewOrder,1772025371.827207,113584,10,1
2,Payment,1772025371.827414,139622,20,1
2,Payment,1772025371.827627,48832,11,1
2,Payment,1772025371.827831,108083,18,1
1,NewOrder,1772025371.828039,107161,14,1
1,NewOrder,1772025371.828258,113350,15,1
2,Payment,1772025371.828570,47252,16,1
1,NewOrder,1772025371.828679,106400,17,1
1,NewOrder,1772025371.828892,106284,19,1
2,Payment,1772025371.829111,81454,22,1
2,Payment,1772025371.829319,51110,21,1
1,NewOrder,1772025371.874548,67870,1,1
1,NewOrder,1772025371.875855,72008,16,1
1,NewOrder,1772025371.876506,77376,11,1
5,StockLevel,1772025371.880540,39999,21,1
1,NewOrder,1772025371.891808,58308,4,1
3,OrderStatus,1772025371.910242,12414,8,1
1,NewOrder,1772025371.910601,41595,22,1
2,Payment,1772025371.915727,34868,13,1
1,NewOrder,1772025371.920458,69763,0,1
1,NewOrder,1772025371.920573,34632,21,1
1,NewOrder,1772025371.922674,70921,8,1
2,Payment,1772025371.927135,17683,3,1
1,NewOrder,1772025371.929695,33745,12,1
1,NewOrder,1772025371.931495,19693,6,1
2,Payment,1772025371.933932,25834,2,1
1,NewOrder,1772025371.934873,27581,5,1
2,Payment,1772025371.935103,23746,17,1
5,StockLevel,1772025371.935210,16768,19,1
2,Payment,1772025371.935229,32426,14,1
2,Payment,1772025371.935414,18000,9,1
2,Payment,1772025371.935936,74190,18,1
2,Payment,1772025371.940817,21131,10,1
2,Payment,1772025371.941634,76936,15,1
1,NewOrder,1772025371.942437,15476,1,1
4,Delivery,1772025371.943132,42513,7,1
2,Payment,1772025371.944835,26666,3,1
2,Payment,1772025371.947882,38229,16,1
2,Payment,1772025371.950132,38625,4,1
1,NewOrder,1772025371.950612,66970,13,1
2,Payment,1772025371.951207,30654,6,1
2,Payment,1772025371.952001,68966,19,1
1,NewOrder,1772025371.952211,15462,22,1
2,Payment,1772025371.953430,21861,9,1
1,NewOrder,1772025371.953899,33711,11,1
2,Payment,1772025371.955222,73672,21,1
2,Payment,1772025371.957930,39488,1,1
1,NewOrder,1772025371.958866,8771,17,1
2,Payment,1772025371.959787,21329,2,1
1,NewOrder,1772025371.961967,13975,10,1
1,NewOrder,1772025371.962468,31099,5,1
2,Payment,1772025371.963457,35384,12,1
2,Payment,1772025371.967085,71102,20,1
1,NewOrder,1772025371.967655,12243,17,1
2,Payment,1772025371.967673,59702,14,1
5,StockLevel,1772025371.967689,10414,22,1
1,NewOrder,1772025371.971523,22104,3,1
2,Payment,1772025371.975309,17428,9,1
1,NewOrder,1772025371.975955,14353,10,1
1,NewOrder,1772025371.978120,20797,22,1
2,Payment,1772025371.979914,61180,17,1
5,StockLevel,1772025371.981135,23074,2,1
1,NewOrder,1772025371.981879,16588,6,1
2,Payment,1772025371.985665,19805,7,1
2,Payment,1772025371.986127,20904,16,1
4,Delivery,1772025371.987629,67246,11,1
1,NewOrder,1772025371.988776,27772,4,1
2,Payment,1772025371.990238,18181,0,1
2,Payment,1772025371.990326,24585,10,1
2,Payment,1772025371.992756,34649,9,1
1,NewOrder,1772025371.993398,64911,23,1
2,Payment,1772025371.993585,29074,5,1
3,OrderStatus,1772025371.993612,4370,8,1
1,NewOrder,1772025371.993645,15712,3,1
1,NewOrder,1772025371.997436,26410,1,1
1,NewOrder,1772025371.998000,16446,8,1
1,NewOrder,1772025371.998484,28416,6,1
2,Payment,1772025371.998858,67433,12,1
2,Payment,1772025371.998939,47630,22,1
2,Payment,1772025372.004228,23298,2,1
2,Payment,1772025372.005486,27374,7,1
2,Payment,1772025372.007051,46593,16,1
1,NewOrder,1772025372.008438,21764,0,1
1,NewOrder,1772025372.009375,16121,3,1
2,Payment,1772025372.010144,45577,18,1
5,StockLevel,1772025372.014464,18088,8,1
2,Payment,1772025372.014937,29692,10,1
1,NewOrder,1772025372.016579,22707,4,1
2,Payment,1772025372.017595,75062,13,1
1,NewOrder,1772025372.018592,16409,15,1
3,OrderStatus,1772025372.020985,9297,19,1
2,Payment,1772025372.022678,10887,5,1
2,Payment,1772025372.023864,37202,1,1
2,Payment,1772025372.025512,20432,3,1
1,NewOrder,1772025372.026918,19781,6,1
1,NewOrder,1772025372.027396,25304,14,1
2,Payment,1772025372.027425,22801,9,1
1,NewOrder,1772025372.027541,17928,2,1
2,Payment,1772025372.028912,35739,21,1
4,Delivery,1772025372.030218,13065,0,1
2,Payment,1772025372.030299,41685,19,1
2,Payment,1772025372.032569,23719,8,1
5,StockLevel,1772025372.032875,22978,7,1
1,NewOrder,1772025372.033584,22106,5,1
2,Payment,1772025372.035017,39169,15,1
1,NewOrder,1772025372.038204,59546,20,1
3,OrderStatus,1772025372.039305,5725,4,1
4,Delivery,1772025372.041113,91341,17,1
2,Payment,1772025372.043299,8837,0,1
2,Payment,1772025372.044647,17861,10,1
1,NewOrder,1772025372.045046,20364,4,1
2,Payment,1772025372.045487,27356,2,1
1,NewOrder,1772025372.045960,23938,3,1
2,Payment,1772025372.046583,35839,22,1
1,NewOrder,1772025372.046732,23648,6,1
1,NewOrder,1772025372.050245,47262,9,1
2,Payment,1772025372.052152,29034,0,1
2,Payment,1772025372.052717,31736,14,1
1,NewOrder,1772025372.053663,39623,16,1
2,Payment,1772025372.054892,18658,11,1
1,NewOrder,1772025372.055707,22880,5,1
2,Payment,1772025372.055737,35296,18,1
1,NewOrder,1772025372.055869,19077,7,1
2,Payment,1772025372.056307,24360,8,1
2,Payment,1772025372.058326,42918,23,1
1,NewOrder,1772025372.061085,25076,1,1
4,Delivery,1772025372.062526,53863,10,1
2,Payment,1772025372.064668,46325,21,1
2,Payment,1772025372.065423,50830,4,1
2,Payment,1772025372.066309,36247,12,1
2,Payment,1772025372.069920,16175,3,1
1,NewOrder,1772025372.070401,18512,6,1
4,Delivery,1772025372.072002,32269,19,1
2,Payment,1772025372.072861,24483,2,1
2,Payment,1772025372.073567,12075,11,1
2,Payment,1772025372.074204,37329,15,1
1,NewOrder,1772025372.074964,19385,7,1
2,Payment,1772025372.078606,25259,5,1
2,Payment,1772025372.080709,15852,8,1
2,Payment,1772025372.081207,41092,0,1
2,Payment,1772025372.082438,40296,22,1
2,Payment,1772025372.084469,61815,14,1
5,StockLevel,1772025372.085666,15275,11,1
5,StockLevel,1772025372.086112,10948,3,1
1,NewOrder,1772025372.086179,19067,1,1
2,Payment,1772025372.088930,22661,6,1
1,NewOrder,1772025372.091069,55677,18,1
1,NewOrder,1772025372.092689,23538,13,1
2,Payment,1772025372.093304,30051,16,1
2,Payment,1772025372.094370,22466,7,1
1,NewOrder,1772025372.096579,14903,8,1
5,StockLevel,1772025372.097081,6269,3,1
2,Payment,1772025372.097355,31689,2,1
2,Payment,1772025372.097524,23859,9,1
1,NewOrder,1772025372.097765,27588,20,1
2,Payment,1772025372.100960,29332,11,1
1,NewOrder,1772025372.101257,32748,23,1
2,Payment,1772025372.102576,30324,12,1
1,NewOrder,1772025372.103367,41908,3,1
1,NewOrder,1772025372.103885,11987,5,1
1,NewOrder,1772025372.104291,28568,19,1
1,NewOrder,1772025372.105264,23233,1,1
2,Payment,1772025372.111013,22000,21,1
2,Payment,1772025372.111500,23314,8,1
4,Delivery,1772025372.111549,21342,15,1
2,Payment,1772025372.111611,31288,6,1
2,Payment,1772025372.115888,18973,5,1
5,StockLevel,1772025372.116244,25987,13,1
1,NewOrder,1772025372.116271,26567,4,1
1,NewOrder,1772025372.116400,17879,10,1
2,Payment,1772025372.116849,30846,7,1
2,Payment,1772025372.121402,30096,9,1
5,StockLevel,1772025372.122317,11623,0,1
2,Payment,1772025372.122752,20214,22,1
1,NewOrder,1772025372.123370,25518,16,1
2,Payment,1772025372.125371,29100,20,1
2,Payment,1772025372.128512,19670,1,1
2,Payment,1772025372.129062,29677,2,1
2,Payment,1772025372.130308,24804,11,1
2,Payment,1772025372.132471,34697,17,1
1,NewOrder,1772025372.132875,34331,19,1
2,Payment,1772025372.132910,23346,15,1
5,StockLevel,1772025372.132914,16339,12,1
1,NewOrder,1772025372.133031,35811,21,1
4,Delivery,1772025372.133959,8312,0,1
1,NewOrder,1772025372.134018,33717,23,1
1,NewOrder,1772025372.134291,15186,10,1
2,Payment,1772025372.134823,24019,8,1
3,OrderStatus,1772025372.134879,3145,5,1
2,Payment,1772025372.138043,33135,5,1
2,Payment,1772025372.142249,34984,13,1
1,NewOrder,1772025372.142287,10057,0,1
2,Payment,1772025372.142853,37537,4,1
1,NewOrder,1772025372.142918,27793,6,1
5,StockLevel,1772025372.142992,6411,22,1
2,Payment,1772025372.145294,40630,3,1
3,OrderStatus,1772025372.146301,8043,14,1
2,Payment,1772025372.146761,11271,18,1
2,Payment,1772025372.147709,16944,7,1
4,Delivery,1772025372.148197,24009,1,1
2,Payment,1772025372.148904,32894,16,1
2,Payment,1772025372.149270,51662,12,1
3,OrderStatus,1772025372.149424,2757,22,1
2,Payment,1772025372.149490,44270,10,1
2,Payment,1772025372.151515,19726,9,1
2,Payment,1772025372.152198,14192,22,1
1,NewOrder,1772025372.152361,11184,0,1
1,NewOrder,1772025372.154360,20828,14,1
1,NewOrder,1772025372.154487,31769,20,1
2,Payment,1772025372.155127,21603,11,1
2,Payment,1772025372.156273,33713,15,1
1,NewOrder,1772025372.158048,19125,18,1
1,NewOrder,1772025372.158754,27524,2,1
2,Payment,1772025372.158858,46810,8,1
1,NewOrder,1772025372.163567,15557,0,1
2,Payment,1772025372.164672,53654,7,1
5,StockLevel,1772025372.166408,13369,22,1
2,Payment,1772025372.167181,41457,17,1
1,NewOrder,1772025372.167223,19808,19,1
2,Payment,1772025372.167751,10833,23,1
2,Payment,1772025372.168857,16896,21,1
2,Payment,1772025372.170729,14453,6,1
1,NewOrder,1772025372.171193,22888,5,1
2,Payment,1772025372.171254,73268,9,1
1,NewOrder,1772025372.172231,11083,1,1
1,NewOrder,1772025372.175218,20790,14,1
2,Payment,1772025372.176742,57017,11,1
2,Payment,1772025372.177189,15013,18,1
1,NewOrder,1772025372.177249,24935,13,1
1,NewOrder,1772025372.178603,25079,23,1
2,Payment,1772025372.179136,22286,0,1
2,Payment,1772025372.179796,22297,22,1
2,Payment,1772025372.180405,12567,4,1
1,NewOrder,1772025372.181815,23332,16,1
1,NewOrder,1772025372.183329,23917,1,1
1,NewOrder,1772025372.185196,14128,6,1
2,Payment,1772025372.185770,22741,21,1
1,NewOrder,1772025372.185936,20701,3,1
2,Payment,1772025372.186267,33075,20,1
1,NewOrder,1772025372.186288,16322,2,1
2,Payment,1772025372.187047,48407,19,1
1,NewOrder,1772025372.190002,35499,15,1
2,Payment,1772025372.192236,51896,18,1
1,NewOrder,1772025372.192989,17575,4,1
2,Payment,1772025372.193780,68253,10,1
2,Payment,1772025372.194110,13850,5,1
1,NewOrder,1772025372.196026,24320,14,1
1,NewOrder,1772025372.199350,30527,6,1
2,Payment,1772025372.200944,24101,12,1
4,Delivery,1772025372.201441,10209,0,1
1,NewOrder,1772025372.202114,23382,22,1
1,NewOrder,1772025372.202200,23270,13,1
2,Payment,1772025372.202626,15299,2,1
1,NewOrder,1772025372.203703,40815,23,1
1,NewOrder,1772025372.205162,26948,16,1
1,NewOrder,1772025372.205682,19839,8,1
1,NewOrder,1772025372.206655,19395,3,1
5,StockLevel,1772025372.207261,16642,1,1
2,Payment,1772025372.207975,22251,5,1
2,Payment,1772025372.208529,47148,21,1
1,NewOrder,1772025372.208660,36174,17,1
1,NewOrder,1772025372.210601,39311,4,1
5,StockLevel,1772025372.211666,9404,0,1
2,Payment,1772025372.217941,21619,2,1
4,Delivery,1772025372.218352,36971,7,1
5,StockLevel,1772025372.219361,12439,20,1
2,Payment,1772025372.220366,18775,14,1
1,NewOrder,1772025372.221085,11524,0,1
1,NewOrder,1772025372.223917,7248,1,1
1,NewOrder,1772025372.225062,26747,12,1
2,Payment,1772025372.225483,25588,13,1
1,NewOrder,1772025372.225508,9466,22,1
1,NewOrder,1772025372.225520,41574,15,1
2,Payment,1772025372.225530,25068,8,1
2,Payment,1772025372.226062,24327,3,1
1,NewOrder,1772025372.229889,20490,6,1
2,Payment,1772025372.230238,29916,5,1
2,Payment,1772025372.231184,83775,1,1
1,NewOrder,1772025372.231812,28931,20,1
2,Payment,1772025372.232120,24478,16,1
1,NewOrder,1772025372.232620,22101,0,1
2,Payment,1772025372.233771,41153,11,1
3,OrderStatus,1772025372.234983,2462,22,1
1,NewOrder,1772025372.235469,28668,19,1
1,NewOrder,1772025372.237456,25432,22,1
5,StockLevel,1772025372.239155,23942,14,1
4,Delivery,1772025372.239574,67590,2,1
1,NewOrder,1772025372.244147,36809,18,1
5,StockLevel,1772025372.244530,29650,9,1
1,NewOrder,1772025372.244534,35133,23,1
1,NewOrder,1772025372.244847,27693,17,1
2,Payment,1772025372.249927,20420,4,1
1,NewOrder,1772025372.250389,15015,6,1
2,Payment,1772025372.250403,42471,3,1
2,Payment,1772025372.250612,35645,8,1
2,Payment,1772025372.251081,11839,13,1
3,OrderStatus,1772025372.251820,6808,12,1
2,Payment,1772025372.254736,21440,0,1
5,StockLevel,1772025372.255336,15728,7,1
1,NewOrder,1772025372.255690,29006,21,1
4,Delivery,1772025372.256605,48902,16,1
1,NewOrder,1772025372.258638,27581,12,1
1,NewOrder,1772025372.260163,41163,5,1
1,NewOrder,1772025372.260753,24861,20,1
1,NewOrder,1772025372.262046,28497,10,1
1,NewOrder,1772025372.262898,23299,22,1
2,Payment,1772025372.262932,5326,13,1
1,NewOrder,1772025372.263104,33725,14,1
1,NewOrder,1772025372.264148,17306,19,1
1,NewOrder,1772025372.265417,35876,6,1
4,Delivery,1772025372.267109,38778,15,1
2,Payment,1772025372.268271,7002,13,1
1,NewOrder,1772025372.270358,41102,4,1
2,Payment,1772025372.271071,31553,7,1
1,NewOrder,1772025372.272549,28240,17,1
1,NewOrder,1772025372.274195,21275,9,1
1,NewOrder,1772025372.274934,52604,11,1
2,Payment,1772025372.275286,21555,13,1
1,NewOrder,1772025372.276187,13343,0,1
1,NewOrder,1772025372.279685,46486,23,1
2,Payment,1772025372.280966,6947,18,1
1,NewOrder,1772025372.281468,16678,19,1
2,Payment,1772025372.284713,19600,21,1
1,NewOrder,1772025372.285627,13167,20,1
2,Payment,1772025372.286208,8167,22,1
1,NewOrder,1772025372.286232,38923,12,1
1,NewOrder,1772025372.286270,32021,8,1
3,OrderStatus,1772025372.287924,6730,18,1
1,NewOrder,1772025372.289541,11187,0,1
2,Payment,1772025372.290556,22662,10,1
2,Payment,1772025372.292884,35175,3,1
2,Payment,1772025372.294389,13773,22,1
2,Payment,1772025372.294669,20673,18,1
2,Payment,1772025372.295485,21195,9,1
2,Payment,1772025372.296849,14108,14,1
1,NewOrder,1772025372.296852,42458,13,1
1,NewOrder,1772025372.298160,5524,19,1
1,NewOrder,1772025372.298816,13408,20,1
2,Payment,1772025372.300743,34401,0,1
1,NewOrder,1772025372.300801,36522,17,1
2,Payment,1772025372.301307,28914,6,1
2,Payment,1772025372.301337,44724,5,1
1,NewOrder,1772025372.302635,36643,7,1
1,NewOrder,1772025372.303691,11735,19,1
1,NewOrder,1772025372.304323,41872,21,1
2,Payment,1772025372.305520,10618,16,1
1,NewOrder,1772025372.305901,17422,15,1
2,Payment,1772025372.307177,64435,2,1
1,NewOrder,1772025372.308175,14915,22,1
1,NewOrder,1772025372.310970,27936,14,1
1,NewOrder,1772025372.311477,31413,4,1
2,Payment,1772025372.312240,10418,20,1
2,Payment,1772025372.313229,26484,10,1
1,NewOrder,1772025372.314973,37179,1,1
2,Payment,1772025372.315351,13375,18,1
2,Payment,1772025372.315439,21939,19,1
1,NewOrder,1772025372.316151,23127,16,1
3,OrderStatus,1772025372.316694,3406,9,1
1,NewOrder,1772025372.318303,22664,8,1
2,Payment,1772025372.320111,29202,9,1
1,NewOrder,1772025372.322669,15106,20,1
5,StockLevel,1772025372.323104,8187,22,1
2,Payment,1772025372.323334,8242,15,1
5,StockLevel,1772025372.325171,15647,12,1
2,Payment,1772025372.326185,24224,23,1
2,Payment,1772025372.327549,28105,11,1
2,Payment,1772025372.328071,30506,3,1
1,NewOrder,1772025372.328736,17289,18,1
1,NewOrder,1772025372.330234,31296,6,1
1,NewOrder,1772025372.331306,10935,22,1
1,NewOrder,1772025372.331621,13990,15,1
2,Payment,1772025372.335186,53340,0,1
1,NewOrder,1772025372.337339,25071,17,1
1,NewOrder,1772025372.337391,9764,19,1
2,Payment,1772025372.337788,20901,20,1
2,Payment,1772025372.338917,11925,14,1
1,NewOrder,1772025372.339290,21010,16,1
4,Delivery,1772025372.339291,28038,7,1
2,Payment,1772025372.339321,18644,13,1
2,Payment,1772025372.339721,32657,10,1
1,NewOrder,1772025372.340826,32303,12,1
1,NewOrder,1772025372.340975,20569,8,1
1,NewOrder,1772025372.342252,17156,22,1
2,Payment,1772025372.342901,35853,4,1
1,NewOrder,1772025372.345624,15154,15,1
1,NewOrder,1772025372.346037,14713,18,1
2,Payment,1772025372.346072,49991,5,1
2,Payment,1772025372.346202,20464,21,1
1,NewOrder,1772025372.347168,8115,19,1
2,Payment,1772025372.349325,11399,9,1
2,Payment,1772025372.350416,26520,23,1
1,NewOrder,1772025372.350855,20227,14,1
1,NewOrder,1772025372.352161,23989,1,1
2,Payment,1772025372.355299,26280,19,1
2,Payment,1772025372.355672,8411,11,1
2,Payment,1772025372.357998,11674,13,1
2,Payment,1772025372.358585,45675,3,1
2,Payment,1772025372.358696,28307,20,1
2,Payment,1772025372.359416,31901,22,1
1,NewOrder,1772025372.360306,10234,16,1
1,NewOrder,1772025372.360730,15129,9,1
2,Payment,1772025372.360758,32739,18,1
2,Payment,1772025372.360787,14314,15,1
1,NewOrder,1772025372.361538,14065,6,1
2,Payment,1772025372.361551,16336,8,1
2,Payment,1772025372.362416,28429,17,1
1,NewOrder,1772025372.364091,10362,11,1
5,StockLevel,1772025372.366675,11458,21,1
1,NewOrder,1772025372.367337,26565,7,1
2,Payment,1772025372.369681,11364,13,1
1,NewOrder,1772025372.370549,9435,16,1
2,Payment,1772025372.371091,28911,14,1
4,Delivery,1772025372.371619,38411,2,1
2,Payment,1772025372.372384,12890,10,1
1,NewOrder,1772025372.373137,18240,12,1
1,NewOrder,1772025372.374460,15687,11,1
1,NewOrder,1772025372.375109,7327,15,1
2,Payment,1772025372.375613,17436,6,1
2,Payment,1772025372.375870,22639,9,1
2,Payment,1772025372.376156,37846,1,1
1,NewOrder,1772025372.376945,25599,23,1
1,NewOrder,1772025372.377904,21095,8,1
1,NewOrder,1772025372.378140,31963,21,1
4,Delivery,1772025372.378761,31807,4,1
2,Payment,1772025372.379991,53150,16,1
2,Payment,1772025372.381057,23787,13,1
2,Payment,1772025372.381588,14894,19,1
1,NewOrder,1772025372.382446,9337,15,1
2,Payment,1772025372.385282,21522,10,1
5,StockLevel,1772025372.387014,4077,20,1
2,Payment,1772025372.388536,35196,0,1
1,NewOrder,1772025372.390163,6953,11,1
2,Payment,1772025372.390853,20983,17,1
2,Payment,1772025372.391106,11808,20,1
2,Payment,1772025372.391326,7592,22,1
2,Payment,1772025372.391386,70142,12,1
2,Payment,1772025372.391793,63792,15,1
2,Payment,1772025372.393057,19442,6,1
1,NewOrder,1772025372.393504,9639,18,1
2,Payment,1772025372.393912,26554,7,1
2,Payment,1772025372.396070,36333,5,1
2,Payment,1772025372.396489,10629,19,1
1,NewOrder,1772025372.397125,9961,11,1
1,NewOrder,1772025372.398519,34792,9,1
1,NewOrder,1772025372.398923,7041,22,1
2,Payment,1772025372.399009,31857,8,1
2,Payment,1772025372.400009,21671,14,1
1,NewOrder,1772025372.402554,40917,23,1
1,NewOrder,1772025372.402923,34403,20,1
1,NewOrder,1772025372.403150,9309,18,1
2,Payment,1772025372.404268,38123,3,1
2,Payment,1772025372.404853,23902,13,1
2,Payment,1772025372.405973,3688,22,1
2,Payment,1772025372.406811,34859,10,1
2,Payment,1772025372.407091,37125,11,1
1,NewOrder,1772025372.407126,11139,19,1
2,Payment,1772025372.409673,2175,22,1
1,NewOrder,1772025372.410037,37718,2,1
1,NewOrder,1772025372.410113,46090,21,1
1,NewOrder,1772025372.410576,22680,4,1
2,Payment,1772025372.411842,27757,17,1
2,Payment,1772025372.411857,2562,22,1
1,NewOrder,1772025372.412465,6490,18,1
1,NewOrder,1772025372.412508,27536,6,1
1,NewOrder,1772025372.414011,26248,1,1
2,Payment,1772025372.414427,2541,22,1
1,NewOrder,1772025372.416977,7795,22,1
4,Delivery,1772025372.418273,8979,19,1
1,NewOrder,1772025372.418965,5361,18,1
2,Payment,1772025372.420473,28795,7,1
2,Payment,1772025372.421688,44589,14,1
2,Payment,1772025372.423739,25204,0,1
2,Payment,1772025372.424333,2362,18,1
1,NewOrder,1772025372.424782,13394,22,1
2,Payment,1772025372.426704,2394,18,1
1,NewOrder,1772025372.427260,10847,19,1
2,Payment,1772025372.428762,15113,13,1
1,NewOrder,1772025372.429106,18602,18,1
1,NewOrder,1772025372.430873,45284,8,1
2,Payment,1772025372.432414,20780,5,1
2,Payment,1772025372.433150,43026,16,1
5,StockLevel,1772025372.433263,38371,4,1
1,NewOrder,1772025372.433321,35581,9,1
2,Payment,1772025372.437336,12248,20,1
1,NewOrder,1772025372.438113,8847,19,1
2,Payment,1772025372.438184,14461,22,1
1,NewOrder,1772025372.439606,18984,17,1
5,StockLevel,1772025372.440055,8584,6,1
1,NewOrder,1772025372.440269,44974,1,1
5,StockLevel,1772025372.441679,46684,10,1
3,OrderStatus,1772025372.442399,9268,3,1
1,NewOrder,1772025372.443479,40369,23,1
1,NewOrder,1772025372.443881,36859,13,1
2,Payment,1772025372.444225,13867,11,1
2,Payment,1772025372.446971,9733,19,1
3,OrderStatus,1772025372.447717,1331,18,1
1,NewOrder,1772025372.447764,25164,2,1
2,Payment,1772025372.448649,21684,6,1
1,NewOrder,1772025372.448951,28270,0,1
2,Payment,1772025372.449057,17265,18,1
1,NewOrder,1772025372.449273,43758,7,1
2,Payment,1772025372.449592,14150,20,1
1,NewOrder,1772025372.451673,26014,3,1
1,NewOrder,1772025372.452655,7429,22,1
2,Payment,1772025372.453204,2981,5,1
1,NewOrder,1772025372.455591,33932,15,1
2,Payment,1772025372.456189,4879,5,1
1,NewOrder,1772025372.456217,41720,21,1
2,Payment,1772025372.456713,15728,19,1
2,Payment,1772025372.458099,21569,11,1
1,NewOrder,1772025372.458598,16505,17,1
2,Payment,1772025372.460092,17187,22,1
2,Payment,1772025372.461078,4859,5,1
2,Payment,1772025372.461536,21210,12,1
2,Payment,1772025372.463754,23515,20,1
2,Payment,1772025372.465946,5798,5,1
1,NewOrder,1772025372.466286,27921,14,1
1,NewOrder,1772025372.466332,19430,18,1
1,NewOrder,1772025372.468912,37891,9,1
3,OrderStatus,1772025372.470343,8611,6,1
1,NewOrder,1772025372.471643,28487,4,1
1,NewOrder,1772025372.471755,22837,5,1
2,Payment,1772025372.472452,19870,19,1
2,Payment,1772025372.472937,10266,2,1
4,Delivery,1772025372.475111,44099,17,1
1,NewOrder,1772025372.476167,42371,8,1
1,NewOrder,1772025372.476186,26884,16,1
1,NewOrder,1772025372.477229,21538,0,1
2,Payment,1772025372.477287,18544,22,1
1,NewOrder,1772025372.477696,27411,3,1
1,NewOrder,1772025372.478960,20517,6,1
2,Payment,1772025372.479677,8902,11,1
2,Payment,1772025372.480750,10489,13,1
2,Payment,1772025372.482753,15640,12,1
1,NewOrder,1772025372.483213,29766,2,1
1,NewOrder,1772025372.483857,40637,23,1
2,Payment,1772025372.485252,16639,1,1
2,Payment,1772025372.485771,14694,18,1
2,Payment,1772025372.487278,21347,20,1
1,NewOrder,1772025372.488371,31335,10,1
1,NewOrder,1772025372.488588,38569,11,1
3,OrderStatus,1772025372.489533,9750,15,1
1,NewOrder,1772025372.491248,22349,13,1
1,NewOrder,1772025372.492331,15144,19,1
1,NewOrder,1772025372.493039,38785,7,1
2,Payment,1772025372.494216,8885,14,1
2,Payment,1772025372.494598,16266,5,1
2,Payment,1772025372.495841,17636,22,1
2,Payment,1772025372.497944,21254,21,1
2,Payment,1772025372.498403,11206,12,1
1,NewOrder,1772025372.498774,25022,0,1
1,NewOrder,1772025372.499288,28301,15,1
3,OrderStatus,1772025372.499485,8316,6,1
1,NewOrder,1772025372.500137,26638,4,1
1,NewOrder,1772025372.500475,25991,18,1
1,NewOrder,1772025372.501901,24178,1,1
2,Payment,1772025372.503078,12458,16,1
1,NewOrder,1772025372.503110,16044,14,1
1,NewOrder,1772025372.505115,21883,3,1
2,Payment,1772025372.506810,9610,9,1
2,Payment,1772025372.507484,21485,19,1
1,NewOrder,1772025372.507812,29302,6,1
1,NewOrder,1772025372.508632,15761,20,1
2,Payment,1772025372.509616,9811,12,1
1,NewOrder,1772025372.510876,13543,5,1
1,NewOrder,1772025372.512987,11517,2,1
2,Payment,1772025372.513487,20253,22,1
2,Payment,1772025372.513603,24695,13,1
1,NewOrder,1772025372.515546,10861,16,1
1,NewOrder,1772025372.516426,23283,9,1
2,Payment,1772025372.518546,19346,8,1
2,Payment,1772025372.519166,31303,14,1
1,NewOrder,1772025372.519209,26505,21,1
2,Payment,1772025372.519217,15081,17,1
2,Payment,1772025372.519432,23763,12,1
2,Payment,1772025372.519717,7760,10,1
2,Payment,1772025372.523803,7528,0,1
4,Delivery,1772025372.524403,47322,20,1
2,Payment,1772025372.524432,10887,5,1
2,Payment,1772025372.524501,16621,23,1
2,Payment,1772025372.524516,15648,2,1
1,NewOrder,1772025372.526085,46191,1,1
1,NewOrder,1772025372.526417,18661,16,1
1,NewOrder,1772025372.526475,42222,18,1
1,NewOrder,1772025372.526783,49029,4,1
1,NewOrder,1772025372.527009,46264,3,1
1,NewOrder,1772025372.527167,49280,11,1
5,StockLevel,1772025372.527484,30994,10,1
1,NewOrder,1772025372.527600,44681,15,1
2,Payment,1772025372.528978,18674,19,1
2,Payment,1772025372.531340,13018,0,1
2,Payment,1772025372.531834,18065,7,1
2,Payment,1772025372.533750,18432,22,1
1,NewOrder,1772025372.534305,21683,17,1
1,NewOrder,1772025372.535331,25224,5,1
2,Payment,1772025372.537124,28441,6,1
2,Payment,1772025372.537900,35779,8,1
4,Delivery,1772025372.538308,33995,13,1
1,NewOrder,1772025372.539719,24556,9,1
2,Payment,1772025372.540175,8718,2,1
2,Payment,1772025372.541133,25719,23,1
1,NewOrder,1772025372.543204,30095,12,1
1,NewOrder,1772025372.544369,12142,0,1
2,Payment,1772025372.545089,13287,16,1
2,Payment,1772025372.545721,32829,21,1
1,NewOrder,1772025372.547659,16158,19,1
1,NewOrder,1772025372.548908,44966,2,1
1,NewOrder,1772025372.549906,29434,7,1
2,Payment,1772025372.550478,15705,14,1
2,Payment,1772025372.552191,32056,22,1
1,NewOrder,1772025372.555995,21068,17,1
2,Payment,1772025372.556522,4820,0,1
2,Payment,1772025372.558390,14433,16,1
1,NewOrder,1772025372.558488,30332,10,1
2,Payment,1772025372.560566,3682,5,1
1,NewOrder,1772025372.561354,16288,0,1
1,NewOrder,1772025372.563825,11112,19,1
2,Payment,1772025372.564256,4895,5,1
5,StockLevel,1772025372.564286,10230,9,1
2,Payment,1772025372.565572,14583,6,1
1,NewOrder,1772025372.566194,22605,14,1
1,NewOrder,1772025372.566861,36718,23,1
1,NewOrder,1772025372.568710,29839,18,1
2,Payment,1772025372.569158,4545,5,1
1,NewOrder,1772025372.571734,19052,20,1
2,Payment,1772025372.572287,23608,1,1
2,Payment,1772025372.572290,24268,15,1
5,StockLevel,1772025372.572310,32444,13,1
2,Payment,1772025372.572833,10346,16,1
2,Payment,1772025372.573279,30508,3,1
2,Payment,1772025372.573308,27407,12,1
1,NewOrder,1772025372.573686,15154,8,1
1,NewOrder,1772025372.573713,19818,5,1
2,Payment,1772025372.574523,13822,9,1
1,NewOrder,1772025372.574951,24274,19,1
1,NewOrder,1772025372.575817,12924,4,1
2,Payment,1772025372.576454,13309,11,1
2,Payment,1772025372.577068,28212,17,1
1,NewOrder,1772025372.577655,24554,0,1
2,Payment,1772025372.578560,17311,21,1
2,Payment,1772025372.579348,13455,7,1
1,NewOrder,1772025372.580165,8904,6,1
5,StockLevel,1772025372.583189,27122,16,1
1,NewOrder,1772025372.584256,18404,22,1
2,Payment,1772025372.588357,19456,9,1
2,Payment,1772025372.588751,22119,4,1
1,NewOrder,1772025372.588810,14206,14,1
2,Payment,1772025372.588830,11907,10,1
2,Payment,1772025372.588846,6340,8,1
2,Payment,1772025372.589081,23792,6,1
1,NewOrder,1772025372.589772,22105,11,1
2,Payment,1772025372.590792,9397,20,1
1,NewOrder,1772025372.592812,14064,7,1
2,Payment,1772025372.593542,23635,5,1
2,Payment,1772025372.593885,31339,2,1
3,OrderStatus,1772025372.595195,5502,8,1
1,NewOrder,1772025372.595883,27345,21,1
2,Payment,1772025372.595908,41373,1,1
2,Payment,1772025372.596565,11695,15,1
1,NewOrder,1772025372.598558,14868,18,1
2,Payment,1772025372.599233,8008,19,1
5,StockLevel,1772025372.600199,12352,20,1
1,NewOrder,1772025372.600706,23071,8,1
1,NewOrder,1772025372.600722,12778,12,1
2,Payment,1772025372.600747,15884,10,1
2,Payment,1772025372.602216,44731,0,1
2,Payment,1772025372.602668,10801,22,1
3,OrderStatus,1772025372.603027,3136,14,1
2,Payment,1772025372.603586,24016,23,1
1,NewOrder,1772025372.603796,20891,3,1
2,Payment,1772025372.604760,12332,13,1
2,Payment,1772025372.605290,8247,17,1
2,Payment,1772025372.606171,15327,14,1
2,Payment,1772025372.606885,15148,7,1
2,Payment,1772025372.607245,29196,19,1
2,Payment,1772025372.607821,20866,9,1
1,NewOrder,1772025372.608268,6842,15,1
2,Payment,1772025372.610318,16434,16,1
4,Delivery,1772025372.610878,27027,4,1
1,NewOrder,1772025372.611887,13310,11,1
2,Payment,1772025372.612558,31833,20,1
4,Delivery,1772025372.612881,10328,6,1
1,NewOrder,1772025372.613432,11672,18,1
4,Delivery,1772025372.613478,61560,22,1
2,Payment,1772025372.613511,23061,12,1
2,Payment,1772025372.613547,30873,17,1
4,Delivery,1772025372.615115,34733,15,1
2,Payment,1772025372.616640,18416,10,1
1,NewOrder,1772025372.617101,20138,13,1
1,NewOrder,1772025372.617203,27681,5,1
4,Delivery,1772025372.621507,28672,14,1
2,Payment,1772025372.622042,21954,7,1
2,Payment,1772025372.623219,24142,6,1
2,Payment,1772025372.623236,27146,21,1
3,OrderStatus,1772025372.623788,1340,8,1
2,Payment,1772025372.624695,26626,3,1
2,Payment,1772025372.625111,31243,18,1
2,Payment,1772025372.625137,32909,8,1
1,NewOrder,1772025372.625208,5411,11,1
2,Payment,1772025372.625230,30177,2,1
3,OrderStatus,1772025372.626760,12747,16,1
5,StockLevel,1772025372.627610,26884,23,1
2,Payment,1772025372.628694,24085,9,1
5,StockLevel,1772025372.630625,2449,11,1
5,StockLevel,1772025372.633085,2321,11,1
1,NewOrder,1772025372.635065,19796,10,1
2,Payment,1772025372.635414,32771,11,1
2,Payment,1772025372.636453,28937,19,1
1,NewOrder,1772025372.636583,30099,12,1
1,NewOrder,1772025372.637248,13838,13,1
2,Payment,1772025372.637293,30057,1,1
4,Delivery,1772025372.637911,17449,4,1
2,Payment,1772025372.639514,11238,16,1
1,NewOrder,1772025372.644008,16103,7,1
1,NewOrder,1772025372.644399,14755,20,1
2,Payment,1772025372.644431,12112,17,1
2,Payment,1772025372.644894,28039,5,1
1,NewOrder,1772025372.646960,13891,0,1
1,NewOrder,1772025372.647370,21220,6,1
3,OrderStatus,1772025372.649858,9021,15,1
2,Payment,1772025372.650186,12342,14,1
2,Payment,1772025372.650394,22918,21,1
1,NewOrder,1772025372.650758,30234,16,1
2,Payment,1772025372.651096,17502,13,1
2,Payment,1772025372.651328,29560,3,1
1,NewOrder,1772025372.652789,44327,9,1
1,NewOrder,1772025372.654503,12264,23,1
5,StockLevel,1772025372.654872,6010,10,1
4,Delivery,1772025372.655366,37544,4,1
2,Payment,1772025372.655414,32476,2,1
1,NewOrder,1772025372.656363,20095,18,1
2,Payment,1772025372.656555,16800,17,1
2,Payment,1772025372.658056,15968,8,1
3,OrderStatus,1772025372.658885,8174,15,1
2,Payment,1772025372.659163,8577,20,1
2,Payment,1772025372.660120,17008,7,1
1,NewOrder,1772025372.660863,10325,0,1
2,Payment,1772025372.660891,18602,10,1
3,OrderStatus,1772025372.662535,6935,14,1
1,NewOrder,1772025372.665404,32935,19,1
2,Payment,1772025372.666693,13689,12,1
1,NewOrder,1772025372.666777,8751,23,1
2,Payment,1772025372.667069,21122,15,1
1,NewOrder,1772025372.667362,25532,1,1
4,Delivery,1772025372.667750,7595,20,1
1,NewOrder,1772025372.668191,15115,11,1
2,Payment,1772025372.668599,19468,6,1
2,Payment,1772025372.668609,25744,13,1
1,NewOrder,1772025372.669480,20802,14,1
4,Delivery,1772025372.671200,22056,0,1
1,NewOrder,1772025372.672943,20260,5,1
1,NewOrder,1772025372.673320,19853,21,1
2,Payment,1772025372.673366,28236,17,1
2,Payment,1772025372.674035,18445,8,1
1,NewOrder,1772025372.675049,12023,22,1
1,NewOrder,1772025372.675353,10956,20,1
1,NewOrder,1772025372.675534,12014,23,1
2,Payment,1772025372.676464,7687,18,1
2,Payment,1772025372.677151,21597,7,1
5,StockLevel,1772025372.679503,6771,10,1
4,Delivery,1772025372.680399,16008,12,1
2,Payment,1772025372.680897,14833,3,1
1,NewOrder,1772025372.681005,27903,16,1
1,NewOrder,1772025372.683314,23654,11,1
1,NewOrder,1772025372.684161,13621,18,1
2,Payment,1772025372.686284,16931,10,1
1,NewOrder,1772025372.686316,28544,20,1
1,NewOrder,1772025372.687079,17383,22,1
1,NewOrder,1772025372.687556,35154,23,1
1,NewOrder,1772025372.687896,48057,2,1
2,Payment,1772025372.688078,19911,6,1
2,Payment,1772025372.688196,27784,15,1
2,Payment,1772025372.690290,37971,14,1
2,Payment,1772025372.692490,24026,8,1
1,NewOrder,1772025372.692905,15482,1,1
2,Payment,1772025372.692923,31119,4,1
2,Payment,1772025372.693184,4573,21,1
1,NewOrder,1772025372.693214,17032,5,1
1,NewOrder,1772025372.693265,21222,0,1
2,Payment,1772025372.694361,60981,13,1
2,Payment,1772025372.695739,33979,3,1
1,NewOrder,1772025372.696414,15850,12,1
1,NewOrder,1772025372.697125,13092,9,1
2,Payment,1772025372.697768,6967,21,1
5,StockLevel,1772025372.697791,12033,18,1
1,NewOrder,1772025372.698351,11508,19,1
1,NewOrder,1772025372.698755,28136,7,1
1,NewOrder,1772025372.701610,45324,17,1
1,NewOrder,1772025372.703224,43045,10,1
2,Payment,1772025372.704474,10365,22,1
1,NewOrder,1772025372.704747,39269,21,1
2,Payment,1772025372.706979,18921,11,1
5,StockLevel,1772025372.707998,19002,6,1
5,StockLevel,1772025372.708399,48736,1,1
2,Payment,1772025372.708915,34783,16,1
1,NewOrder,1772025372.709831,10175,18,1
1,NewOrder,1772025372.709869,7354,19,1
1,NewOrder,1772025372.710223,10882,9,1
2,Payment,1772025372.710257,22357,5,1
1,NewOrder,1772025372.712275,12118,12,1
1,NewOrder,1772025372.714498,29362,0,1
1,NewOrder,1772025372.714847,22808,22,1
2,Payment,1772025372.714867,9267,20,1
1,NewOrder,1772025372.715989,45683,15,1
1,NewOrder,1772025372.716522,26588,8,1
4,Delivery,1772025372.717230,11909,19,1
1,NewOrder,1772025372.720013,13694,18,1
1,NewOrder,1772025372.721110,9405,9,1
2,Payment,1772025372.722721,14361,23,1
1,NewOrder,1772025372.724048,47735,4,1
1,NewOrder,1772025372.724142,39228,20,1
1,NewOrder,1772025372.724402,11105,12,1
1,NewOrder,1772025372.725914,21860,11,1
1,NewOrder,1772025372.726900,28466,7,1
2,Payment,1772025372.727012,10678,6,1
2,Payment,1772025372.728268,33477,14,1
1,NewOrder,1772025372.729150,12128,19,1
1,NewOrder,1772025372.729725,17148,3,1
2,Payment,1772025372.730524,9819,9,1
2,Payment,1772025372.732622,3666,5,1
5,StockLevel,1772025372.733718,6710,18,1
2,Payment,1772025372.735513,30024,12,1
1,NewOrder,1772025372.735961,12980,2,1
3,OrderStatus,1772025372.736299,2381,5,1
4,Delivery,1772025372.737088,110875,23,1
5,StockLevel,1772025372.737662,15985,22,1
1,NewOrder,1772025372.737698,20870,6,1
1,NewOrder,1772025372.738687,16284,5,1
2,Payment,1772025372.740354,4692,9,1
1,NewOrder,1772025372.740435,25512,18,1
5,StockLevel,1772025372.741287,8531,19,1
1,NewOrder,1772025372.743120,25885,8,1
2,Payment,1772025372.743711,30920,16,1
1,NewOrder,1772025372.743870,12346,0,1
1,NewOrder,1772025372.744025,29924,21,1
5,StockLevel,1772025372.745055,6320,9,1
1,NewOrder,1772025372.746282,32143,10,1
2,Payment,1772025372.746882,2597,3,1
2,Payment,1772025372.746941,39334,17,1
1,NewOrder,1772025372.747783,26190,11,1
1,NewOrder,1772025372.748947,10742,2,1
2,Payment,1772025372.749488,3660,3,1
2,Payment,1772025372.749823,3649,19,1
1,NewOrder,1772025372.751386,26085,9,1
2,Payment,1772025372.753157,4800,3,1
1,NewOrder,1772025372.753479,22530,19,1
1,NewOrder,1772025372.753652,18111,22,1
2,Payment,1772025372.754982,6282,5,1
1,NewOrder,1772025372.755353,30437,13,1
2,Payment,1772025372.755374,12709,7,1
1,NewOrder,1772025372.756226,25619,0,1
1,NewOrder,1772025372.757146,16138,1,1
2,Payment,1772025372.757965,8980,3,1
2,Payment,1772025372.758580,19768,6,1
2,Payment,1772025372.759701,12785,2,1
2,Payment,1772025372.761273,15090,5,1
2,Payment,1772025372.761683,34729,15,1
1,NewOrder,1772025372.761754,19564,14,1
2,Payment,1772025372.763381,7874,20,1
2,Payment,1772025372.765546,36419,12,1
2,Payment,1772025372.765956,9101,18,1
5,StockLevel,1772025372.766950,13664,3,1
3,OrderStatus,1772025372.768088,13371,7,1
2,Payment,1772025372.769023,14048,8,1
1,NewOrder,1772025372.771266,21079,20,1
2,Payment,1772025372.771773,12888,22,1
1,NewOrder,1772025372.771795,13544,4,1
2,Payment,1772025372.772498,7733,2,1
2,Payment,1772025372.773292,13641,1,1
1,NewOrder,1772025372.773960,25960,21,1
1,NewOrder,1772025372.773982,23236,11,1
2,Payment,1772025372.774642,36230,16,1
1,NewOrder,1772025372.775065,13633,18,1
1,NewOrder,1772025372.776016,11410,19,1
1,NewOrder,1772025372.776370,27454,5,1
2,Payment,1772025372.777482,8730,9,1
2,Payment,1772025372.778355,25506,6,1
2,Payment,1772025372.778436,11848,10,1
2,Payment,1772025372.780238,10491,2,1
2,Payment,1772025372.780623,14168,3,1
1,NewOrder,1772025372.781324,28639,14,1
1,NewOrder,1772025372.781466,32996,7,1
3,OrderStatus,1772025372.781857,5803,0,1
1,NewOrder,1772025372.783085,20020,8,1
2,Payment,1772025372.784675,9647,22,1
1,NewOrder,1772025372.785350,15019,4,1
2,Payment,1772025372.785801,36627,13,1
1,NewOrder,1772025372.786219,24495,9,1
1,NewOrder,1772025372.786287,22825,17,1
1,NewOrder,1772025372.786954,23107,1,1
1,NewOrder,1772025372.787439,23794,19,1
1,NewOrder,1772025372.787670,16656,0,1
2,Payment,1772025372.788707,10052,18,1
3,OrderStatus,1772025372.790292,7462,10,1
2,Payment,1772025372.790738,12402,2,1
1,NewOrder,1772025372.792357,17676,20,1
2,Payment,1772025372.794332,14973,22,1
1,NewOrder,1772025372.794798,17954,3,1
1,NewOrder,1772025372.796422,20840,15,1
1,NewOrder,1772025372.797226,34334,11,1
1,NewOrder,1772025372.797761,20774,10,1
1,NewOrder,1772025372.798767,20152,18,1
2,Payment,1772025372.799927,16009,21,1
1,NewOrder,1772025372.800376,22522,4,1
1,NewOrder,1772025372.801974,33935,12,1
2,Payment,1772025372.803115,5020,8,1
2,Payment,1772025372.803150,6269,2,1
2,Payment,1772025372.803830,19161,5,1
2,Payment,1772025372.803873,22393,6,1
2,Payment,1772025372.804333,27975,0,1
2,Payment,1772025372.808142,23993,8,1
2,Payment,1772025372.809117,26766,17,1
2,Payment,1772025372.809310,19609,22,1
1,NewOrder,1772025372.809428,30499,2,1
3,OrderStatus,1772025372.809972,4218,14,1
1,NewOrder,1772025372.810038,25514,20,1
1,NewOrder,1772025372.810072,28207,1,1
1,NewOrder,1772025372.810725,8169,9,1
1,NewOrder,1772025372.810882,37490,16,1
2,Payment,1772025372.811239,20984,19,1
2,Payment,1772025372.812759,13939,3,1
1,NewOrder,1772025372.814199,8668,14,1
5,StockLevel,1772025372.814467,43835,7,1
1,NewOrder,1772025372.815948,34601,21,1
1,NewOrder,1772025372.817269,5621,15,1
3,OrderStatus,1772025372.818543,9527,10,1
1,NewOrder,1772025372.818903,4924,9,1
2,Payment,1772025372.818927,17022,18,1
1,NewOrder,1772025372.822439,33768,13,1
2,Payment,1772025372.822883,23179,14,1
2,Payment,1772025372.822902,18899,15,1
1,NewOrder,1772025372.822910,18461,4,1
1,NewOrder,1772025372.823003,13594,5,1
2,Payment,1772025372.823833,12093,9,1
1,NewOrder,1772025372.826276,32738,6,1
1,NewOrder,1772025372.826707,12643,3,1
1,NewOrder,1772025372.828079,31827,10,1
1,NewOrder,1772025372.828929,22748,22,1
5,StockLevel,1772025372.831569,16919,11,1
2,Payment,1772025372.832146,8568,8,1
4,Delivery,1772025372.832231,16097,19,1
2,Payment,1772025372.832316,4249,0,1
1,NewOrder,1772025372.835561,20613,20,1
4,Delivery,1772025372.835894,59956,17,1
1,NewOrder,1772025372.835917,23428,12,1
2,Payment,1772025372.835937,7654,9,1
4,Delivery,1772025372.835955,12432,18,1
1,NewOrder,1772025372.836576,41583,0,1
2,Payment,1772025372.836609,12001,5,1
1,NewOrder,1772025372.838286,25668,1,1
1,NewOrder,1772025372.839360,27370,3,1
1,NewOrder,1772025372.839935,27568,2,1
2,Payment,1772025372.840725,14667,8,1
1,NewOrder,1772025372.841383,33638,4,1
1,NewOrder,1772025372.841808,22171,15,1
5,StockLevel,1772025372.843602,15639,9,1
1,NewOrder,1772025372.846067,24307,14,1
2,Payment,1772025372.847971,25349,23,1
1,NewOrder,1772025372.848337,20580,19,1
2,Payment,1772025372.848386,15173,16,1
1,NewOrder,1772025372.848394,29740,18,1
1,NewOrder,1772025372.848493,22817,11,1
2,Payment,1772025372.848617,16687,5,1
1,NewOrder,1772025372.850561,38903,21,1
1,NewOrder,1772025372.851685,19648,22,1
1,NewOrder,1772025372.855401,53538,8,1
4,Delivery,1772025372.856184,43910,20,1
2,Payment,1772025372.856217,16310,13,1
1,NewOrder,1772025372.858311,19885,7,1
1,NewOrder,1772025372.859025,12739,6,1
2,Payment,1772025372.859252,8184,9,1
1,NewOrder,1772025372.859356,18321,12,1
2,Payment,1772025372.859915,12183,10,1
1,NewOrder,1772025372.863570,30476,16,1
1,NewOrder,1772025372.863962,30419,1,1
2,Payment,1772025372.863989,18503,15,1
1,NewOrder,1772025372.865313,23443,5,1
2,Payment,1772025372.866739,7887,3,1
1,NewOrder,1772025372.867459,36931,9,1
1,NewOrder,1772025372.867515,17166,2,1
1,NewOrder,1772025372.868924,25053,19,1
2,Payment,1772025372.870381,33450,14,1
2,Payment,1772025372.871320,8978,11,1
1,NewOrder,1772025372.871339,34085,22,1
1,NewOrder,1772025372.871772,27955,6,1
3,OrderStatus,1772025372.872105,5034,10,1
4,Delivery,1772025372.872535,23691,13,1
1,NewOrder,1772025372.873329,25598,23,1
1,NewOrder,1772025372.874633,15597,3,1
1,NewOrder,1772025372.875032,19321,4,1
2,Payment,1772025372.877148,7131,10,1
1,NewOrder,1772025372.877684,37014,12,1
4,Delivery,1772025372.878142,22269,18,1
1,NewOrder,1772025372.878166,47482,0,1
5,StockLevel,1772025372.878202,14446,7,1
1,NewOrder,1772025372.880310,18128,11,1
5,StockLevel,1772025372.882499,43128,15,1
4,Delivery,1772025372.884288,56926,10,1
2,Payment,1772025372.884693,8783,2,1
2,Payment,1772025372.888768,22543,5,1
1,NewOrder,1772025372.889475,10642,21,1
1,NewOrder,1772025372.890240,10855,3,1
1,NewOrder,1772025372.892657,40450,7,1
1,NewOrder,1772025372.893488,31696,2,1
1,NewOrder,1772025372.893987,18018,19,1
2,Payment,1772025372.894054,15433,16,1
5,StockLevel,1772025372.894361,32864,4,1
2,Payment,1772025372.894389,24304,1,1
4,Delivery,1772025372.895856,15418,17,1
5,StockLevel,1772025372.896235,29172,13,1
4,Delivery,1772025372.898444,43158,11,1
3,OrderStatus,1772025372.898933,16766,23,1
2,Payment,1772025372.899737,11429,6,1
1,NewOrder,1772025372.900102,22649,20,1
2,Payment,1772025372.900125,9926,21,1
2,Payment,1772025372.900417,15169,18,1
5,StockLevel,1772025372.901101,1543,3,1
1,NewOrder,1772025372.902650,3127,3,1
2,Payment,1772025372.903837,12145,14,1
1,NewOrder,1772025372.904401,20677,9,1
2,Payment,1772025372.905435,16125,22,1
1,NewOrder,1772025372.905784,5849,3,1
2,Payment,1772025372.908947,6998,8,1
1,NewOrder,1772025372.909498,20942,16,1
1,NewOrder,1772025372.910059,23267,21,1
1,NewOrder,1772025372.911174,16417,6,1
1,NewOrder,1772025372.911293,10872,17,1
2,Payment,1772025372.911323,11630,5,1
1,NewOrder,1772025372.911642,10496,3,1
1,NewOrder,1772025372.912011,12561,19,1
2,Payment,1772025372.914708,8965,12,1
1,NewOrder,1772025372.915595,16960,18,1
1,NewOrder,1772025372.915706,18027,23,1
1,NewOrder,1772025372.915952,13649,8,1
1,NewOrder,1772025372.915992,19184,14,1
2,Payment,1772025372.918699,12138,1,1
2,Payment,1772025372.921570,5987,22,1
2,Payment,1772025372.922147,21256,3,1
2,Payment,1772025372.922170,4470,17,1
2,Payment,1772025372.922757,10873,20,1
1,NewOrder,1772025372.922964,15704,5,1
2,Payment,1772025372.923683,5966,12,1
2,Payment,1772025372.924579,16073,19,1
2,Payment,1772025372.925085,4146,9,1
2,Payment,1772025372.925195,9791,2,1
2,Payment,1772025372.925414,9618,13,1
2,Payment,1772025372.925636,24433,15,1
1,NewOrder,1772025372.925655,22987,0,1
1,NewOrder,1772025372.926648,9735,17,1
3,OrderStatus,1772025372.927234,9127,4,1
1,NewOrder,1772025372.927565,22518,22,1
1,NewOrder,1772025372.927603,30297,6,1
1,NewOrder,1772025372.929238,20048,9,1
1,NewOrder,1772025372.929608,25066,8,1
5,StockLevel,1772025372.929665,12704,12,1
2,Payment,1772025372.930449,7573,16,1
2,Payment,1772025372.930843,23492,1,1
2,Payment,1772025372.932563,11874,18,1
1,NewOrder,1772025372.933114,19649,7,1
2,Payment,1772025372.933331,21466,21,1
2,Payment,1772025372.933636,25399,20,1
2,Payment,1772025372.933737,15943,23,1
1,NewOrder,1772025372.934997,27620,2,1
1,NewOrder,1772025372.935043,53068,13,1
1,NewOrder,1772025372.935187,37976,14,1
3,OrderStatus,1772025372.936370,3816,4,1
1,NewOrder,1772025372.936390,18307,17,1
1,NewOrder,1772025372.938032,21399,16,1
1,NewOrder,1772025372.938677,18906,5,1
2,Payment,1772025372.940194,21687,4,1
2,Payment,1772025372.940659,28298,19,1
1,NewOrder,1772025372.941225,22096,10,1
1,NewOrder,1772025372.941610,31029,11,1
1,NewOrder,1772025372.942375,15573,12,1
1,NewOrder,1772025372.943409,36761,3,1
1,NewOrder,1772025372.944448,25138,18,1
2,Payment,1772025372.948650,16861,0,1
1,NewOrder,1772025372.949295,26931,9,1
1,NewOrder,1772025372.949686,18557,23,1
2,Payment,1772025372.950083,8224,15,1
1,NewOrder,1772025372.950089,24798,22,1
1,NewOrder,1772025372.952773,21472,7,1
1,NewOrder,1772025372.954341,32514,1,1
1,NewOrder,1772025372.954679,24142,8,1
1,NewOrder,1772025372.954704,29726,17,1
2,Payment,1772025372.954805,18237,21,1
1,NewOrder,1772025372.957593,19205,5,1
1,NewOrder,1772025372.957911,33069,6,1
4,Delivery,1772025372.957953,15174,12,1
5,StockLevel,1772025372.958318,25727,15,1
2,Payment,1772025372.959042,22988,20,1
2,Payment,1772025372.959439,4864,16,1
2,Payment,1772025372.961890,11339,4,1
1,NewOrder,1772025372.962627,24211,2,1
2,Payment,1772025372.963340,6220,10,1
2,Payment,1772025372.964313,8721,16,1
1,NewOrder,1772025372.965519,20946,0,1
1,NewOrder,1772025372.968250,14528,23,1
2,Payment,1772025372.968966,19538,19,1
2,Payment,1772025372.969565,5970,10,1
3,OrderStatus,1772025372.969593,7474,18,1
2,Payment,1772025372.972651,11014,11,1
1,NewOrder,1772025372.973039,31269,16,1
1,NewOrder,1772025372.973049,30443,21,1
2,Payment,1772025372.973138,7684,12,1
2,Payment,1772025372.973186,15346,14,1
1,NewOrder,1772025372.973238,13644,4,1
5,StockLevel,1772025372.974253,10651,7,1
3,OrderStatus,1772025372.974896,6297,22,1
1,NewOrder,1772025372.975541,29826,10,1
5,StockLevel,1772025372.976234,11534,9,1
1,NewOrder,1772025372.976803,28545,5,1
1,NewOrder,1772025372.977077,21069,18,1
1,NewOrder,1772025372.978827,29399,8,1
1,NewOrder,1772025372.980175,30724,3,1
1,NewOrder,1772025372.980833,12044,12,1
2,Payment,1772025372.981205,12401,22,1
1,NewOrder,1772025372.982042,20079,20,1
2,Payment,1772025372.982784,17793,23,1
5,StockLevel,1772025372.983673,24291,11,1
2,Payment,1772025372.984051,25775,15,1
2,Payment,1772025372.984441,15330,17,1
1,NewOrder,1772025372.984910,23852,7,1
1,NewOrder,1772025372.986470,18186,0,1
2,Payment,1772025372.986849,15291,2,1
1,NewOrder,1772025372.986867,44577,1,1
1,NewOrder,1772025372.986893,16291,4,1
2,Payment,1772025372.987778,5431,9,1
1,NewOrder,1772025372.988122,24684,13,1
1,NewOrder,1772025372.988513,35662,19,1
1,NewOrder,1772025372.988541,30026,14,1
1,NewOrder,1772025372.990988,24212,6,1
1,NewOrder,1772025372.992883,26076,12,1
1,NewOrder,1772025372.993224,27563,9,1
5,StockLevel,1772025372.993611,23678,22,1
2,Payment,1772025372.998155,6534,18,1
1,NewOrder,1772025372.999782,43567,17,1
2,Payment,1772025373.000585,10779,23,1
3,OrderStatus,1772025373.002130,8486,20,1
2,Payment,1772025373.002152,14243,2,1
2,Payment,1772025373.003193,18769,4,1
3,OrderStatus,1772025373.003501,7965,21,1
2,Payment,1772025373.004319,8913,16,1
1,NewOrder,1772025373.004663,15681,0,1
2,Payment,1772025373.004696,11129,18,1
5,StockLevel,1772025373.005357,17475,5,1
1,NewOrder,1772025373.005376,26979,10,1
1,NewOrder,1772025373.007972,20249,11,1
1,NewOrder,1772025373.008236,16555,8,1
1,NewOrder,1772025373.008769,19868,7,1
1,NewOrder,1772025373.009834,42776,15,1
1,NewOrder,1772025373.010623,17205,20,1
4,Delivery,1772025373.010908,40875,3,1
2,Payment,1772025373.011370,9445,23,1
2,Payment,1772025373.011470,16847,21,1
2,Payment,1772025373.012818,6265,13,1
2,Payment,1772025373.013240,10001,16,1
2,Payment,1772025373.015207,6788,6,1
2,Payment,1772025373.015834,20276,18,1
1,NewOrder,1772025373.016404,30485,2,1
2,Payment,1772025373.017297,27643,22,1
2,Payment,1772025373.018579,9804,14,1
2,Payment,1772025373.018969,18624,12,1
1,NewOrder,1772025373.019095,17423,13,1
2,Payment,1772025373.020353,6010,0,1
2,Payment,1772025373.020799,4703,9,1
2,Payment,1772025373.020826,33138,23,1
2,Payment,1772025373.021967,9925,4,1
1,NewOrder,1772025373.022003,35799,6,1
2,Payment,1772025373.022842,20478,5,1
2,Payment,1772025373.023252,9135,16,1
1,NewOrder,1772025373.024182,27298,19,1
4,Delivery,1772025373.024801,36325,8,1
1,NewOrder,1772025373.025510,14687,9,1
2,Payment,1772025373.026372,8803,0,1
1,NewOrder,1772025373.027836,11179,20,1
2,Payment,1772025373.028231,5806,11,1
1,NewOrder,1772025373.028329,25987,21,1
2,Payment,1772025373.028390,14830,14,1
2,Payment,1772025373.028645,14155,7,1
1,NewOrder,1772025373.031451,37351,1,1
1,NewOrder,1772025373.031903,16853,4,1
1,NewOrder,1772025373.032366,19018,10,1
4,Delivery,1772025373.032395,47936,16,1
2,Payment,1772025373.034048,16926,11,1
1,NewOrder,1772025373.035185,29171,0,1
1,NewOrder,1772025373.036120,23662,18,1
2,Payment,1772025373.036526,14922,13,1
2,Payment,1772025373.037604,23972,12,1
2,Payment,1772025373.039023,8315,20,1
2,Payment,1772025373.040209,16059,9,1
1,NewOrder,1772025373.042812,24272,7,1
1,NewOrder,1772025373.043230,22952,14,1
4,Delivery,1772025373.043324,8744,5,1
1,NewOrder,1772025373.043358,26034,17,1
3,OrderStatus,1772025373.044953,10583,22,1
1,NewOrder,1772025373.046899,27476,2,1
2,Payment,1772025373.047347,11855,20,1
1,NewOrder,1772025373.048764,15257,4,1
1,NewOrder,1772025373.050984,23776,11,1
2,Payment,1772025373.051393,10162,10,1
1,NewOrder,1772025373.051468,51521,13,1
1,NewOrder,1772025373.051492,50358,19,1
2,Payment,1772025373.051789,5656,3,1
2,Payment,1772025373.052076,16776,5,1
1,NewOrder,1772025373.052625,14925,15,1
2,Payment,1772025373.053971,13869,23,1
1,NewOrder,1772025373.054323,46210,21,1
1,NewOrder,1772025373.055551,12853,22,1
1,NewOrder,1772025373.056276,39308,9,1
1,NewOrder,1772025373.057455,41378,3,1
1,NewOrder,1772025373.057814,40707,6,1
2,Payment,1772025373.059212,19450,20,1
2,Payment,1772025373.059791,26140,18,1
1,NewOrder,1772025373.061133,37324,8,1
2,Payment,1772025373.061566,7248,10,1
1,NewOrder,1772025373.061582,36494,12,1
2,Payment,1772025373.064032,21198,4,1
2,Payment,1772025373.064367,28120,0,1
2,Payment,1772025373.066198,3826,14,1
1,NewOrder,1772025373.067092,11847,7,1
2,Payment,1772025373.067558,7242,15,1
1,NewOrder,1772025373.067850,30160,23,1
1,NewOrder,1772025373.068412,10578,22,1
1,NewOrder,1772025373.068811,10152,1,1
2,Payment,1772025373.068823,7300,10,1
1,NewOrder,1772025373.068862,34146,5,1
2,Payment,1772025373.069399,19973,17,1
5,StockLevel,1772025373.070032,6240,14,1
1,NewOrder,1772025373.074385,24479,2,1
1,NewOrder,1772025373.074769,12148,11,1
2,Payment,1772025373.074807,19109,15,1
1,NewOrder,1772025373.076130,26830,10,1
2,Payment,1772025373.076279,21833,14,1
5,StockLevel,1772025373.078673,21619,20,1
1,NewOrder,1772025373.078944,6952,7,1
5,StockLevel,1772025373.078972,2915,1,1
2,Payment,1772025373.079000,9946,22,1
2,Payment,1772025373.080341,28049,16,1
1,NewOrder,1772025373.081894,11319,1,1
2,Payment,1772025373.085239,13568,4,1
4,Delivery,1772025373.085902,11631,7,1
1,NewOrder,1772025373.085942,29955,18,1
1,NewOrder,1772025373.086928,15613,11,1
2,Payment,1772025373.088956,3913,22,1
1,NewOrder,1772025373.089381,21477,17,1
2,Payment,1772025373.092498,18962,0,1
2,Payment,1772025373.092878,7019,22,1
1,NewOrder,1772025373.093222,20276,1,1
4,Delivery,1772025373.093925,44256,15,1
2,Payment,1772025373.095593,4656,9,1
2,Payment,1772025373.097541,12418,7,1
2,Payment,1772025373.098019,14308,23,1
2,Payment,1772025373.098082,19764,12,1
1,NewOrder,1772025373.098121,35447,14,1
1,NewOrder,1772025373.098464,29659,8,1
2,Payment,1772025373.098525,20412,6,1
2,Payment,1772025373.098814,19379,4,1
1,NewOrder,1772025373.098838,10040,3,1
1,NewOrder,1772025373.098874,36731,2,1
2,Payment,1772025373.099902,8862,22,1
2,Payment,1772025373.100255,24743,9,1
1,NewOrder,1772025373.100297,8551,20,1
5,StockLevel,1772025373.100540,33493,21,1
2,Payment,1772025373.101858,14518,19,1
1,NewOrder,1772025373.102551,27219,11,1
1,NewOrder,1772025373.102976,5855,10,1
2,Payment,1772025373.102997,22042,13,1
5,StockLevel,1772025373.103015,4751,5,1
1,NewOrder,1772025373.107779,7722,5,1
1,NewOrder,1772025373.108401,26813,16,1
2,Payment,1772025373.108774,10182,22,1
2,Payment,1772025373.108842,21306,10,1
1,NewOrder,1772025373.108860,9298,20,1
1,NewOrder,1772025373.108885,7515,3,1
2,Payment,1772025373.109969,29545,7,1
2,Payment,1772025373.110868,22272,17,1
1,NewOrder,1772025373.111469,27084,0,1
1,NewOrder,1772025373.112333,18198,23,1
5,StockLevel,1772025373.113507,15555,1,1
2,Payment,1772025373.115506,7463,5,1
2,Payment,1772025373.115902,8693,18,1
3,OrderStatus,1772025373.116385,1527,19,1
2,Payment,1772025373.116410,10929,3,1
2,Payment,1772025373.117854,26834,12,1
1,NewOrder,1772025373.117922,12257,19,1
1,NewOrder,1772025373.118165,12040,20,1
1,NewOrder,1772025373.118200,16414,4,1
5,StockLevel,1772025373.118961,12916,6,1
2,Payment,1772025373.118965,11263,22,1
1,NewOrder,1772025373.122980,23965,5,1
1,NewOrder,1772025373.124606,29488,18,1
1,NewOrder,1772025373.125005,28669,9,1
1,NewOrder,1772025373.125050,33001,13,1
2,Payment,1772025373.127346,4842,3,1
1,NewOrder,1772025373.128130,10856,8,1
2,Payment,1772025373.129071,11584,1,1
2,Payment,1772025373.129781,5404,11,1
2,Payment,1772025373.130155,10813,10,1
2,Payment,1772025373.130186,4958,19,1
1,NewOrder,1772025373.130212,18778,20,1
2,Payment,1772025373.130237,10778,22,1
1,NewOrder,1772025373.130537,26378,23,1
2,Payment,1772025373.131888,12156,6,1
2,Payment,1772025373.132196,12155,3,1
1,NewOrder,1772025373.133150,18932,17,1
3,OrderStatus,1772025373.133578,8645,14,1
2,Payment,1772025373.134042,9589,21,1
1,NewOrder,1772025373.134620,20627,4,1
1,NewOrder,1772025373.135152,43104,19,1
2,Payment,1772025373.135192,12368,11,1
1,NewOrder,1772025373.135223,5811,16,1
2,Payment,1772025373.135615,12375,2,1
2,Payment,1772025373.138191,9950,15,1
2,Payment,1772025373.138562,15479,0,1
2,Payment,1772025373.138996,13505,8,1
2,Payment,1772025373.139519,20949,7,1
2,Payment,1772025373.140665,25372,1,1
1,NewOrder,1772025373.140974,27324,10,1
1,NewOrder,1772025373.141029,23296,22,1
1,NewOrder,1772025373.141044,46909,16,1
1,NewOrder,1772025373.142232,20329,14,1
2,Payment,1772025373.143641,4472,21,1
2,Payment,1772025373.144054,20783,6,1
2,Payment,1772025373.144358,26018,3,1
2,Payment,1772025373.144693,11923,12,1
2,Payment,1772025373.146954,29474,5,1
2,Payment,1772025373.147570,23435,11,1
2,Payment,1772025373.147999,34930,2,1
1,NewOrder,1772025373.148120,20971,21,1
1,NewOrder,1772025373.148147,32200,15,1
1,NewOrder,1772025373.148998,17752,20,1
2,Payment,1772025373.152093,21005,17,1
1,NewOrder,1772025373.152510,22482,8,1
1,NewOrder,1772025373.153683,15428,9,1
4,Delivery,1772025373.154048,12717,0,1
1,NewOrder,1772025373.154105,14288,18,1
5,StockLevel,1772025373.155255,8066,4,1
2,Payment,1772025373.156624,22931,12,1
2,Payment,1772025373.156924,14190,23,1
5,StockLevel,1772025373.158057,7606,13,1
1,NewOrder,1772025373.160476,26819,7,1
3,OrderStatus,1772025373.162572,3497,14,1
1,NewOrder,1772025373.163329,11071,4,1
1,NewOrder,1772025373.164334,31138,22,1
2,Payment,1772025373.164849,12054,6,1
3,OrderStatus,1772025373.165674,3260,13,1
2,Payment,1772025373.166048,24658,1,1
2,Payment,1772025373.166079,15112,14,1
1,NewOrder,1772025373.166763,12799,20,1
1,NewOrder,1772025373.166773,16955,0,1
2,Payment,1772025373.168305,13903,10,1
2,Payment,1772025373.168404,4997,18,1
2,Payment,1772025373.168942,15181,13,1
1,NewOrder,1772025373.169099,34542,21,1
1,NewOrder,1772025373.169117,9582,9,1
3,OrderStatus,1772025373.170384,10606,3,1
1,NewOrder,1772025373.171012,30357,11,1
1,NewOrder,1772025373.171119,21529,23,1
1,NewOrder,1772025373.173111,23490,17,1
1,NewOrder,1772025373.173410,15477,18,1
3,OrderStatus,1772025373.174413,4067,4,1
5,StockLevel,1772025373.175002,11214,8,1
1,NewOrder,1772025373.176435,30630,5,1
2,Payment,1772025373.176909,12506,6,1
2,Payment,1772025373.178262,10326,19,1
1,NewOrder,1772025373.178489,13794,4,1
2,Payment,1772025373.178710,43547,9,1
2,Payment,1772025373.179561,9867,12,1
2,Payment,1772025373.179594,13122,20,1
1,NewOrder,1772025373.180358,19805,15,1
5,StockLevel,1772025373.181003,17753,3,1
1,NewOrder,1772025373.181202,8364,14,1
2,Payment,1772025373.182216,12179,10,1
1,NewOrder,1772025373.182941,23305,2,1
1,NewOrder,1772025373.183737,27327,0,1
2,Payment,1772025373.184127,8556,13,1
2,Payment,1772025373.186224,22848,8,1
2,Payment,1772025373.187301,27706,7,1
4,Delivery,1772025373.187964,33503,16,1
2,Payment,1772025373.188593,12360,19,1
1,NewOrder,1772025373.188893,27057,18,1
2,Payment,1772025373.189421,8704,6,1
1,NewOrder,1772025373.189437,32547,12,1
3,OrderStatus,1772025373.189571,3042,14,1
1,NewOrder,1772025373.190713,23641,1,1
2,Payment,1772025373.192291,4667,4,1
2,Payment,1772025373.192622,4362,14,1
1,NewOrder,1772025373.192655,27549,23,1
1,NewOrder,1772025373.192695,17693,13,1
2,Payment,1772025373.192732,12239,20,1
2,Payment,1772025373.194404,35760,10,1
2,Payment,1772025373.195479,16687,22,1
2,Payment,1772025373.196613,16878,17,1
5,StockLevel,1772025373.196974,14956,4,1
1,NewOrder,1772025373.196992,18434,14,1
1,NewOrder,1772025373.198133,21999,6,1
2,Payment,1772025373.198766,6713,3,1
1,NewOrder,1772025373.200175,10918,15,1
1,NewOrder,1772025373.200959,25085,19,1
2,Payment,1772025373.201377,32571,11,1
2,Payment,1772025373.203648,12162,21,1
2,Payment,1772025373.204981,19013,20,1
1,NewOrder,1772025373.205488,17362,3,1
1,NewOrder,1772025373.206251,22740,2,1
1,NewOrder,1772025373.207073,13101,5,1
2,Payment,1772025373.209078,31469,8,1
1,NewOrder,1772025373.210395,9227,13,1
2,Payment,1772025373.211077,9025,0,1
2,Payment,1772025373.211104,7789,15,1
2,Payment,1772025373.211941,10885,4,1
2,Payment,1772025373.212172,18197,22,1
2,Payment,1772025373.213502,16106,17,1
2,Payment,1772025373.214363,15733,1,1
4,Delivery,1772025373.215012,22602,7,1
1,NewOrder,1772025373.215430,8849,14,1
3,OrderStatus,1772025373.215818,6684,21,1
1,NewOrder,1772025373.215964,9142,18,1
2,Payment,1772025373.218909,16767,15,1
4,Delivery,1772025373.219631,2128,13,1
2,Payment,1772025373.220111,11523,0,1
2,Payment,1772025373.220142,26460,6,1
1,NewOrder,1772025373.220180,15937,5,1
1,NewOrder,1772025373.220210,8251,23,1
1,NewOrder,1772025373.221474,23759,16,1
2,Payment,1772025373.221766,18818,13,1
1,NewOrder,1772025373.221991,33925,12,1
4,Delivery,1772025373.222268,15696,9,1
2,Payment,1772025373.222511,13580,21,1
2,Payment,1772025373.222837,12167,4,1
2,Payment,1772025373.222855,15619,3,1
5,StockLevel,1772025373.224008,18774,20,1
1,NewOrder,1772025373.224286,15886,14,1
2,Payment,1772025373.225113,13829,18,1
1,NewOrder,1772025373.226053,6068,19,1
2,Payment,1772025373.228468,14429,23,1
1,NewOrder,1772025373.229002,14448,2,1
5,StockLevel,1772025373.229619,13505,17,1
1,NewOrder,1772025373.230104,25450,1,1
2,Payment,1772025373.230175,20413,10,1
1,NewOrder,1772025373.230375,13099,22,1
1,NewOrder,1772025373.231643,18107,0,1
4,Delivery,1772025373.232130,12184,19,1
1,NewOrder,1772025373.233958,19263,11,1
1,NewOrder,1772025373.235013,18664,4,1
2,Payment,1772025373.235688,14472,15,1
1,NewOrder,1772025373.236097,8707,21,1
2,Payment,1772025373.236124,9464,5,1
2,Payment,1772025373.237621,19317,7,1
2,Payment,1772025373.237973,25056,9,1
2,Payment,1772025373.238483,10867,3,1
2,Payment,1772025373.238950,8720,18,1
2,Payment,1772025373.240181,22491,14,1
1,NewOrder,1772025373.240557,15330,8,1
2,Payment,1772025373.240593,17677,13,1
2,Payment,1772025373.242790,9074,20,1
2,Payment,1772025373.242909,19690,23,1
2,Payment,1772025373.243133,26089,17,1
1,NewOrder,1772025373.243457,10239,2,1
1,NewOrder,1772025373.243480,12801,22,1
1,NewOrder,1772025373.244325,9370,19,1
2,Payment,1772025373.244814,24567,21,1
2,Payment,1772025373.245239,33553,16,1
2,Payment,1772025373.245595,11484,5,1
2,Payment,1772025373.246611,21316,6,1
2,Payment,1772025373.247680,11079,18,1
1,NewOrder,1772025373.249361,22389,3,1
1,NewOrder,1772025373.249759,18545,0,1
1,NewOrder,1772025373.250168,25114,15,1
1,NewOrder,1772025373.250598,27713,10,1
1,NewOrder,1772025373.251875,28212,20,1
3,OrderStatus,1772025373.253229,1991,11,1
2,Payment,1772025373.253690,12630,4,1
2,Payment,1772025373.253702,8285,2,1
1,NewOrder,1772025373.253706,6287,19,1
2,Payment,1772025373.255227,20580,11,1
2,Payment,1772025373.255565,15724,1,1
2,Payment,1772025373.255895,27921,8,1
1,NewOrder,1772025373.255926,5544,12,1
1,NewOrder,1772025373.256288,24992,22,1
1,NewOrder,1772025373.256948,23891,7,1
2,Payment,1772025373.257085,18685,5,1
2,Payment,1772025373.258275,28114,13,1
4,Delivery,1772025373.258769,10090,18,1
1,NewOrder,1772025373.260001,7475,19,1
1,NewOrder,1772025373.261481,28941,12,1
1,NewOrder,1772025373.261997,22553,2,1
1,NewOrder,1772025373.262609,29195,23,1
1,NewOrder,1772025373.262682,17169,14,1
5,StockLevel,1772025373.263035,13045,9,1
2,Payment,1772025373.266328,13306,4,1
2,Payment,1772025373.267481,4786,19,1
1,NewOrder,1772025373.267937,28759,6,1
1,NewOrder,1772025373.268313,32335,0,1
2,Payment,1772025373.268865,9888,18,1
2,Payment,1772025373.269233,22602,17,1
1,NewOrder,1772025373.269391,30567,21,1
1,NewOrder,1772025373.271296,20590,1,1
1,NewOrder,1772025373.271759,12034,3,1
2,Payment,1772025373.272275,10971,19,1
4,Delivery,1772025373.275290,18074,15,1
2,Payment,1772025373.275778,6941,5,1
2,Payment,1772025373.275815,15538,11,1
1,NewOrder,1772025373.276090,34605,9,1
2,Payment,1772025373.278321,17725,10,1
2,Payment,1772025373.278765,11478,18,1
2,Payment,1772025373.278801,17626,16,1
2,Payment,1772025373.279644,10157,4,1
1,NewOrder,1772025373.279860,17587,14,1
2,Payment,1772025373.280094,17754,20,1
1,NewOrder,1772025373.280846,10925,7,1
1,NewOrder,1772025373.281285,10573,22,1
2,Payment,1772025373.282727,12520,5,1
2,Payment,1772025373.283252,24657,19,1
2,Payment,1772025373.283798,13977,3,1
1,NewOrder,1772025373.283827,19639,8,1
1,NewOrder,1772025373.284556,11808,2,1
2,Payment,1772025373.286399,16117,13,1
2,Payment,1772025373.289811,14099,4,1
1,NewOrder,1772025373.290253,17157,18,1
2,Payment,1772025373.290431,21248,12,1
2,Payment,1772025373.291357,8988,11,1
2,Payment,1772025373.291780,12004,7,1
2,Payment,1772025373.291817,31899,23,1
1,NewOrder,1772025373.291846,40257,17,1
2,Payment,1772025373.291869,20480,22,1
1,NewOrder,1772025373.291891,11992,1,1
2,Payment,1772025373.293371,25751,15,1
1,NewOrder,1772025373.295256,16807,5,1
2,Payment,1772025373.296057,18014,10,1
1,NewOrder,1772025373.296372,29925,2,1
1,NewOrder,1772025373.296437,35978,16,1
2,Payment,1772025373.296703,23181,6,1
1,NewOrder,1772025373.297454,15391,14,1
2,Payment,1772025373.297782,10003,3,1
1,NewOrder,1772025373.297853,26875,20,1
2,Payment,1772025373.299969,28830,21,1
1,NewOrder,1772025373.300352,12161,11,1
1,NewOrder,1772025373.300658,13784,0,1
2,Payment,1772025373.302526,25422,13,1
1,NewOrder,1772025373.303476,8532,8,1
1,NewOrder,1772025373.303788,17362,7,1
2,Payment,1772025373.303891,9214,1,1
2,Payment,1772025373.303915,15867,4,1
1,NewOrder,1772025373.307416,7343,18,1
2,Payment,1772025373.307795,21519,3,1
1,NewOrder,1772025373.307918,28664,19,1
1,NewOrder,1772025373.310705,28785,9,1
1,NewOrder,1772025373.311687,27354,12,1
1,NewOrder,1772025373.312012,20736,8,1
1,NewOrder,1772025373.312074,30781,5,1
1,NewOrder,1772025373.312360,4928,22,1
1,NewOrder,1772025373.312520,30352,11,1
1,NewOrder,1772025373.312849,23425,14,1
2,Payment,1772025373.313110,23244,1,1
2,Payment,1772025373.314081,12122,10,1
1,NewOrder,1772025373.314453,5463,0,1
1,NewOrder,1772025373.314766,5959,18,1
2,Payment,1772025373.317297,8581,22,1
1,NewOrder,1772025373.319131,12509,15,1
2,Payment,1772025373.319793,31622,4,1
1,NewOrder,1772025373.319889,22202,6,1
2,Payment,1772025373.319923,22870,0,1
1,NewOrder,1772025373.320729,4673,18,1
2,Payment,1772025373.321161,8186,7,1
2,Payment,1772025373.323725,11926,23,1
1,NewOrder,1772025373.324733,40072,20,1
2,Payment,1772025373.325412,13982,18,1
2,Payment,1772025373.325882,20893,22,1
1,NewOrder,1772025373.326214,17166,10,1
2,Payment,1772025373.326305,29859,2,1
1,NewOrder,1772025373.327956,15284,13,1
2,Payment,1772025373.328808,23299,21,1
1,NewOrder,1772025373.329325,22770,3,1
2,Payment,1772025373.329359,5563,7,1
2,Payment,1772025373.331647,7909,15,1
2,Payment,1772025373.332110,17885,17,1
5,StockLevel,1772025373.332423,24588,16,1
1,NewOrder,1772025373.332757,39131,8,1
2,Payment,1772025373.334932,6093,7,1
2,Payment,1772025373.335656,21608,23,1
2,Payment,1772025373.336283,18219,14,1
1,NewOrder,1772025373.336361,28376,1,1
2,Payment,1772025373.336587,28187,19,1
1,NewOrder,1772025373.339047,5694,12,1
2,Payment,1772025373.339403,29064,18,1
3,OrderStatus,1772025373.339502,11717,9,1
1,NewOrder,1772025373.339561,31617,15,1
1,NewOrder,1772025373.341030,23240,7,1
3,OrderStatus,1772025373.342103,1466,6,1
1,NewOrder,1772025373.342801,35564,0,1
5,StockLevel,1772025373.342865,32157,5,1
2,Payment,1772025373.342883,2851,11,1
2,Payment,1772025373.343249,17380,13,1
1,NewOrder,1772025373.343385,37580,10,1
1,NewOrder,1772025373.343576,7471,6,1
1,NewOrder,1772025373.344747,6692,12,1
2,Payment,1772025373.345742,1690,11,1
2,Payment,1772025373.346784,25286,22,1
2,Payment,1772025373.347438,3609,11,1
1,NewOrder,1772025373.349999,30166,17,1
1,NewOrder,1772025373.351052,13217,11,1
1,NewOrder,1772025373.351059,26806,6,1
2,Payment,1772025373.351229,9928,9,1
1,NewOrder,1772025373.351422,16215,4,1
1,NewOrder,1772025373.351449,12461,12,1
4,Delivery,1772025373.352101,46370,3,1
1,NewOrder,1772025373.352114,33007,21,1
1,NewOrder,1772025373.354509,33119,14,1
1,NewOrder,1772025373.356174,19635,2,1
1,NewOrder,1772025373.357019,25348,16,1
1,NewOrder,1772025373.357277,32090,23,1
1,NewOrder,1772025373.360639,30717,13,1
1,NewOrder,1772025373.361176,27871,9,1
2,Payment,1772025373.363922,4041,12,1
3,OrderStatus,1772025373.364276,3207,11,1
2,Payment,1772025373.364279,7643,7,1
2,Payment,1772025373.364747,7408,1,1
1,NewOrder,1772025373.364783,17592,19,1
2,Payment,1772025373.364810,13125,20,1
2,Payment,1772025373.367492,17656,11,1
1,NewOrder,1772025373.367649,35278,4,1
1,NewOrder,1772025373.367971,12651,12,1
2,Payment,1772025373.368476,18024,18,1
1,NewOrder,1772025373.371184,21621,15,1
1,NewOrder,1772025373.371898,20931,8,1
2,Payment,1772025373.371929,9478,7,1
2,Payment,1772025373.372076,20378,22,1
2,Payment,1772025373.372166,5145,1,1
2,Payment,1772025373.375027,9802,5,1
1,NewOrder,1772025373.375819,24641,2,1
2,Payment,1772025373.377320,15985,1,1
3,OrderStatus,1772025373.377870,5005,6,1
4,Delivery,1772025373.377941,36397,20,1
2,Payment,1772025373.378375,23541,0,1
1,NewOrder,1772025373.380176,12758,17,1
1,NewOrder,1772025373.380630,28687,12,1
3,OrderStatus,1772025373.380971,9893,10,1
1,NewOrder,1772025373.381417,35980,7,1
1,NewOrder,1772025373.382374,10532,16,1
2,Payment,1772025373.382384,16935,19,1
1,NewOrder,1772025373.382886,15956,6,1
2,Payment,1772025373.384839,21262,5,1
2,Payment,1772025373.385128,16864,21,1
1,NewOrder,1772025373.385159,11152,11,1
2,Payment,1772025373.386510,17848,18,1
2,Payment,1772025373.387638,5217,14,1
1,NewOrder,1772025373.389055,6704,9,1
2,Payment,1772025373.389376,19387,23,1
2,Payment,1772025373.390872,10520,10,1
1,NewOrder,1772025373.391367,4036,13,1
2,Payment,1772025373.392461,19749,22,1
1,NewOrder,1772025373.392816,28110,15,1
4,Delivery,1772025373.392838,40950,8,1
1,NewOrder,1772025373.392864,22094,14,1
2,Payment,1772025373.392910,13705,16,1
2,Payment,1772025373.392945,8874,17,1
1,NewOrder,1772025373.393310,10023,1,1
1,NewOrder,1772025373.395410,3085,13,1
4,Delivery,1772025373.395764,38586,9,1
2,Payment,1772025373.396318,7609,11,1
2,Payment,1772025373.398478,14183,3,1
4,Delivery,1772025373.398501,10315,13,1
2,Payment,1772025373.398851,9371,6,1
2,Payment,1772025373.399325,17370,19,1
2,Payment,1772025373.400465,21461,2,1
1,NewOrder,1772025373.401399,26069,10,1
1,NewOrder,1772025373.401829,23804,17,1
2,Payment,1772025373.401922,35903,0,1
2,Payment,1772025373.402000,21988,21,1
2,Payment,1772025373.402936,25546,4,1
2,Payment,1772025373.403341,37724,1,1
5,StockLevel,1772025373.403931,4175,11,1
1,NewOrder,1772025373.404365,13355,18,1
2,Payment,1772025373.406110,26396,5,1
2,Payment,1772025373.406622,6070,16,1
1,NewOrder,1772025373.408112,23669,11,1
3,OrderStatus,1772025373.408233,4297,6,1
3,OrderStatus,1772025373.408769,5105,23,1
2,Payment,1772025373.408822,7413,13,1
1,NewOrder,1772025373.409328,28459,12,1
1,NewOrder,1772025373.412218,15590,22,1
2,Payment,1772025373.412534,7297,6,1
1,NewOrder,1772025373.412668,28421,3,1
1,NewOrder,1772025373.412700,31404,16,1
2,Payment,1772025373.413879,13267,23,1
1,NewOrder,1772025373.414348,24792,20,1
2,Payment,1772025373.414963,4529,14,1
3,OrderStatus,1772025373.416242,6031,13,1
5,StockLevel,1772025373.416704,11074,19,1
1,NewOrder,1772025373.417407,24146,7,1
2,Payment,1772025373.417727,14603,18,1
1,NewOrder,1772025373.419500,16395,14,1
2,Payment,1772025373.419836,6166,6,1
2,Payment,1772025373.420935,3927,15,1
2,Payment,1772025373.421935,25473,2,1
1,NewOrder,1772025373.422283,12297,13,1
2,Payment,1772025373.423997,13386,21,1
2,Payment,1772025373.424869,4254,15,1
1,NewOrder,1772025373.425644,14964,17,1
2,Payment,1772025373.426008,8717,6,1
2,Payment,1772025373.427156,15428,23,1
1,NewOrder,1772025373.427472,16162,10,1
2,Payment,1772025373.427786,18495,19,1
2,Payment,1772025373.427819,23881,22,1
2,Payment,1772025373.428491,25348,4,1
1,NewOrder,1772025373.429129,22002,15,1
2,Payment,1772025373.431788,5971,11,1
2,Payment,1772025373.432339,23372,18,1
1,NewOrder,1772025373.432510,33719,5,1
3,OrderStatus,1772025373.433799,7212,8,1
1,NewOrder,1772025373.434358,7787,9,1
2,Payment,1772025373.434589,8025,13,1
5,StockLevel,1772025373.434736,14942,6,1
1,NewOrder,1772025373.435903,18345,14,1
2,Payment,1772025373.437391,24277,21,1
3,OrderStatus,1772025373.437764,3163,11,1
1,NewOrder,1772025373.437797,37756,12,1
2,Payment,1772025373.437834,23072,0,1
2,Payment,1772025373.439149,29057,20,1
2,Payment,1772025373.440619,8837,17,1
3,OrderStatus,1772025373.440935,4146,11,1
2,Payment,1772025373.441020,3454,8,1
2,Payment,1772025373.441076,39808,1,1
2,Payment,1772025373.441099,26369,3,1
1,NewOrder,1772025373.441559,12659,7,1
1,NewOrder,1772025373.442153,22777,9,1
3,OrderStatus,1772025373.442590,6784,23,1
3,OrderStatus,1772025373.442619,8906,13,1
3,OrderStatus,1772025373.443645,3526,10,1
2,Payment,1772025373.444109,12808,16,1
2,Payment,1772025373.444482,3244,8,1
1,NewOrder,1772025373.445087,17872,11,1
1,NewOrder,1772025373.446288,12766,19,1
1,NewOrder,1772025373.447178,14415,10,1
2,Payment,1772025373.447414,39071,2,1
1,NewOrder,1772025373.447734,13888,8,1
1,NewOrder,1772025373.449384,28502,23,1
1,NewOrder,1772025373.449463,28392,17,1
1,NewOrder,1772025373.449688,25477,6,1
1,NewOrder,1772025373.451139,16287,15,1
3,OrderStatus,1772025373.451536,10020,13,1
2,Payment,1772025373.451708,21548,22,1
1,NewOrder,1772025373.453844,22330,4,1
2,Payment,1772025373.454222,4231,7,1
2,Payment,1772025373.454259,7307,14,1
2,Payment,1772025373.455719,21603,18,1
1,NewOrder,1772025373.456922,20911,16,1
1,NewOrder,1772025373.458463,11871,7,1
5,StockLevel,1772025373.459061,9331,19,1
2,Payment,1772025373.460918,32383,0,1
2,Payment,1772025373.461562,11600,13,1
1,NewOrder,1772025373.461574,18575,14,1
1,NewOrder,1772025373.461605,23260,10,1
1,NewOrder,1772025373.461630,10778,8,1
2,Payment,1772025373.461674,19123,21,1
2,Payment,1772025373.462966,3603,11,1
2,Payment,1772025373.464936,9683,9,1
1,NewOrder,1772025373.466236,11565,5,1
1,NewOrder,1772025373.466574,17257,11,1
3,OrderStatus,1772025373.467436,6842,15,1
1,NewOrder,1772025373.467476,26640,3,1
1,NewOrder,1772025373.468212,21624,20,1
2,Payment,1772025373.468397,18622,19,1
1,NewOrder,1772025373.470341,19551,7,1
2,Payment,1772025373.472417,6412,8,1
2,Payment,1772025373.473182,8110,13,1
2,Payment,1772025373.473267,19857,22,1
3,OrderStatus,1772025373.474286,6740,15,1
2,Payment,1772025373.474626,6796,9,1
1,NewOrder,1772025373.475175,18429,6,1
2,Payment,1772025373.475566,13436,12,1
2,Payment,1772025373.476186,20891,4,1
2,Payment,1772025373.477332,22205,18,1
1,NewOrder,1772025373.477807,20755,5,1
1,NewOrder,1772025373.477839,16619,16,1
2,Payment,1772025373.477865,14714,17,1
2,Payment,1772025373.477892,27664,23,1
1,NewOrder,1772025373.478836,12393,8,1
2,Payment,1772025373.480159,20823,14,1
2,Payment,1772025373.480807,28484,21,1
2,Payment,1772025373.480895,23137,1,1
5,StockLevel,1772025373.481032,9095,15,1
2,Payment,1772025373.481302,30051,13,1
2,Payment,1772025373.481427,3759,9,1
2,Payment,1772025373.483840,6388,11,1
2,Payment,1772025373.484871,15081,10,1
2,Payment,1772025373.485196,8987,9,1
1,NewOrder,1772025373.486490,30785,2,1
1,NewOrder,1772025373.487026,26830,19,1
1,NewOrder,1772025373.489007,34315,12,1
1,NewOrder,1772025373.489846,12920,20,1
2,Payment,1772025373.489901,12909,7,1
1,NewOrder,1772025373.490133,9325,15,1
2,Payment,1772025373.490233,17301,11,1
1,NewOrder,1772025373.491236,11125,8,1
1,NewOrder,1772025373.492590,14448,17,1
1,NewOrder,1772025373.493134,23779,22,1
1,NewOrder,1772025373.493309,22838,0,1
3,OrderStatus,1772025373.493614,2924,6,1
2,Payment,1772025373.494124,18805,3,1
2,Payment,1772025373.494189,17575,9,1
2,Payment,1772025373.494461,22893,16,1
1,NewOrder,1772025373.496548,11813,6,1
1,NewOrder,1772025373.497088,16756,4,1
1,NewOrder,1772025373.498569,22349,5,1
1,NewOrder,1772025373.499468,15304,15,1
1,NewOrder,1772025373.499544,23781,18,1
2,Payment,1772025373.499957,17749,10,1
2,Payment,1772025373.500991,22650,14,1
2,Payment,1772025373.502372,22905,8,1
2,Payment,1772025373.502772,9322,20,1
1,NewOrder,1772025373.502820,8992,7,1
2,Payment,1772025373.504038,13395,1,1
2,Payment,1772025373.505567,13693,23,1
2,Payment,1772025373.507048,26695,17,1
2,Payment,1772025373.507543,15323,11,1
1,NewOrder,1772025373.508369,15727,6,1
2,Payment,1772025373.509298,14396,21,1
1,NewOrder,1772025373.511359,21715,13,1
2,Payment,1772025373.511771,18632,9,1
1,NewOrder,1772025373.511820,26263,7,1
4,Delivery,1772025373.512102,13614,20,1
2,Payment,1772025373.512940,10417,3,1
2,Payment,1772025373.513855,15933,4,1
1,NewOrder,1772025373.513863,22484,19,1
2,Payment,1772025373.514778,5404,15,1
1,NewOrder,1772025373.516155,22490,0,1
1,NewOrder,1772025373.516925,17965,22,1
2,Payment,1772025373.517282,18164,2,1
2,Payment,1772025373.517358,13167,16,1
1,NewOrder,1772025373.517442,23205,1,1
1,NewOrder,1772025373.517714,22186,10,1
1,NewOrder,1772025373.519268,11105,23,1
2,Payment,1772025373.520187,5563,15,1
1,NewOrder,1772025373.520923,24692,5,1
1,NewOrder,1772025373.522872,21776,11,1
2,Payment,1772025373.523328,26058,12,1
2,Payment,1772025373.523336,10834,18,1
1,NewOrder,1772025373.523366,26439,3,1
2,Payment,1772025373.523646,16680,14,1
2,Payment,1772025373.523705,5423,21,1
2,Payment,1772025373.524103,9698,6,1
1,NewOrder,1772025373.525286,11992,8,1
1,NewOrder,1772025373.525725,12017,20,1
2,Payment,1772025373.525756,28613,15,1
2,Payment,1772025373.529139,11156,21,1
2,Payment,1772025373.529795,12817,4,1
2,Payment,1772025373.530382,13575,23,1
1,NewOrder,1772025373.530411,28769,9,1
1,NewOrder,1772025373.530529,26837,16,1
2,Payment,1772025373.533081,32420,13,1
5,StockLevel,1772025373.533749,11413,17,1
1,NewOrder,1772025373.533811,17587,6,1
2,Payment,1772025373.534180,16826,18,1
3,OrderStatus,1772025373.534900,6475,22,1
4,Delivery,1772025373.535456,20484,2,1
1,NewOrder,1772025373.536353,21314,19,1
2,Payment,1772025373.537287,2963,8,1
2,Payment,1772025373.537752,19974,20,1
1,NewOrder,1772025373.538091,21218,7,1
2,Payment,1772025373.538652,7512,0,1
1,NewOrder,1772025373.539907,12278,10,1
4,Delivery,1772025373.540257,31742,8,1
1,NewOrder,1772025373.540308,26834,21,1
1,NewOrder,1772025373.540333,45783,14,1
2,Payment,1772025373.540652,9127,1,1
1,NewOrder,1772025373.541383,20444,22,1
1,NewOrder,1772025373.542620,15078,4,1
2,Payment,1772025373.543966,19261,23,1
1,NewOrder,1772025373.544653,26923,11,1
1,NewOrder,1772025373.545184,22589,17,1
1,NewOrder,1772025373.545623,13585,5,1
1,NewOrder,1772025373.546174,12619,0,1
2,Payment,1772025373.549394,25493,12,1
2,Payment,1772025373.549786,11410,1,1
1,NewOrder,1772025373.549815,50392,3,1
5,StockLevel,1772025373.551014,27988,18,1
4,Delivery,1772025373.551409,20932,6,1
1,NewOrder,1772025373.552192,10290,10,1
2,Payment,1772025373.554378,24008,15,1
1,NewOrder,1772025373.555947,7216,2,1
1,NewOrder,1772025373.557374,46346,16,1
2,Payment,1772025373.557675,14392,19,1
1,NewOrder,1772025373.557711,32973,4,1
2,Payment,1772025373.557732,19545,20,1
2,Payment,1772025373.558800,9679,0,1
1,NewOrder,1772025373.559184,21680,9,1
1,NewOrder,1772025373.559214,7063,5,1
5,StockLevel,1772025373.559319,13775,7,1
1,NewOrder,1772025373.561202,38608,1,1
3,OrderStatus,1772025373.561841,2471,22,1
1,NewOrder,1772025373.562493,13543,10,1
1,NewOrder,1772025373.563170,13723,2,1
2,Payment,1772025373.563232,18154,23,1
1,NewOrder,1772025373.564320,9345,22,1
1,NewOrder,1772025373.565509,25899,13,1
4,Delivery,1772025373.566281,55483,5,1
3,OrderStatus,1772025373.567146,8012,21,1
2,Payment,1772025373.567784,14673,17,1
1,NewOrder,1772025373.568487,29351,0,1
4,Delivery,1772025373.571585,60848,11,1
2,Payment,1772025373.572004,5662,8,1
2,Payment,1772025373.572070,14464,19,1
2,Payment,1772025373.572351,12730,6,1
1,NewOrder,1772025373.573105,28673,7,1
1,NewOrder,1772025373.573670,8418,22,1
2,Payment,1772025373.574896,11925,12,1
1,NewOrder,1772025373.575166,20559,21,1
2,Payment,1772025373.576046,11745,10,1
4,Delivery,1772025373.576905,45166,2,1
1,NewOrder,1772025373.577285,15968,20,1
1,NewOrder,1772025373.577673,19300,8,1
1,NewOrder,1772025373.578392,31551,15,1
2,Payment,1772025373.579009,21263,18,1
1,NewOrder,1772025373.580872,19688,9,1
1,NewOrder,1772025373.581395,14875,23,1
2,Payment,1772025373.582095,26579,22,1
2,Payment,1772025373.582470,12577,17,1
1,NewOrder,1772025373.585092,16336,6,1
1,NewOrder,1772025373.586123,31170,14,1
2,Payment,1772025373.586543,34431,19,1
2,Payment,1772025373.586829,15847,12,1
2,Payment,1772025373.587801,4733,10,1
2,Payment,1772025373.590692,6751,4,1
1,NewOrder,1772025373.591415,35668,13,1
2,Payment,1772025373.592537,6035,10,1
2,Payment,1772025373.593262,31284,20,1
1,NewOrder,1772025373.595057,29078,17,1
2,Payment,1772025373.595732,31572,21,1
1,NewOrder,1772025373.596280,20987,23,1
1,NewOrder,1772025373.596980,19445,8,1
1,NewOrder,1772025373.597448,33666,4,1
2,Payment,1772025373.597844,6944,0,1
3,OrderStatus,1772025373.598581,3227,10,1
2,Payment,1772025373.599816,11617,1,1
1,NewOrder,1772025373.600215,28904,3,1
1,NewOrder,1772025373.600279,42010,18,1
1,NewOrder,1772025373.600570,29006,9,1
1,NewOrder,1772025373.601442,15489,6,1
2,Payment,1772025373.601789,7287,7,1
3,OrderStatus,1772025373.601815,3718,10,1
2,Payment,1772025373.602685,9169,12,1
1,NewOrder,1772025373.603726,20767,16,1
2,Payment,1772025373.604794,12443,0,1
1,NewOrder,1772025373.605540,11385,10,1
2,Payment,1772025373.608685,22920,22,1
1,NewOrder,1772025373.609087,33400,7,1
2,Payment,1772025373.609952,6187,15,1
1,NewOrder,1772025373.611441,13025,1,1
1,NewOrder,1772025373.611862,9580,12,1
1,NewOrder,1772025373.616149,27146,15,1
3,OrderStatus,1772025373.616434,10875,8,1
4,Delivery,1772025373.616934,15828,10,1
2,Payment,1772025373.616943,10006,6,1
2,Payment,1772025373.617245,9297,0,1
2,Payment,1772025373.617278,19927,23,1
1,NewOrder,1772025373.617298,18411,14,1
1,NewOrder,1772025373.620983,10979,19,1
3,OrderStatus,1772025373.621452,6433,12,1
2,Payment,1772025373.621771,6720,5,1
2,Payment,1772025373.622078,9458,2,1
2,Payment,1772025373.624147,8873,17,1
1,NewOrder,1772025373.624476,25345,1,1
2,Payment,1772025373.624501,17610,16,1
2,Payment,1772025373.624556,19874,20,1
2,Payment,1772025373.626549,11227,0,1
1,NewOrder,1772025373.626958,32140,6,1
2,Payment,1772025373.627090,22184,13,1
1,NewOrder,1772025373.627311,12663,21,1
1,NewOrder,1772025373.627319,16701,8,1
2,Payment,1772025373.627894,29051,12,1
2,Payment,1772025373.628498,14016,5,1
2,Payment,1772025373.629127,20210,3,1
1,NewOrder,1772025373.629582,15115,9,1
2,Payment,1772025373.631124,26469,4,1
1,NewOrder,1772025373.631545,12390,2,1
2,Payment,1772025373.631613,17765,22,1
5,StockLevel,1772025373.631967,16669,19,1
1,NewOrder,1772025373.632440,18180,11,1
1,NewOrder,1772025373.632779,16530,10,1
1,NewOrder,1772025373.633046,13922,17,1
1,NewOrder,1772025373.635735,13087,14,1
3,OrderStatus,1772025373.637238,7800,23,1
5,StockLevel,1772025373.637782,19704,0,1
1,NewOrder,1772025373.639980,18330,21,1
1,NewOrder,1772025373.642130,16503,16,1
2,Payment,1772025373.642301,14887,18,1
2,Payment,1772025373.642515,6714,7,1
2,Payment,1772025373.642529,21552,5,1
1,NewOrder,1772025373.643301,19429,15,1
1,NewOrder,1772025373.643960,12631,2,1
1,NewOrder,1772025373.644046,13264,8,1
3,OrderStatus,1772025373.644440,5474,20,1
2,Payment,1772025373.644703,10224,9,1
2,Payment,1772025373.645064,14640,23,1
2,Payment,1772025373.646979,16136,17,1
2,Payment,1772025373.648643,13804,19,1
2,Payment,1772025373.648826,20011,14,1
1,NewOrder,1772025373.649232,19169,7,1
2,Payment,1772025373.649282,25566,13,1
1,NewOrder,1772025373.649321,16965,10,1
1,NewOrder,1772025373.649348,19918,3,1
2,Payment,1772025373.649386,17426,22,1
2,Payment,1772025373.649831,29995,1,1
1,NewOrder,1772025373.649924,8699,20,1
1,NewOrder,1772025373.650630,19511,11,1
1,NewOrder,1772025373.654952,17797,9,1
2,Payment,1772025373.656606,27798,2,1
2,Payment,1772025373.656952,22474,12,1
5,StockLevel,1772025373.657196,16637,18,1
2,Payment,1772025373.657316,7437,8,1
2,Payment,1772025373.657501,9752,0,1
2,Payment,1772025373.657619,15810,4,1
2,Payment,1772025373.658323,12186,21,1
2,Payment,1772025373.658627,15278,20,1
1,NewOrder,1772025373.658638,12000,16,1
1,NewOrder,1772025373.659108,12347,6,1
1,NewOrder,1772025373.659719,31497,23,1
1,NewOrder,1772025373.662458,28730,19,1
1,NewOrder,1772025373.662736,22738,15,1
2,Payment,1772025373.663126,20043,17,1
1,NewOrder,1772025373.664092,12864,5,1
1,NewOrder,1772025373.664779,11217,8,1
2,Payment,1772025373.666297,3320,10,1
2,Payment,1772025373.666822,11568,22,1
2,Payment,1772025373.667265,21793,0,1
2,Payment,1772025373.668412,5913,7,1
2,Payment,1772025373.668844,18075,14,1
1,NewOrder,1772025373.669277,27488,3,1
2,Payment,1772025373.669642,10145,10,1
1,NewOrder,1772025373.670167,9579,11,1
2,Payment,1772025373.670524,11758,21,1
1,NewOrder,1772025373.670649,26074,16,1
2,Payment,1772025373.671460,13684,6,1
2,Payment,1772025373.672757,17656,9,1
2,Payment,1772025373.673455,21398,4,1
2,Payment,1772025373.673838,15583,18,1
2,Payment,1772025373.673913,12568,20,1
2,Payment,1772025373.674336,22044,7,1
1,NewOrder,1772025373.674873,27032,13,1
1,NewOrder,1772025373.676001,11145,8,1
1,NewOrder,1772025373.676963,6736,5,1
1,NewOrder,1772025373.678401,18330,22,1
2,Payment,1772025373.679437,13150,12,1
4,Delivery,1772025373.679753,28827,11,1
2,Payment,1772025373.679794,22917,10,1
2,Payment,1772025373.679831,22484,1,1
1,NewOrder,1772025373.682289,18383,21,1
1,NewOrder,1772025373.683180,19542,17,1
2,Payment,1772025373.683701,23555,5,1
1,NewOrder,1772025373.684414,27249,2,1
1,NewOrder,1772025373.685201,29645,6,1
2,Payment,1772025373.685482,18099,15,1
1,NewOrder,1772025373.686492,15882,20,1
2,Payment,1772025373.686929,22630,14,1
2,Payment,1772025373.687152,19764,8,1
2,Payment,1772025373.689084,22512,0,1
2,Payment,1772025373.689452,3758,18,1
2,Payment,1772025373.690419,21665,9,1
2,Payment,1772025373.691203,7990,19,1
1,NewOrder,1772025373.691227,27200,23,1
1,NewOrder,1772025373.692598,14376,12,1
1,NewOrder,1772025373.693216,17817,18,1
2,Payment,1772025373.694861,21465,4,1
1,NewOrder,1772025373.696386,24570,7,1
2,Payment,1772025373.696747,16806,16,1
2,Payment,1772025373.696755,9658,22,1
2,Payment,1772025373.696792,26635,3,1
2,Payment,1772025373.699209,12497,19,1
2,Payment,1772025373.700687,13820,21,1
2,Payment,1772025373.701909,14923,13,1
5,StockLevel,1772025373.702325,1703,1,1
2,Payment,1772025373.702385,16900,20,1
2,Payment,1772025373.702721,16704,10,1
1,NewOrder,1772025373.702733,22806,17,1
1,NewOrder,1772025373.703591,14264,15,1
1,NewOrder,1772025373.704032,8013,1,1
5,StockLevel,1772025373.706423,11229,22,1
1,NewOrder,1772025373.706926,17844,8,1
2,Payment,1772025373.706984,13470,12,1
2,Payment,1772025373.707267,21967,5,1
5,StockLevel,1772025373.708586,2895,11,1
1,NewOrder,1772025373.709569,15927,14,1
1,NewOrder,1772025373.711043,14802,18,1
1,NewOrder,1772025373.711486,34729,11,1
2,Payment,1772025373.711606,27654,0,1
2,Payment,1772025373.711672,22136,2,1
2,Payment,1772025373.711717,14678,19,1
1,NewOrder,1772025373.712050,11811,1,1
2,Payment,1772025373.712094,13094,9,1
2,Payment,1772025373.713564,12598,16,1
2,Payment,1772025373.714515,14343,21,1
1,NewOrder,1772025373.714857,31439,6,1
1,NewOrder,1772025373.716332,25517,4,1
1,NewOrder,1772025373.716842,9951,13,1
2,Payment,1772025373.717663,22021,22,1
5,StockLevel,1772025373.717863,6821,15,1
2,Payment,1772025373.718435,14597,23,1
2,Payment,1772025373.719293,8399,20,1
2,Payment,1772025373.719430,11897,10,1
1,NewOrder,1772025373.720465,15473,12,1
2,Payment,1772025373.720965,15400,7,1
2,Payment,1772025373.723435,25807,3,1
1,NewOrder,1772025373.723867,23708,1,1
1,NewOrder,1772025373.724694,19134,15,1
2,Payment,1772025373.724775,32638,8,1
2,Payment,1772025373.725199,16688,9,1
1,NewOrder,1772025373.725503,18744,14,1
2,Payment,1772025373.725546,6432,17,1
2,Payment,1772025373.725852,10684,18,1
2,Payment,1772025373.726168,10887,16,1
1,NewOrder,1772025373.726401,19783,19,1
2,Payment,1772025373.726799,14691,13,1
2,Payment,1772025373.727698,18087,20,1
5,StockLevel,1772025373.728863,9567,21,1
5,StockLevel,1772025373.729243,28129,5,1
2,Payment,1772025373.731337,30730,10,1
3,OrderStatus,1772025373.731984,8140,17,1
1,NewOrder,1772025373.733039,24476,23,1
1,NewOrder,1772025373.733816,25752,2,1
1,NewOrder,1772025373.735948,12225,12,1
2,Payment,1772025373.736376,30058,7,1
1,NewOrder,1772025373.736547,31808,18,1
2,Payment,1772025373.737061,20306,16,1
5,StockLevel,1772025373.738435,18996,21,1
1,NewOrder,1772025373.739267,40419,0,1
1,NewOrder,1772025373.739692,26755,22,1
1,NewOrder,1772025373.740133,7753,17,1
1,NewOrder,1772025373.741495,26869,13,1
1,NewOrder,1772025373.741860,26138,4,1
2,Payment,1772025373.741892,31613,9,1
2,Payment,1772025373.743835,22900,15,1
2,Payment,1772025373.744251,18379,14,1
1,NewOrder,1772025373.745792,39048,20,1
1,NewOrder,1772025373.746189,24440,19,1
1,NewOrder,1772025373.746223,18994,11,1
4,Delivery,1772025373.746307,20791,6,1
2,Payment,1772025373.747592,15093,1,1
2,Payment,1772025373.747890,34775,17,1
1,NewOrder,1772025373.748179,20229,12,1
2,Payment,1772025373.749248,16832,3,1
2,Payment,1772025373.757378,15784,16,1
2,Payment,1772025373.757386,14425,5,1
1,NewOrder,1772025373.757423,16083,8,1
2,Payment,1772025373.757439,6656,21,1
1,NewOrder,1772025373.757524,18020,23,1
1,NewOrder,1772025373.759574,21448,2,1
3,OrderStatus,1772025373.762077,3906,10,1
1,NewOrder,1772025373.762634,22859,14,1
2,Payment,1772025373.762688,23412,1,1
1,NewOrder,1772025373.764103,21671,21,1
2,Payment,1772025373.765229,3224,11,1
2,Payment,1772025373.765990,23605,10,1
2,Payment,1772025373.766086,34364,3,1
1,NewOrder,1772025373.766443,41826,7,1
2,Payment,1772025373.766458,12064,22,1
1,NewOrder,1772025373.766740,28962,15,1
2,Payment,1772025373.767103,17842,6,1
1,NewOrder,1772025373.768001,28597,4,1
1,NewOrder,1772025373.768359,30492,18,1
1,NewOrder,1772025373.768373,25177,13,1
1,NewOrder,1772025373.768413,9690,12,1
1,NewOrder,1772025373.768460,10535,11,1
5,StockLevel,1772025373.770638,13988,19,1
2,Payment,1772025373.771816,17742,5,1
1,NewOrder,1772025373.773182,25329,16,1
2,Payment,1772025373.773512,22222,9,1
3,OrderStatus,1772025373.773514,2681,8,1
1,NewOrder,1772025373.775549,6689,23,1
2,Payment,1772025373.776204,23872,8,1
4,Delivery,1772025373.778112,6020,12,1
1,NewOrder,1772025373.778534,15762,22,1
3,OrderStatus,1772025373.779006,2706,11,1
5,StockLevel,1772025373.779693,11796,0,1
2,Payment,1772025373.781028,13927,2,1
1,NewOrder,1772025373.781719,10949,11,1
2,Payment,1772025373.782245,3182,23,1
1,NewOrder,1772025373.782671,30061,17,1
2,Payment,1772025373.784138,5039,12,1
1,NewOrder,1772025373.784632,17457,19,1
2,Payment,1772025373.784850,7446,20,1
1,NewOrder,1772025373.784950,44875,6,1
2,Payment,1772025373.785432,10260,23,1
2,Payment,1772025373.785497,10100,14,1
1,NewOrder,1772025373.785778,37848,21,1
2,Payment,1772025373.786110,29420,1,1
2,Payment,1772025373.789182,10487,12,1
1,NewOrder,1772025373.789565,28309,5,1
1,NewOrder,1772025373.789601,42222,10,1
5,StockLevel,1772025373.791494,9970,0,1
1,NewOrder,1772025373.792305,44309,20,1
2,Payment,1772025373.792679,19619,11,1
1,NewOrder,1772025373.793558,25045,13,1
1,NewOrder,1772025373.794302,38353,22,1
1,NewOrder,1772025373.794960,21009,2,1
1,NewOrder,1772025373.795603,41401,14,1
1,NewOrder,1772025373.795695,36987,23,1
3,OrderStatus,1772025373.795715,3594,15,1
4,Delivery,1772025373.795744,61535,9,1
1,NewOrder,1772025373.796603,14018,4,1
2,Payment,1772025373.798517,4888,16,1
1,NewOrder,1772025373.798861,12167,18,1
2,Payment,1772025373.799317,7274,15,1
1,NewOrder,1772025373.799676,36833,12,1
1,NewOrder,1772025373.800082,40569,8,1
1,NewOrder,1772025373.800458,29343,3,1
2,Payment,1772025373.801470,17911,0,1
2,Payment,1772025373.802094,5091,19,1
2,Payment,1772025373.803423,6348,16,1
1,NewOrder,1772025373.806601,11984,15,1
1,NewOrder,1772025373.807191,8754,19,1
2,Payment,1772025373.808285,15177,7,1
1,NewOrder,1772025373.809787,20611,16,1
2,Payment,1772025373.810627,12923,4,1
1,NewOrder,1772025373.811032,12502,18,1
2,Payment,1772025373.812324,17591,11,1
2,Payment,1772025373.812747,9978,17,1
2,Payment,1772025373.815543,16715,1,1
2,Payment,1772025373.815955,4579,19,1
1,NewOrder,1772025373.815974,10610,2,1
1,NewOrder,1772025373.817899,27955,5,1
2,Payment,1772025373.818611,6859,15,1
1,NewOrder,1772025373.818621,43546,13,1
1,NewOrder,1772025373.819393,17209,0,1
1,NewOrder,1772025373.820540,18332,19,1
1,NewOrder,1772025373.822735,20799,17,1
4,Delivery,1772025373.823481,34109,7,1
2,Payment,1772025373.823570,5259,18,1
1,NewOrder,1772025373.823578,24510,4,1
2,Payment,1772025373.823638,14097,21,1
5,StockLevel,1772025373.825481,13013,15,1
2,Payment,1772025373.826592,9332,2,1
4,Delivery,1772025373.828832,10926,18,1
1,NewOrder,1772025373.829812,18718,3,1
4,Delivery,1772025373.829834,27842,6,1
1,NewOrder,1772025373.829925,37705,11,1
1,NewOrder,1772025373.830409,22900,16,1
5,StockLevel,1772025373.831833,11738,10,1
2,Payment,1772025373.832270,11235,1,1
2,Payment,1772025373.832665,22899,22,1
2,Payment,1772025373.832692,13655,23,1
2,Payment,1772025373.835931,13004,2,1
1,NewOrder,1772025373.836520,12059,12,1
2,Payment,1772025373.836607,17047,0,1
1,NewOrder,1772025373.836624,49778,20,1
2,Payment,1772025373.837009,4925,14,1
1,NewOrder,1772025373.837741,48633,21,1
2,Payment,1772025373.838501,8265,15,1
1,NewOrder,1772025373.838877,30921,19,1
1,NewOrder,1772025373.839765,26691,18,1
2,Payment,1772025373.840662,4167,8,1
1,NewOrder,1772025373.841940,13965,14,1
1,NewOrder,1772025373.843509,40724,1,1
1,NewOrder,1772025373.843545,35879,17,1
1,NewOrder,1772025373.843575,8429,10,1
2,Payment,1772025373.844839,3713,8,1
2,Payment,1772025373.845860,20125,5,1
3,OrderStatus,1772025373.846353,18760,23,1
1,NewOrder,1772025373.846770,23944,15,1
4,Delivery,1772025373.848095,48301,4,1
2,Payment,1772025373.848536,26198,3,1
4,Delivery,1772025373.848559,9070,8,1
1,NewOrder,1772025373.848584,21554,12,1
2,Payment,1772025373.848939,31728,2,1
5,StockLevel,1772025373.852014,3107,10,1
1,NewOrder,1772025373.853320,27313,16,1
1,NewOrder,1772025373.853658,21035,0,1
1,NewOrder,1772025373.855124,11554,10,1
1,NewOrder,1772025373.855571,25376,22,1
1,NewOrder,1772025373.855909,26363,14,1
2,Payment,1772025373.857287,3002,9,1
1,NewOrder,1772025373.857597,9104,7,1
1,NewOrder,1772025373.857636,11784,8,1
1,NewOrder,1772025373.857682,28757,6,1
5,StockLevel,1772025373.860296,5505,9,1
2,Payment,1772025373.862174,12122,13,1
1,NewOrder,1772025373.865134,34479,23,1
1,NewOrder,1772025373.865816,16133,9,1
2,Payment,1772025373.866010,19995,5,1
2,Payment,1772025373.866470,8265,18,1
4,Delivery,1772025373.866686,30638,10,1
1,NewOrder,1772025373.866708,14688,7,1
1,NewOrder,1772025373.867656,25155,11,1
2,Payment,1772025373.869425,8820,8,1
1,NewOrder,1772025373.869808,27544,19,1
1,NewOrder,1772025373.870144,27182,12,1
2,Payment,1772025373.870724,9526,15,1
1,NewOrder,1772025373.874322,33424,13,1
2,Payment,1772025373.874718,16494,0,1
1,NewOrder,1772025373.874772,28829,3,1
3,OrderStatus,1772025373.874774,8376,18,1
1,NewOrder,1772025373.878269,22079,8,1
2,Payment,1772025373.879461,8267,17,1
1,NewOrder,1772025373.880263,22437,15,1
1,NewOrder,1772025373.880644,29823,16,1
2,Payment,1772025373.880675,16302,2,1
1,NewOrder,1772025373.880951,28822,22,1
2,Payment,1772025373.881399,5032,7,1
1,NewOrder,1772025373.881957,24124,9,1
1,NewOrder,1772025373.882283,15148,14,1
2,Payment,1772025373.883160,8884,18,1
1,NewOrder,1772025373.884239,20810,1,1
2,Payment,1772025373.886030,14687,5,1
1,NewOrder,1772025373.886395,34088,21,1
2,Payment,1772025373.886423,16743,20,1
2,Payment,1772025373.886442,10950,7,1
5,StockLevel,1772025373.886451,12757,6,1
1,NewOrder,1772025373.887733,17930,17,1
2,Payment,1772025373.891223,18606,0,1
2,Payment,1772025373.892078,21689,18,1
2,Payment,1772025373.892819,15916,11,1
2,Payment,1772025373.896404,24459,4,1
1,NewOrder,1772025373.896989,17096,2,1
1,NewOrder,1772025373.897337,32561,12,1
2,Payment,1772025373.897349,16179,10,1
1,NewOrder,1772025373.897376,31503,19,1
3,OrderStatus,1772025373.897410,5350,7,1
2,Payment,1772025373.897456,5698,14,1
2,Payment,1772025373.899213,24775,6,1
1,NewOrder,1772025373.899624,12457,23,1
1,NewOrder,1772025373.900375,17689,8,1
2,Payment,1772025373.900721,23608,5,1
4,Delivery,1772025373.902730,39982,15,1
2,Payment,1772025373.902769,25530,7,1
1,NewOrder,1772025373.903164,31085,14,1
1,NewOrder,1772025373.903171,31107,20,1
1,NewOrder,1772025373.903626,31062,3,1
2,Payment,1772025373.905075,25242,1,1
1,NewOrder,1772025373.905690,9989,17,1
1,NewOrder,1772025373.906092,22825,9,1
1,NewOrder,1772025373.907763,9923,13,1
2,Payment,1772025373.908747,25586,11,1
2,Payment,1772025373.909791,12100,22,1
1,NewOrder,1772025373.909855,28060,0,1
1,NewOrder,1772025373.910477,7609,16,1
2,Payment,1772025373.912107,14855,23,1
2,Payment,1772025373.913541,27610,10,1
1,NewOrder,1772025373.913778,20521,18,1
2,Payment,1772025373.914095,20626,2,1
2,Payment,1772025373.915689,2426,17,1
2,Payment,1772025373.917696,3123,13,1
1,NewOrder,1772025373.918089,15635,8,1
1,NewOrder,1772025373.918113,13439,16,1
2,Payment,1772025373.918135,4593,17,1
1,NewOrder,1772025373.920489,21594,21,1
2,Payment,1772025373.920826,4051,13,1
2,Payment,1772025373.920868,18252,4,1
1,NewOrder,1772025373.921901,27232,22,1
1,NewOrder,1772025373.922732,17580,17,1
2,Payment,1772025373.924005,26640,6,1
2,Payment,1772025373.924348,20443,5,1
1,NewOrder,1772025373.924882,12480,13,1
1,NewOrder,1772025373.926973,23978,23,1
2,Payment,1772025373.928308,29058,7,1
1,NewOrder,1772025373.928885,22086,19,1
1,NewOrder,1772025373.928928,17753,9,1
1,NewOrder,1772025373.929922,18604,12,1
2,Payment,1772025373.930343,18610,1,1
1,NewOrder,1772025373.931563,21542,16,1
1,NewOrder,1772025373.933748,25070,8,1
2,Payment,1772025373.934263,12052,14,1
2,Payment,1772025373.934302,10132,20,1
2,Payment,1772025373.934324,4052,18,1
1,NewOrder,1772025373.934348,40362,11,1
2,Payment,1772025373.934703,23752,3,1
2,Payment,1772025373.934727,17649,2,1
1,NewOrder,1772025373.937388,28652,13,1
1,NewOrder,1772025373.937920,14831,0,1
1,NewOrder,1772025373.938380,29656,18,1
1,NewOrder,1772025373.939123,26325,4,1
5,StockLevel,1772025373.940338,16624,17,1
1,NewOrder,1772025373.941196,32405,10,1
5,StockLevel,1772025373.942093,8129,21,1
5,StockLevel,1772025373.942728,7707,15,1
2,Payment,1772025373.944459,6550,20,1
2,Payment,1772025373.944817,19917,5,1
1,NewOrder,1772025373.946340,41498,14,1
2,Payment,1772025373.946692,21490,9,1
1,NewOrder,1772025373.948535,16710,12,1
1,NewOrder,1772025373.948965,20850,1,1
2,Payment,1772025373.949143,10974,22,1
1,NewOrder,1772025373.950249,18212,21,1
1,NewOrder,1772025373.950441,14779,15,1
2,Payment,1772025373.950652,24558,6,1
5,StockLevel,1772025373.950963,21066,23,1
2,Payment,1772025373.950976,16656,19,1
2,Payment,1772025373.951015,21221,20,1
1,NewOrder,1772025373.952393,16692,2,1
1,NewOrder,1772025373.952758,17126,0,1
2,Payment,1772025373.953116,8782,16,1
2,Payment,1772025373.956971,8447,17,1
1,NewOrder,1772025373.957377,30407,7,1
3,OrderStatus,1772025373.958469,9541,3,1
5,StockLevel,1772025373.958824,14560,8,1
1,NewOrder,1772025373.960128,27684,22,1
2,Payment,1772025373.961908,14274,16,1
2,Payment,1772025373.964759,4653,5,1
2,Payment,1772025373.965232,3548,15,1
1,NewOrder,1772025373.965270,9383,12,1
2,Payment,1772025373.965442,14558,17,1
1,NewOrder,1772025373.965473,22344,4,1
1,NewOrder,1772025373.966051,21733,13,1
2,Payment,1772025373.967648,16619,19,1
2,Payment,1772025373.968019,6303,3,1
1,NewOrder,1772025373.968042,17510,18,1
2,Payment,1772025373.968194,10174,9,1
2,Payment,1772025373.968465,12230,21,1
2,Payment,1772025373.968787,14988,15,1
2,Payment,1772025373.969091,11302,2,1
2,Payment,1772025373.969420,8232,5,1
5,StockLevel,1772025373.969824,4394,1,1
1,NewOrder,1772025373.969894,7281,0,1
1,NewOrder,1772025373.972045,18063,23,1
1,NewOrder,1772025373.972248,14782,20,1
2,Payment,1772025373.973394,7397,8,1
2,Payment,1772025373.973614,11605,10,1
2,Payment,1772025373.974230,15513,1,1
2,Payment,1772025373.974347,9950,3,1
2,Payment,1772025373.974656,13769,12,1
2,Payment,1772025373.974716,16727,11,1
4,Delivery,1772025373.975221,3929,6,1
2,Payment,1772025373.976207,20533,16,1
2,Payment,1772025373.977182,19897,0,1
2,Payment,1772025373.977659,30552,5,1
2,Payment,1772025373.978394,24861,9,1
2,Payment,1772025373.979159,30619,6,1
1,NewOrder,1772025373.980027,26866,17,1
1,NewOrder,1772025373.980407,36916,2,1
2,Payment,1772025373.980712,9485,21,1
2,Payment,1772025373.980801,35501,8,1
1,NewOrder,1772025373.983781,32146,15,1
1,NewOrder,1772025373.984277,39305,19,1
2,Payment,1772025373.984304,30754,3,1
2,Payment,1772025373.985238,37752,10,1
1,NewOrder,1772025373.985587,27939,18,1
2,Payment,1772025373.987043,10231,20,1
1,NewOrder,1772025373.987796,6779,13,1
2,Payment,1772025373.987797,41363,7,1
2,Payment,1772025373.987823,17991,22,1
4,Delivery,1772025373.987829,11817,4,1
1,NewOrder,1772025373.987844,7242,14,1
4,Delivery,1772025373.988441,15376,12,1
1,NewOrder,1772025373.989754,34225,1,1
4,Delivery,1772025373.990113,55701,23,1
2,Payment,1772025373.990207,21766,21,1
1,NewOrder,1772025373.991469,33030,11,1
1,NewOrder,1772025373.994585,9293,13,1
4,Delivery,1772025373.995096,8884,14,1
1,NewOrder,1772025373.996765,19219,16,1
2,Payment,1772025373.997097,22753,0,1
1,NewOrder,1772025373.997302,40420,20,1
3,OrderStatus,1772025373.999655,2719,4,1
5,StockLevel,1772025374.002383,4546,4,1
2,Payment,1772025374.003265,33111,9,1
1,NewOrder,1772025374.003827,48170,12,1
1,NewOrder,1772025374.003887,12132,13,1
2,Payment,1772025374.003990,2574,14,1
1,NewOrder,1772025374.005839,19067,22,1
1,NewOrder,1772025374.006574,17047,14,1
5,StockLevel,1772025374.006904,7649,17,1
1,NewOrder,1772025374.006935,9869,4,1
2,Payment,1772025374.008236,17896,5,1
4,Delivery,1772025374.009802,14198,6,1
1,NewOrder,1772025374.011998,19210,21,1
2,Payment,1772025374.013541,8040,18,1
1,NewOrder,1772025374.014559,30383,17,1
2,Payment,1772025374.015064,16753,3,1
2,Payment,1772025374.015950,12566,15,1
1,NewOrder,1772025374.015996,45537,16,1
2,Payment,1772025374.016044,3530,13,1
1,NewOrder,1772025374.016334,19239,8,1
1,NewOrder,1772025374.016815,16661,4,1
1,NewOrder,1772025374.017330,26418,2,1
5,StockLevel,1772025374.019584,14789,13,1
3,OrderStatus,1772025374.019855,9210,0,1
1,NewOrder,1772025374.021591,23896,18,1
1,NewOrder,1772025374.023002,20262,10,1
1,NewOrder,1772025374.023591,16696,19,1
1,NewOrder,1772025374.023627,15842,14,1
1,NewOrder,1772025374.023983,17140,1,1
2,Payment,1772025374.024005,19835,6,1
1,NewOrder,1772025374.024524,17122,11,1
1,NewOrder,1772025374.024914,20607,22,1
3,OrderStatus,1772025374.026140,8401,5,1
2,Payment,1772025374.028542,9713,15,1
2,Payment,1772025374.029091,9073,0,1
2,Payment,1772025374.029201,22123,7,1
1,NewOrder,1772025374.031234,14235,21,1
2,Payment,1772025374.031821,15006,3,1
1,NewOrder,1772025374.033491,33015,4,1
1,NewOrder,1772025374.034399,15145,13,1
1,NewOrder,1772025374.034563,24097,5,1
1,NewOrder,1772025374.035581,25610,8,1
3,OrderStatus,1772025374.036386,13351,9,1
2,Payment,1772025374.037744,5160,20,1
2,Payment,1772025374.038170,14223,0,1
1,NewOrder,1772025374.038264,23295,15,1
1,NewOrder,1772025374.039495,13429,14,1
2,Payment,1772025374.040294,5222,19,1
2,Payment,1772025374.041133,13257,1,1
2,Payment,1772025374.041657,16096,11,1
2,Payment,1772025374.042930,4274,20,1
1,NewOrder,1772025374.043291,23986,10,1
1,NewOrder,1772025374.043762,38670,2,1
3,OrderStatus,1772025374.043850,13114,6,1
1,NewOrder,1772025374.044951,34022,17,1
2,Payment,1772025374.045480,10367,21,1
2,Payment,1772025374.045498,4350,18,1
1,NewOrder,1772025374.045524,18134,19,1
2,Payment,1772025374.045532,6429,22,1
2,Payment,1772025374.045824,11981,23,1
1,NewOrder,1772025374.046837,38704,3,1
2,Payment,1772025374.047211,18763,20,1
1,NewOrder,1772025374.049552,15760,13,1
2,Payment,1772025374.049747,14432,9,1
2,Payment,1772025374.049858,18888,18,1
5,StockLevel,1772025374.051344,15803,7,1
2,Payment,1772025374.051982,27956,22,1
1,NewOrder,1772025374.052022,13621,12,1
2,Payment,1772025374.052405,4948,0,1
2,Payment,1772025374.052935,4897,14,1
2,Payment,1772025374.054399,5543,1,1
2,Payment,1772025374.055873,31787,21,1
1,NewOrder,1772025374.056971,27501,6,1
2,Payment,1772025374.057358,5988,0,1
4,Delivery,1772025374.057762,58283,11,1
1,NewOrder,1772025374.057808,42340,23,1
1,NewOrder,1772025374.057842,33980,14,1
2,Payment,1772025374.058671,10032,5,1
3,OrderStatus,1772025374.059946,3677,1,1
1,NewOrder,1772025374.061217,10540,8,1
1,NewOrder,1772025374.061539,28223,16,1
2,Payment,1772025374.061565,6820,15,1
2,Payment,1772025374.063356,17167,0,1
1,NewOrder,1772025374.063633,9995,1,1
2,Payment,1772025374.063703,29602,19,1
2,Payment,1772025374.064196,4499,9,1
2,Payment,1772025374.065325,14708,13,1
1,NewOrder,1772025374.065653,8977,12,1
1,NewOrder,1772025374.065982,11498,20,1
2,Payment,1772025374.066517,27709,4,1
1,NewOrder,1772025374.067173,36810,7,1
5,StockLevel,1772025374.067304,18212,10,1
4,Delivery,1772025374.068410,24079,15,1
1,NewOrder,1772025374.068706,39512,9,1
2,Payment,1772025374.068710,21817,5,1
1,NewOrder,1772025374.068755,36477,18,1
5,StockLevel,1772025374.071768,2473,8,1
2,Payment,1772025374.073654,25797,1,1
3,OrderStatus,1772025374.074252,3002,8,1
5,StockLevel,1772025374.074640,2522,12,1
1,NewOrder,1772025374.077178,4910,12,1
2,Payment,1772025374.077264,3184,8,1
1,NewOrder,1772025374.077488,4247,20,1
1,NewOrder,1772025374.078988,20495,17,1
2,Payment,1772025374.079950,23774,22,1
1,NewOrder,1772025374.080041,29022,13,1
1,NewOrder,1772025374.080464,6293,8,1
2,Payment,1772025374.080547,28004,0,1
2,Payment,1772025374.081741,17348,20,1
1,NewOrder,1772025374.082101,4176,12,1
2,Payment,1772025374.082442,21622,2,1
2,Payment,1772025374.084485,9500,6,1
2,Payment,1772025374.085527,14047,10,1
2,Payment,1772025374.085546,29941,3,1
2,Payment,1772025374.086281,1660,12,1
1,NewOrder,1772025374.086763,11732,8,1
1,NewOrder,1772025374.087671,18296,21,1
2,Payment,1772025374.087947,2235,12,1
2,Payment,1772025374.089772,4172,16,1
1,NewOrder,1772025374.090188,7792,12,1
2,Payment,1772025374.090551,34750,5,1
1,NewOrder,1772025374.091831,15881,14,1
2,Payment,1772025374.092503,7157,15,1
2,Payment,1772025374.093317,15188,19,1
5,StockLevel,1772025374.093953,16940,16,1
2,Payment,1772025374.093993,10078,6,1
4,Delivery,1772025374.094235,49195,4,1
1,NewOrder,1772025374.097985,8541,12,1
4,Delivery,1772025374.098503,18115,8,1
1,NewOrder,1772025374.099115,35871,20,1
1,NewOrder,1772025374.099477,31683,1,1
2,Payment,1772025374.099509,6492,17,1
4,Delivery,1772025374.099594,17042,10,1
2,Payment,1772025374.099676,16570,15,1
1,NewOrder,1772025374.100159,18714,23,1
1,NewOrder,1772025374.103759,35008,22,1
1,NewOrder,1772025374.103992,38458,7,1
2,Payment,1772025374.104071,25741,2,1
2,Payment,1772025374.104083,5985,6,1
1,NewOrder,1772025374.105243,12929,18,1
1,NewOrder,1772025374.105980,10445,21,1
1,NewOrder,1772025374.106012,17683,17,1
2,Payment,1772025374.106538,16240,12,1
1,NewOrder,1772025374.107719,17494,14,1
2,Payment,1772025374.108244,8104,9,1
1,NewOrder,1772025374.108530,34925,19,1
3,OrderStatus,1772025374.108568,6283,0,1
1,NewOrder,1772025374.109074,10930,13,1
2,Payment,1772025374.110092,14542,6,1
4,Delivery,1772025374.110903,39687,16,1
2,Payment,1772025374.114858,20868,0,1
2,Payment,1772025374.115492,26852,3,1
2,Payment,1772025374.116070,26336,11,1
2,Payment,1772025374.116272,11705,15,1
1,NewOrder,1772025374.116374,29585,9,1
5,StockLevel,1772025374.116439,23791,21,1
2,Payment,1772025374.116639,20934,8,1
2,Payment,1772025374.116657,16297,10,1
2,Payment,1772025374.118183,2980,18,1
1,NewOrder,1772025374.118899,6737,23,1
1,NewOrder,1772025374.120030,15727,13,1
5,StockLevel,1772025374.121178,4016,18,1
3,OrderStatus,1772025374.122788,9215,12,1
2,Payment,1772025374.123701,7806,17,1
4,Delivery,1772025374.124640,15088,6,1
1,NewOrder,1772025374.125206,18509,18,1
2,Payment,1772025374.125224,10471,14,1
1,NewOrder,1772025374.125312,14365,5,1
1,NewOrder,1772025374.125646,14202,23,1
1,NewOrder,1772025374.127986,15700,15,1
1,NewOrder,1772025374.129820,40029,2,1
1,NewOrder,1772025374.131172,19883,1,1
1,NewOrder,1772025374.131514,11572,17,1
4,Delivery,1772025374.132008,18829,12,1
4,Delivery,1772025374.132965,7045,10,1
2,Payment,1772025374.134994,6732,20,1
2,Payment,1772025374.135702,9175,14,1
2,Payment,1772025374.135735,14454,0,1
2,Payment,1772025374.135763,3561,13,1
2,Payment,1772025374.137589,12144,8,1
2,Payment,1772025374.138793,5242,22,1
2,Payment,1772025374.139341,9488,13,1
3,OrderStatus,1772025374.139703,9582,5,1
1,NewOrder,1772025374.139746,44995,6,1
4,Delivery,1772025374.139858,56164,23,1
4,Delivery,1772025374.140018,50168,10,1
2,Payment,1772025374.140236,12916,21,1
2,Payment,1772025374.141751,17481,20,1
1,NewOrder,1772025374.142357,30965,3,1
1,NewOrder,1772025374.142426,35293,11,1
2,Payment,1772025374.142476,17383,7,1
1,NewOrder,1772025374.143110,33884,17,1
2,Payment,1772025374.143448,15943,4,1
1,NewOrder,1772025374.143468,31942,19,1
5,StockLevel,1772025374.143691,5262,15,1
2,Payment,1772025374.143726,6459,18,1
1,NewOrder,1772025374.144040,6516,22,1
2,Payment,1772025374.144882,7921,14,1
2,Payment,1772025374.145985,18905,9,1
2,Payment,1772025374.148854,10483,13,1
1,NewOrder,1772025374.148966,9926,15,1
1,NewOrder,1772025374.149310,27374,5,1
1,NewOrder,1772025374.149743,25159,8,1
2,Payment,1772025374.150208,12595,0,1
1,NewOrder,1772025374.150215,9874,18,1
1,NewOrder,1772025374.150563,9302,22,1
1,NewOrder,1772025374.150608,4220,16,1
2,Payment,1772025374.150844,12323,12,1
2,Payment,1772025374.151061,17206,1,1
2,Payment,1772025374.152812,16607,14,1
5,StockLevel,1772025374.153157,13379,21,1
2,Payment,1772025374.154834,18951,16,1
2,Payment,1772025374.158902,17837,15,1
1,NewOrder,1772025374.159238,29680,20,1
2,Payment,1772025374.159348,22471,13,1
2,Payment,1772025374.159396,16931,4,1
1,NewOrder,1772025374.159888,29099,7,1
2,Payment,1772025374.159890,3671,22,1
2,Payment,1772025374.160107,9471,18,1
1,NewOrder,1772025374.162829,24565,0,1
3,OrderStatus,1772025374.163193,6106,12,1
5,StockLevel,1772025374.163587,7100,22,1
1,NewOrder,1772025374.164914,30411,9,1
1,NewOrder,1772025374.166561,14134,21,1
2,Payment,1772025374.168272,13063,1,1
5,StockLevel,1772025374.169322,18651,12,1
4,Delivery,1772025374.169443,46579,14,1
1,NewOrder,1772025374.169596,21873,18,1
2,Payment,1772025374.169854,20165,2,1
3,OrderStatus,1772025374.170713,4893,22,1
2,Payment,1772025374.173348,29496,3,1
1,NewOrder,1772025374.173811,17303,16,1
1,NewOrder,1772025374.174927,30022,8,1
2,Payment,1772025374.175434,5506,19,1
2,Payment,1772025374.175630,12918,22,1
1,NewOrder,1772025374.176337,23512,4,1
2,Payment,1772025374.176689,42758,5,1
2,Payment,1772025374.176745,8433,15,1
1,NewOrder,1772025374.177001,20552,17,1
2,Payment,1772025374.177725,5914,11,1
2,Payment,1772025374.180703,15286,21,1
1,NewOrder,1772025374.180951,18435,19,1
3,OrderStatus,1772025374.181343,10371,1,1
1,NewOrder,1772025374.181829,22773,13,1
1,NewOrder,1772025374.183647,18278,11,1
1,NewOrder,1772025374.184751,21257,6,1
2,Payment,1772025374.185187,5183,15,1
2,Payment,1772025374.187408,41426,0,1
1,NewOrder,1772025374.187984,18398,12,1
1,NewOrder,1772025374.188559,51535,22,1
2,Payment,1772025374.188929,17581,20,1
2,Payment,1772025374.188998,7638,7,1
4,Delivery,1772025374.190029,46159,2,1
1,NewOrder,1772025374.190195,19133,10,1
1,NewOrder,1772025374.190377,41756,15,1
1,NewOrder,1772025374.191118,16934,16,1
2,Payment,1772025374.191478,25285,18,1
2,Payment,1772025374.191719,43795,1,1
4,Delivery,1772025374.195340,49286,9,1
1,NewOrder,1772025374.196017,32550,21,1
1,NewOrder,1772025374.196035,17120,23,1
2,Payment,1772025374.196644,6681,7,1
1,NewOrder,1772025374.197564,13301,17,1
1,NewOrder,1772025374.199393,17798,19,1
1,NewOrder,1772025374.199860,29414,4,1
1,NewOrder,1772025374.201929,26584,11,1
1,NewOrder,1772025374.202849,41361,3,1
1,NewOrder,1772025374.203335,29186,7,1
2,Payment,1772025374.204614,2938,13,1
2,Payment,1772025374.204961,7773,8,1
1,NewOrder,1772025374.206033,15798,6,1
2,Payment,1772025374.206392,3745,12,1
2,Payment,1772025374.206536,21613,20,1
1,NewOrder,1772025374.207578,14979,13,1
1,NewOrder,1772025374.208078,13049,16,1
3,OrderStatus,1772025374.209345,5339,10,1
2,Payment,1772025374.210147,3703,12,1
1,NewOrder,1772025374.210870,31739,17,1
2,Payment,1772025374.212744,7552,8,1
2,Payment,1772025374.213174,20738,23,1
2,Payment,1772025374.213855,4177,12,1
2,Payment,1772025374.214694,9658,10,1
1,NewOrder,1772025374.216031,12448,14,1
4,Delivery,1772025374.216774,23343,18,1
2,Payment,1772025374.217197,22565,19,1
1,NewOrder,1772025374.218038,10505,12,1
3,OrderStatus,1772025374.219454,14680,5,1
2,Payment,1772025374.220306,10589,8,1
2,Payment,1772025374.221152,3717,16,1
1,NewOrder,1772025374.221836,7051,6,1
3,OrderStatus,1772025374.222564,2890,13,1
2,Payment,1772025374.224358,11943,10,1
2,Payment,1772025374.224880,7748,16,1
2,Payment,1772025374.225463,10546,13,1
1,NewOrder,1772025374.228158,19451,20,1
2,Payment,1772025374.228489,12177,14,1
1,NewOrder,1772025374.228527,22006,11,1
2,Payment,1772025374.228553,17221,12,1
1,NewOrder,1772025374.228577,13477,21,1
5,StockLevel,1772025374.228840,17980,0,1
5,StockLevel,1772025374.228890,11062,6,1
1,NewOrder,1772025374.229285,18655,4,1
1,NewOrder,1772025374.230920,30994,8,1
2,Payment,1772025374.232138,18034,15,1
1,NewOrder,1772025374.232528,13965,7,1
2,Payment,1772025374.232639,21621,16,1
1,NewOrder,1772025374.233923,23660,23,1
5,StockLevel,1772025374.234142,14568,5,1
2,Payment,1772025374.235525,5675,1,1
2,Payment,1772025374.236034,27350,13,1
1,NewOrder,1772025374.236215,19085,2,1
1,NewOrder,1772025374.236327,23020,10,1
1,NewOrder,1772025374.239770,22054,19,1
2,Payment,1772025374.239963,6901,6,1
1,NewOrder,1772025374.240104,21311,22,1
1,NewOrder,1772025374.240123,29077,18,1
1,NewOrder,1772025374.240673,23060,14,1
2,Payment,1772025374.241206,5625,1,1
1,NewOrder,1772025374.242061,40949,21,1
3,OrderStatus,1772025374.242634,10781,17,1
1,NewOrder,1772025374.244221,34045,3,1
1,NewOrder,1772025374.244637,21587,9,1
1,NewOrder,1772025374.245799,15270,12,1
2,Payment,1772025374.246503,7290,7,1
1,NewOrder,1772025374.246831,16933,0,1
4,Delivery,1772025374.246846,47220,1,1
1,NewOrder,1772025374.246875,41918,6,1
1,NewOrder,1772025374.247620,29389,20,1
1,NewOrder,1772025374.247946,38642,4,1
1,NewOrder,1772025374.248727,35262,5,1
2,Payment,1772025374.250179,23372,15,1
1,NewOrder,1772025374.250539,37533,11,1
2,Payment,1772025374.253438,26246,17,1
2,Payment,1772025374.253804,7679,7,1
1,NewOrder,1772025374.254271,23698,16,1
2,Payment,1772025374.255326,4386,2,1
2,Payment,1772025374.257593,4280,23,1
2,Payment,1772025374.259354,8425,10,1
1,NewOrder,1772025374.259719,5474,2,1
1,NewOrder,1772025374.261079,8605,12,1
1,NewOrder,1772025374.261426,35507,22,1
1,NewOrder,1772025374.261494,26558,7,1
4,Delivery,1772025374.261831,23653,19,1
2,Payment,1772025374.261883,6395,23,1
5,StockLevel,1772025374.261925,28187,8,1
1,NewOrder,1772025374.263409,33099,13,1
1,NewOrder,1772025374.263739,23956,14,1
1,NewOrder,1772025374.263774,23180,0,1
1,NewOrder,1772025374.265208,17109,2,1
2,Payment,1772025374.266249,4355,9,1
2,Payment,1772025374.267789,6078,10,1
4,Delivery,1772025374.268287,17448,23,1
2,Payment,1772025374.269205,7317,18,1
1,NewOrder,1772025374.269710,21694,12,1
1,NewOrder,1772025374.270615,14112,9,1
2,Payment,1772025374.273557,11009,15,1
2,Payment,1772025374.273875,3449,10,1
1,NewOrder,1772025374.276530,33089,18,1
1,NewOrder,1772025374.277020,30237,20,1
2,Payment,1772025374.277333,3895,10,1
2,Payment,1772025374.277979,13123,16,1
1,NewOrder,1772025374.278276,29376,3,1
2,Payment,1772025374.279694,15358,17,1
2,Payment,1772025374.281235,6399,10,1
1,NewOrder,1772025374.282343,21114,2,1
1,NewOrder,1772025374.283018,18576,21,1
4,Delivery,1772025374.284004,10336,5,1
1,NewOrder,1772025374.284581,13410,15,1
1,NewOrder,1772025374.284736,23346,9,1
2,Payment,1772025374.285491,6541,19,1
2,Payment,1772025374.285744,3884,23,1
2,Payment,1772025374.286602,8171,4,1
2,Payment,1772025374.286959,13006,0,1
1,NewOrder,1772025374.287645,20821,10,1
2,Payment,1772025374.287700,15329,14,1
2,Payment,1772025374.288063,8741,7,1
1,NewOrder,1772025374.288078,23089,11,1
2,Payment,1772025374.288803,16975,6,1
4,Delivery,1772025374.289640,31832,23,1
2,Payment,1772025374.290138,19981,8,1
1,NewOrder,1772025374.291111,24158,16,1
2,Payment,1772025374.291410,19951,12,1
1,NewOrder,1772025374.292043,15628,19,1
5,StockLevel,1772025374.294072,16917,1,1
3,OrderStatus,1772025374.294349,5702,5,1
1,NewOrder,1772025374.294782,25578,4,1
1,NewOrder,1772025374.295067,48417,17,1
2,Payment,1772025374.296534,19082,13,1
2,Payment,1772025374.296809,22908,7,1
1,NewOrder,1772025374.296944,21050,22,1
2,Payment,1772025374.297998,22795,15,1
2,Payment,1772025374.299975,4509,0,1
2,Payment,1772025374.300062,7995,5,1
2,Payment,1772025374.301605,6146,21,1
2,Payment,1772025374.303036,27960,14,1
1,NewOrder,1772025374.303460,49749,2,1
2,Payment,1772025374.304503,8351,0,1
1,NewOrder,1772025374.305789,35464,6,1
1,NewOrder,1772025374.307289,13458,20,1
2,Payment,1772025374.307658,15766,3,1
3,OrderStatus,1772025374.307682,6263,19,1
1,NewOrder,1772025374.307779,24343,21,1
2,Payment,1772025374.308065,22020,5,1
1,NewOrder,1772025374.308093,12296,9,1
2,Payment,1772025374.308477,21573,10,1
1,NewOrder,1772025374.309645,8043,18,1
1,NewOrder,1772025374.310141,35009,8,1
2,Payment,1772025374.311003,24669,1,1
1,NewOrder,1772025374.311182,10756,11,1
1,NewOrder,1772025374.311383,45204,12,1
2,Payment,1772025374.312864,26621,0,1
1,NewOrder,1772025374.313955,36069,19,1
1,NewOrder,1772025374.315286,28857,16,1
1,NewOrder,1772025374.315623,30401,13,1
1,NewOrder,1772025374.317694,11768,18,1
4,Delivery,1772025374.318005,3761,22,1
1,NewOrder,1772025374.319724,38971,7,1
1,NewOrder,1772025374.320375,31012,4,1
1,NewOrder,1772025374.320401,7260,9,1
2,Payment,1772025374.320757,2990,20,1
2,Payment,1772025374.320797,17001,15,1
1,NewOrder,1772025374.321480,12926,23,1
2,Payment,1772025374.321775,11122,22,1
2,Payment,1772025374.321945,10598,11,1
1,NewOrder,1772025374.323451,23651,3,1
4,Delivery,1772025374.323768,35400,20,1
1,NewOrder,1772025374.327671,11313,9,1
1,NewOrder,1772025374.329467,14694,18,1
2,Payment,1772025374.330061,8492,10,1
2,Payment,1772025374.330091,13425,5,1
1,NewOrder,1772025374.331000,29848,14,1
2,Payment,1772025374.332149,11015,21,1
1,NewOrder,1772025374.332549,10910,11,1
1,NewOrder,1772025374.332926,36739,22,1
2,Payment,1772025374.334434,13073,23,1
2,Payment,1772025374.335676,17865,1,1
2,Payment,1772025374.337811,6992,15,1
4,Delivery,1772025374.338564,38298,10,1
1,NewOrder,1772025374.338995,9104,9,1
2,Payment,1772025374.339496,21743,0,1
1,NewOrder,1772025374.341263,33559,6,1
2,Payment,1772025374.343174,12095,21,1
1,NewOrder,1772025374.343468,25825,11,1
1,NewOrder,1772025374.343495,29023,17,1
2,Payment,1772025374.343523,23724,5,1
2,Payment,1772025374.344153,6756,16,1
1,NewOrder,1772025374.344169,21953,18,1
2,Payment,1772025374.344806,10797,15,1
2,Payment,1772025374.345159,6260,8,1
2,Payment,1772025374.346030,19524,13,1
1,NewOrder,1772025374.347116,15881,3,1
1,NewOrder,1772025374.347519,26346,23,1
1,NewOrder,1772025374.348104,23517,9,1
1,NewOrder,1772025374.350037,21676,19,1
1,NewOrder,1772025374.350935,16786,16,1
1,NewOrder,1772025374.351401,17505,4,1
1,NewOrder,1772025374.351444,32571,8,1
1,NewOrder,1772025374.353218,14478,2,1
2,Payment,1772025374.353550,23642,1,1
1,NewOrder,1772025374.355289,18061,21,1
1,NewOrder,1772025374.355614,20403,15,1
2,Payment,1772025374.356597,14689,12,1
1,NewOrder,1772025374.358706,18537,7,1
2,Payment,1772025374.359188,6982,20,1
1,NewOrder,1772025374.360855,18376,14,1
2,Payment,1772025374.361249,29214,0,1
2,Payment,1772025374.363006,17798,3,1
1,NewOrder,1772025374.365568,10187,13,1
1,NewOrder,1772025374.366136,23962,18,1
4,Delivery,1772025374.366194,30645,20,1
2,Payment,1772025374.367273,31238,5,1
1,NewOrder,1772025374.367701,20256,2,1
1,NewOrder,1772025374.367728,31173,16,1
2,Payment,1772025374.368917,40096,4,1
2,Payment,1772025374.369304,11084,11,1
2,Payment,1772025374.369675,11137,22,1
2,Payment,1772025374.371295,7264,12,1
1,NewOrder,1772025374.371632,43715,9,1
5,StockLevel,1772025374.371724,14281,19,1
2,Payment,1772025374.372529,9444,17,1
2,Payment,1772025374.373375,11291,21,1
2,Payment,1772025374.373875,14729,23,1
2,Payment,1772025374.374850,9713,6,1
1,NewOrder,1772025374.375766,7336,13,1
2,Payment,1772025374.376027,9731,15,1
1,NewOrder,1772025374.376871,16177,10,1
5,StockLevel,1772025374.377202,17044,1,1
1,NewOrder,1772025374.377254,26530,7,1
1,NewOrder,1772025374.378569,24610,12,1
1,NewOrder,1772025374.379257,27175,14,1
2,Payment,1772025374.380398,12132,11,1
1,NewOrder,1772025374.380811,19308,3,1
1,NewOrder,1772025374.380835,26163,22,1
1,NewOrder,1772025374.381999,17278,17,1
1,NewOrder,1772025374.383112,17127,13,1
1,NewOrder,1772025374.384037,34393,8,1
2,Payment,1772025374.384574,12667,6,1
1,NewOrder,1772025374.384674,26124,21,1
2,Payment,1772025374.385768,5130,15,1
2,Payment,1772025374.386016,7842,19,1
1,NewOrder,1772025374.387962,29457,2,1
1,NewOrder,1772025374.388626,18272,23,1
1,NewOrder,1772025374.390108,32425,18,1
1,NewOrder,1772025374.390474,41266,0,1
2,Payment,1772025374.390908,6353,15,1
2,Payment,1772025374.392540,18998,11,1
1,NewOrder,1772025374.393055,22698,10,1
1,NewOrder,1772025374.393863,15826,19,1
1,NewOrder,1772025374.394271,21117,1,1
1,NewOrder,1772025374.396845,30334,20,1
2,Payment,1772025374.397267,18519,6,1
2,Payment,1772025374.397273,15496,15,1
1,NewOrder,1772025374.398537,30110,5,1
1,NewOrder,1772025374.398918,11925,16,1
1,NewOrder,1772025374.399303,16084,17,1
2,Payment,1772025374.400127,14584,3,1
1,NewOrder,1772025374.400249,15101,13,1
2,Payment,1772025374.403189,17169,12,1
1,NewOrder,1772025374.403789,18707,7,1
2,Payment,1772025374.406444,22667,14,1
1,NewOrder,1772025374.406914,44283,23,1
1,NewOrder,1772025374.407024,32421,22,1
1,NewOrder,1772025374.409023,28626,4,1
1,NewOrder,1772025374.409700,17816,19,1
2,Payment,1772025374.410833,4460,21,1
5,StockLevel,1772025374.410851,4311,16,1
2,Payment,1772025374.411548,9309,11,1
4,Delivery,1772025374.412779,44824,15,1
2,Payment,1772025374.414719,7357,3,1
1,NewOrder,1772025374.415186,13853,16,1
2,Payment,1772025374.415310,4517,21,1
1,NewOrder,1772025374.415356,17799,13,1
1,NewOrder,1772025374.415359,23323,9,1
1,NewOrder,1772025374.415398,18475,1,1
2,Payment,1772025374.415399,20027,17,1
2,Payment,1772025374.415758,13256,10,1
1,NewOrder,1772025374.415797,14290,6,1
1,NewOrder,1772025374.417429,25861,2,1
2,Payment,1772025374.418441,17772,8,1
1,NewOrder,1772025374.419833,17421,21,1
2,Payment,1772025374.420380,18552,12,1
2,Payment,1772025374.420868,21620,11,1
2,Payment,1772025374.422081,7473,3,1
1,NewOrder,1772025374.422522,35765,7,1
2,Payment,1772025374.422560,6647,18,1
1,NewOrder,1772025374.427204,17363,20,1
1,NewOrder,1772025374.427524,34788,19,1
2,Payment,1772025374.428657,5985,5,1
2,Payment,1772025374.429019,17463,10,1
1,NewOrder,1772025374.429045,9909,16,1
1,NewOrder,1772025374.429119,24941,14,1
1,NewOrder,1772025374.429219,27929,18,1
2,Payment,1772025374.429563,9488,3,1
2,Payment,1772025374.430099,20678,6,1
1,NewOrder,1772025374.431751,22252,0,1
2,Payment,1772025374.433202,8849,13,1
2,Payment,1772025374.433883,9767,1,1
3,OrderStatus,1772025374.434652,5160,5,1
2,Payment,1772025374.435436,10646,17,1
2,Payment,1772025374.436238,21428,8,1
1,NewOrder,1772025374.437280,7561,21,1
2,Payment,1772025374.437653,13517,4,1
1,NewOrder,1772025374.438708,15378,9,1
4,Delivery,1772025374.438942,19491,12,1
1,NewOrder,1772025374.438960,14450,16,1
2,Payment,1772025374.439062,18599,3,1
1,NewOrder,1772025374.439455,21984,22,1
1,NewOrder,1772025374.439838,17857,5,1
2,Payment,1772025374.442076,9854,13,1
1,NewOrder,1772025374.442505,37282,11,1
2,Payment,1772025374.443300,26770,2,1
1,NewOrder,1772025374.443654,23209,1,1
1,NewOrder,1772025374.444576,20528,20,1
1,NewOrder,1772025374.444852,17413,21,1
2,Payment,1772025374.446093,11430,17,1
1,NewOrder,1772025374.446493,22752,10,1
4,Delivery,1772025374.450788,15783,6,1
1,NewOrder,1772025374.451180,17828,4,1
2,Payment,1772025374.451206,6798,23,1
4,Delivery,1772025374.451941,6080,13,1
1,NewOrder,1772025374.453419,26829,16,1
2,Payment,1772025374.454012,18143,0,1
1,NewOrder,1772025374.454070,40088,14,1
1,NewOrder,1772025374.454096,37636,9,1
1,NewOrder,1772025374.457192,9612,18,1
2,Payment,1772025374.457539,22678,17,1
2,Payment,1772025374.457625,17019,15,1
2,Payment,1772025374.457672,17309,3,1
2,Payment,1772025374.457673,10649,8,1
1,NewOrder,1772025374.457705,25255,5,1
1,NewOrder,1772025374.458009,38383,23,1
2,Payment,1772025374.458028,6276,13,1
5,StockLevel,1772025374.458298,29993,7,1
1,NewOrder,1772025374.458442,32243,12,1
1,NewOrder,1772025374.461445,7220,22,1
1,NewOrder,1772025374.462274,7437,21,1
2,Payment,1772025374.462329,4508,19,1
1,NewOrder,1772025374.464328,35728,13,1
2,Payment,1772025374.465115,18844,20,1
1,NewOrder,1772025374.466602,27974,6,1
2,Payment,1772025374.466815,23463,18,1
1,NewOrder,1772025374.466846,23870,19,1
1,NewOrder,1772025374.466871,31514,1,1
1,NewOrder,1772025374.468332,33773,8,1
1,NewOrder,1772025374.468670,34856,22,1
1,NewOrder,1772025374.469014,33067,4,1
1,NewOrder,1772025374.469255,13337,10,1
1,NewOrder,1772025374.469737,16243,21,1
2,Payment,1772025374.470081,9101,2,1
1,NewOrder,1772025374.472161,9890,0,1
1,NewOrder,1772025374.474670,33160,15,1
1,NewOrder,1772025374.475006,16701,3,1
1,NewOrder,1772025374.479192,30268,2,1
2,Payment,1772025374.479809,6131,11,1
3,OrderStatus,1772025374.480231,4564,17,1
2,Payment,1772025374.480269,5226,16,1
1,NewOrder,1772025374.482077,27845,0,1
4,Delivery,1772025374.482619,51985,10,1
2,Payment,1772025374.482971,7725,5,1
1,NewOrder,1772025374.483966,25933,20,1
1,NewOrder,1772025374.484798,16719,17,1
1,NewOrder,1772025374.485506,40701,16,1
2,Payment,1772025374.485946,6641,11,1
5,StockLevel,1772025374.485990,14558,21,1
1,NewOrder,1772025374.488296,27847,7,1
2,Payment,1772025374.490303,6679,18,1
1,NewOrder,1772025374.490693,29207,12,1
3,OrderStatus,1772025374.490701,6336,5,1
1,NewOrder,1772025374.490720,24949,19,1
2,Payment,1772025374.491721,7051,3,1
1,NewOrder,1772025374.491745,27082,9,1
2,Payment,1772025374.492622,6233,11,1
1,NewOrder,1772025374.494168,25084,14,1
1,NewOrder,1772025374.494609,18728,6,1
1,NewOrder,1772025374.496401,30908,23,1
2,Payment,1772025374.496999,6841,18,1
1,NewOrder,1772025374.497052,32876,5,1
1,NewOrder,1772025374.498396,14532,1,1
2,Payment,1772025374.498778,7916,3,1
1,NewOrder,1772025374.498866,25454,11,1
1,NewOrder,1772025374.500067,23735,13,1
1,NewOrder,1772025374.500558,34023,21,1
3,OrderStatus,1772025374.501542,9826,17,1
1,NewOrder,1772025374.502086,34493,4,1
2,Payment,1772025374.502111,11201,8,1
2,Payment,1772025374.503536,12405,22,1
2,Payment,1772025374.503844,6714,18,1
1,NewOrder,1772025374.506720,21498,3,1
4,Delivery,1772025374.507841,33846,15,1
2,Payment,1772025374.509495,8012,2,1
1,NewOrder,1772025374.509923,27467,20,1
1,NewOrder,1772025374.509943,28231,0,1
1,NewOrder,1772025374.510585,29482,18,1
2,Payment,1772025374.511377,9132,17,1
1,NewOrder,1772025374.512934,26963,1,1
1,NewOrder,1772025374.513320,30923,8,1
2,Payment,1772025374.513344,7197,6,1
5,StockLevel,1772025374.515697,14465,19,1
1,NewOrder,1772025374.515956,19722,22,1
1,NewOrder,1772025374.516169,25448,7,1
1,NewOrder,1772025374.517521,31874,2,1
1,NewOrder,1772025374.518832,30284,9,1
2,Payment,1772025374.519262,5641,14,1
1,NewOrder,1772025374.519928,21953,12,1
2,Payment,1772025374.520535,13593,17,1
2,Payment,1772025374.520567,5241,6,1
4,Delivery,1772025374.523813,18360,13,1
2,Payment,1772025374.524342,17568,11,1
1,NewOrder,1772025374.524914,16637,14,1
1,NewOrder,1772025374.525814,16779,6,1
2,Payment,1772025374.526232,14914,16,1
1,NewOrder,1772025374.527315,18346,23,1
2,Payment,1772025374.528245,6246,3,1
1,NewOrder,1772025374.529938,24474,5,1
2,Payment,1772025374.530173,9121,19,1
2,Payment,1772025374.534138,18315,17,1
1,NewOrder,1772025374.534502,25521,3,1
1,NewOrder,1772025374.534592,25723,21,1
1,NewOrder,1772025374.534615,19774,10,1
3,OrderStatus,1772025374.535703,7930,22,1
1,NewOrder,1772025374.536585,22044,4,1
1,NewOrder,1772025374.537416,10556,20,1
1,NewOrder,1772025374.538200,34956,0,1
2,Payment,1772025374.539305,8627,19,1
2,Payment,1772025374.539906,7616,1,1
2,Payment,1772025374.540078,13044,18,1
2,Payment,1772025374.541156,16932,16,1
2,Payment,1772025374.541567,21503,14,1
1,NewOrder,1772025374.541635,32377,7,1
2,Payment,1772025374.541711,25214,15,1
3,OrderStatus,1772025374.541902,12388,12,1
2,Payment,1772025374.541921,11879,11,1
3,OrderStatus,1772025374.542197,11825,13,1
1,NewOrder,1772025374.542604,11236,6,1
1,NewOrder,1772025374.543637,20324,22,1
2,Payment,1772025374.544265,12574,8,1
5,StockLevel,1772025374.545685,5562,23,1
1,NewOrder,1772025374.547531,11471,1,1
2,Payment,1772025374.547937,12055,19,1
1,NewOrder,1772025374.547983,7645,20,1
1,NewOrder,1772025374.549127,21714,9,1
1,NewOrder,1772025374.549406,22953,2,1
1,NewOrder,1772025374.551273,7699,23,1
1,NewOrder,1772025374.552460,24546,17,1
2,Payment,1772025374.553138,15778,18,1
1,NewOrder,1772025374.553806,23556,11,1
1,NewOrder,1772025374.553845,10616,6,1
2,Payment,1772025374.554034,16053,13,1
2,Payment,1772025374.554299,21952,12,1
2,Payment,1772025374.554400,7559,10,1
5,StockLevel,1772025374.554423,13257,5,1
1,NewOrder,1772025374.555638,19976,20,1
1,NewOrder,1772025374.556855,14318,8,1
2,Payment,1772025374.558104,22942,16,1
3,OrderStatus,1772025374.558655,5823,4,1
2,Payment,1772025374.558977,13814,23,1
2,Payment,1772025374.559012,6051,1,1
1,NewOrder,1772025374.560006,35399,19,1
2,Payment,1772025374.560050,11160,3,1
5,StockLevel,1772025374.560331,10353,21,1
1,NewOrder,1772025374.561968,34005,10,1
2,Payment,1772025374.563088,21304,14,1
2,Payment,1772025374.563969,14704,22,1
2,Payment,1772025374.564467,5201,6,1
2,Payment,1772025374.564483,13829,4,1
2,Payment,1772025374.565089,18973,1,1
2,Payment,1772025374.566931,28542,15,1
1,NewOrder,1772025374.567690,9650,5,1
4,Delivery,1772025374.568921,16202,18,1
1,NewOrder,1772025374.569685,17887,6,1
2,Payment,1772025374.570114,18201,13,1
3,OrderStatus,1772025374.570694,4080,21,1
2,Payment,1772025374.570846,4343,9,1
1,NewOrder,1772025374.571177,16844,8,1
1,NewOrder,1772025374.571216,19530,3,1
2,Payment,1772025374.572385,17754,2,1
2,Payment,1772025374.572801,11830,23,1
2,Payment,1772025374.573160,21882,0,1
2,Payment,1772025374.574022,3986,7,1
5,StockLevel,1772025374.574792,1895,21,1
2,Payment,1772025374.575199,6342,9,1
1,NewOrder,1772025374.575624,19987,20,1
1,NewOrder,1772025374.576267,22744,12,1
2,Payment,1772025374.576698,12883,21,1
1,NewOrder,1772025374.577012,24178,17,1
1,NewOrder,1772025374.577350,24785,5,1
1,NewOrder,1772025374.577371,17194,11,1
1,NewOrder,1772025374.578034,17472,7,1
1,NewOrder,1772025374.578327,21365,4,1
1,NewOrder,1772025374.578683,24475,22,1
2,Payment,1772025374.581056,18567,16,1
1,NewOrder,1772025374.581551,21179,9,1
2,Payment,1772025374.584073,15425,1,1
1,NewOrder,1772025374.584402,17929,14,1
2,Payment,1772025374.584641,10399,23,1
2,Payment,1772025374.585130,15291,18,1
2,Payment,1772025374.587581,4810,6,1
2,Payment,1772025374.588048,11553,8,1
1,NewOrder,1772025374.588342,23801,13,1
1,NewOrder,1772025374.589588,24116,21,1
2,Payment,1772025374.590165,28724,2,1
2,Payment,1772025374.590771,15739,3,1
5,StockLevel,1772025374.592402,14465,6,1
1,NewOrder,1772025374.594578,24798,11,1
2,Payment,1772025374.595071,8355,23,1
2,Payment,1772025374.595073,17787,0,1
1,NewOrder,1772025374.595418,41980,19,1
2,Payment,1772025374.595487,9335,15,1
1,NewOrder,1772025374.595549,17429,7,1
1,NewOrder,1772025374.595621,29364,20,1
1,NewOrder,1772025374.595984,26778,10,1
1,NewOrder,1772025374.599022,25105,12,1
1,NewOrder,1772025374.599532,25102,1,1
1,NewOrder,1772025374.599612,17299,8,1
1,NewOrder,1772025374.599633,19941,16,1
2,Payment,1772025374.599699,24000,4,1
1,NewOrder,1772025374.600432,18775,18,1
2,Payment,1772025374.601197,7075,17,1
2,Payment,1772025374.602145,26042,5,1
2,Payment,1772025374.602336,11380,14,1
2,Payment,1772025374.602735,3445,9,1
2,Payment,1772025374.603185,3463,22,1
2,Payment,1772025374.603449,6705,23,1
1,NewOrder,1772025374.604833,19791,15,1
1,NewOrder,1772025374.606188,13420,9,1
1,NewOrder,1772025374.606520,29889,3,1
1,NewOrder,1772025374.606651,28600,22,1
1,NewOrder,1772025374.606893,21875,6,1
2,Payment,1772025374.608277,17097,17,1
2,Payment,1772025374.610166,4883,23,1
5,StockLevel,1772025374.612163,11923,13,1
3,OrderStatus,1772025374.612874,14486,0,1
1,NewOrder,1772025374.613004,27194,7,1
4,Delivery,1772025374.613715,39417,21,1
1,NewOrder,1772025374.613723,29582,14,1
5,StockLevel,1772025374.615075,15850,23,1
1,NewOrder,1772025374.616922,13633,8,1
1,NewOrder,1772025374.618896,23129,2,1
2,Payment,1772025374.619216,11803,18,1
2,Payment,1772025374.619387,5608,11,1
2,Payment,1772025374.619578,10017,16,1
2,Payment,1772025374.619614,23397,9,1
2,Payment,1772025374.622773,26157,10,1
2,Payment,1772025374.623716,11509,4,1
1,NewOrder,1772025374.624105,10679,13,1
2,Payment,1772025374.624153,8192,12,1
2,Payment,1772025374.624628,11375,15,1
1,NewOrder,1772025374.624645,28113,1,1
1,NewOrder,1772025374.624990,17004,20,1
2,Payment,1772025374.625005,6727,11,1
2,Payment,1772025374.625386,18055,17,1
5,StockLevel,1772025374.627370,12327,0,1
2,Payment,1772025374.628197,13184,5,1
2,Payment,1772025374.628778,26746,6,1
1,NewOrder,1772025374.629601,26580,16,1
2,Payment,1772025374.630561,30958,8,1
1,NewOrder,1772025374.630929,12712,23,1
2,Payment,1772025374.631027,5272,18,1
2,Payment,1772025374.631742,34521,11,1
4,Delivery,1772025374.632357,11261,12,1
2,Payment,1772025374.634812,13756,13,1
2,Payment,1772025374.635250,13895,4,1
2,Payment,1772025374.635283,9697,22,1
1,NewOrder,1772025374.636013,20074,15,1
1,NewOrder,1772025374.636307,32150,18,1
1,NewOrder,1772025374.636435,30596,3,1
5,StockLevel,1772025374.637426,5349,19,1
2,Payment,1772025374.639708,17018,0,1
2,Payment,1772025374.640204,30382,7,1
2,Payment,1772025374.641391,22040,5,1
1,NewOrder,1772025374.642002,23766,20,1
2,Payment,1772025374.642036,17093,2,1
2,Payment,1772025374.642802,3900,19,1
1,NewOrder,1772025374.643038,24993,9,1
1,NewOrder,1772025374.643331,8570,14,1
1,NewOrder,1772025374.643456,32296,17,1
1,NewOrder,1772025374.643627,21767,12,1
1,NewOrder,1772025374.643649,16388,23,1
2,Payment,1772025374.644994,4637,22,1
2,Payment,1772025374.646722,4668,19,1
1,NewOrder,1772025374.648573,26181,13,1
2,Payment,1772025374.648945,27126,10,1
5,StockLevel,1772025374.649191,15079,4,1
1,NewOrder,1772025374.649635,18024,22,1
2,Payment,1772025374.651407,2015,19,1
1,NewOrder,1772025374.651911,20800,14,1
2,Payment,1772025374.652768,17059,1,1
1,NewOrder,1772025374.653157,11847,21,1
2,Payment,1772025374.653438,3168,19,1
2,Payment,1772025374.655535,24114,6,1
4,Delivery,1772025374.656111,27818,15,1
3,OrderStatus,1772025374.656207,7267,16,1
4,Delivery,1772025374.656621,8839,19,1
1,NewOrder,1772025374.656752,17588,0,1
2,Payment,1772025374.659147,13998,2,1
1,NewOrder,1772025374.660047,40447,23,1
1,NewOrder,1772025374.661527,22424,8,1
4,Delivery,1772025374.663443,66315,5,1
2,Payment,1772025374.663484,6320,16,1
2,Payment,1772025374.664280,17724,4,1
1,NewOrder,1772025374.665013,18751,21,1
2,Payment,1772025374.665402,12961,12,1
2,Payment,1772025374.665471,2955,19,1
2,Payment,1772025374.665773,10539,20,1
2,Payment,1772025374.666273,17520,11,1
1,NewOrder,1772025374.667043,16946,3,1
2,Payment,1772025374.667672,15771,22,1
1,NewOrder,1772025374.668047,30774,9,1
2,Payment,1772025374.668442,20749,19,1
4,Delivery,1772025374.668468,20362,18,1
1,NewOrder,1772025374.669822,14187,16,1
1,NewOrder,1772025374.669836,37137,1,1
1,NewOrder,1772025374.670592,10939,7,1
5,StockLevel,1772025374.672729,33044,14,1
2,Payment,1772025374.673190,16052,2,1
2,Payment,1772025374.674352,22871,0,1
2,Payment,1772025374.674764,12433,13,1
1,NewOrder,1772025374.675778,40872,17,1
2,Payment,1772025374.676089,15816,10,1
1,NewOrder,1772025374.676338,40998,20,1
3,OrderStatus,1772025374.678370,10090,12,1
1,NewOrder,1772025374.679665,7199,6,1
2,Payment,1772025374.681557,17804,7,1
3,OrderStatus,1772025374.682031,12545,4,1
1,NewOrder,1772025374.683451,28917,22,1
1,NewOrder,1772025374.683773,9656,21,1
1,NewOrder,1772025374.683803,24718,11,1
4,Delivery,1772025374.683933,31259,15,1
1,NewOrder,1772025374.683957,9435,8,1
2,Payment,1772025374.684000,18676,3,1
2,Payment,1772025374.684019,5756,16,1
1,NewOrder,1772025374.686871,7694,6,1
2,Payment,1772025374.687207,5594,13,1
2,Payment,1772025374.688471,6876,12,1
2,Payment,1772025374.688840,10363,18,1
3,OrderStatus,1772025374.689199,9317,19,1
2,Payment,1772025374.689253,19670,2,1
2,Payment,1772025374.689780,7927,16,1
1,NewOrder,1772025374.691914,29337,10,1
2,Payment,1772025374.692827,8033,13,1
1,NewOrder,1772025374.693398,7940,8,1
3,OrderStatus,1772025374.693440,1808,21,1
2,Payment,1772025374.694572,6678,6,1
1,NewOrder,1772025374.694587,28068,4,1
1,NewOrder,1772025374.695256,29198,21,1
2,Payment,1772025374.695352,8583,12,1
1,NewOrder,1772025374.697249,31162,0,1
2,Payment,1772025374.697717,10439,16,1
1,NewOrder,1772025374.698523,26394,19,1
1,NewOrder,1772025374.698831,23171,9,1
2,Payment,1772025374.699209,9369,18,1
2,Payment,1772025374.699387,3997,7,1
1,NewOrder,1772025374.700498,20783,23,1
2,Payment,1772025374.700869,14344,13,1
2,Payment,1772025374.701266,4421,6,1
1,NewOrder,1772025374.701365,13363,8,1
2,Payment,1772025374.702683,11074,3,1
1,NewOrder,1772025374.703394,22542,7,1
1,NewOrder,1772025374.703940,30795,12,1
2,Payment,1772025374.705691,2912,6,1
1,NewOrder,1772025374.705784,30775,14,1
1,NewOrder,1772025374.706978,23245,1,1
2,Payment,1772025374.708170,13163,16,1
1,NewOrder,1772025374.708542,30770,11,1
4,Delivery,1772025374.708590,13005,18,1
2,Payment,1772025374.708620,4191,6,1
1,NewOrder,1772025374.708934,31011,2,1
1,NewOrder,1772025374.712374,35325,22,1
1,NewOrder,1772025374.712817,16903,6,1
2,Payment,1772025374.713769,6890,3,1
2,Payment,1772025374.714737,10271,8,1
1,NewOrder,1772025374.715207,38614,15,1
2,Payment,1772025374.715239,11296,13,1
1,NewOrder,1772025374.716662,14342,17,1
2,Payment,1772025374.717360,5597,20,1
1,NewOrder,1772025374.720669,28580,3,1
2,Payment,1772025374.721275,14799,10,1
1,NewOrder,1772025374.721308,56374,23,1
2,Payment,1772025374.721358,13429,16,1
3,OrderStatus,1772025374.721600,9500,18,1
1,NewOrder,1772025374.722008,27957,9,1
1,NewOrder,1772025374.722681,25043,4,1
2,Payment,1772025374.722972,6384,20,1
2,Payment,1772025374.724465,14380,21,1
5,StockLevel,1772025374.724922,25894,19,1
1,NewOrder,1772025374.725020,18143,8,1
1,NewOrder,1772025374.725941,23715,7,1
1,NewOrder,1772025374.726544,72941,13,1
2,Payment,1772025374.728421,5908,0,1
1,NewOrder,1772025374.729366,20211,20,1
2,Payment,1772025374.729726,14629,6,1
1,NewOrder,1772025374.729770,20536,5,1
4,Delivery,1772025374.730228,24971,1,1
2,Payment,1772025374.731008,9502,17,1
2,Payment,1772025374.731111,12855,18,1
2,Payment,1772025374.734339,6983,0,1
1,NewOrder,1772025374.734740,36826,12,1
1,NewOrder,1772025374.734797,22487,16,1
2,Payment,1772025374.736082,17282,10,1
1,NewOrder,1772025374.736569,37697,14,1
1,NewOrder,1772025374.738855,18820,21,1
1,NewOrder,1772025374.739320,18381,11,1
2,Payment,1772025374.739956,6288,2,1
1,NewOrder,1772025374.740518,18069,17,1
1,NewOrder,1772025374.741327,16404,0,1
3,OrderStatus,1772025374.743170,4835,8,1
2,Payment,1772025374.743975,5650,18,1
2,Payment,1772025374.744361,25282,6,1
2,Payment,1772025374.746252,7599,2,1
1,NewOrder,1772025374.747704,33628,22,1
1,NewOrder,1772025374.747731,29148,4,1
2,Payment,1772025374.748013,29892,8,1
1,NewOrder,1772025374.749260,28387,3,1
2,Payment,1772025374.749588,15245,20,1
1,NewOrder,1772025374.749631,29615,18,1
1,NewOrder,1772025374.749661,30547,7,1
1,NewOrder,1772025374.749970,30841,9,1
2,Payment,1772025374.750317,14403,5,1
1,NewOrder,1772025374.750821,34364,19,1
5,StockLevel,1772025374.753375,28054,10,1
2,Payment,1772025374.753826,8960,15,1
1,NewOrder,1772025374.753861,27818,2,1
2,Payment,1772025374.755209,19602,1,1
4,Delivery,1772025374.757293,16031,16,1
1,NewOrder,1772025374.757682,6702,21,1
1,NewOrder,1772025374.757708,6278,11,1
2,Payment,1772025374.757736,20146,0,1
2,Payment,1772025374.758594,5853,17,1
1,NewOrder,1772025374.762793,44462,15,1
2,Payment,1772025374.763996,8542,11,1
1,NewOrder,1772025374.764396,9459,21,1
1,NewOrder,1772025374.764457,12842,17,1
1,NewOrder,1772025374.764725,44657,5,1
1,NewOrder,1772025374.764839,45250,20,1
1,NewOrder,1772025374.769651,17110,6,1
1,NewOrder,1772025374.771570,51820,12,1
1,NewOrder,1772025374.772551,14247,11,1
1,NewOrder,1772025374.773333,14761,16,1
2,Payment,1772025374.773866,4847,21,1
2,Payment,1772025374.774272,10200,14,1
1,NewOrder,1772025374.774821,41030,1,1
1,NewOrder,1772025374.776890,11761,4,1
2,Payment,1772025374.777307,12352,17,1
1,NewOrder,1772025374.777654,34035,3,1
1,NewOrder,1772025374.777688,32354,23,1
1,NewOrder,1772025374.777889,25178,0,1
1,NewOrder,1772025374.777912,35730,8,1
3,OrderStatus,1772025374.778718,6829,21,1
2,Payment,1772025374.779252,10764,18,1
2,Payment,1772025374.780216,4607,7,1
2,Payment,1772025374.780822,16043,9,1
2,Payment,1772025374.781337,10384,22,1
5,StockLevel,1772025374.781437,5008,10,1
2,Payment,1772025374.781686,4688,2,1
1,NewOrder,1772025374.784486,31764,14,1
4,Delivery,1772025374.784834,27715,7,1
2,Payment,1772025374.785194,10197,19,1
2,Payment,1772025374.785552,15723,21,1
5,StockLevel,1772025374.786378,2060,2,1
4,Delivery,1772025374.786450,26414,10,1
1,NewOrder,1772025374.786763,33958,6,1
1,NewOrder,1772025374.786809,33562,11,1
1,NewOrder,1772025374.788100,22410,16,1
1,NewOrder,1772025374.788449,7645,2,1
1,NewOrder,1772025374.788655,7784,4,1
2,Payment,1772025374.789667,10199,17,1
3,OrderStatus,1772025374.790021,9948,18,1
1,NewOrder,1772025374.791728,13276,22,1
1,NewOrder,1772025374.795397,19732,19,1
1,NewOrder,1772025374.796100,8554,2,1
4,Delivery,1772025374.796443,28093,4,1
3,OrderStatus,1772025374.796875,6942,9,1
2,Payment,1772025374.799502,10569,13,1
2,Payment,1772025374.799878,17912,17,1
2,Payment,1772025374.799991,5044,18,1
2,Payment,1772025374.801299,7685,21,1
5,StockLevel,1772025374.803082,12570,0,1
2,Payment,1772025374.803828,4704,9,1
2,Payment,1772025374.804670,2857,2,1
2,Payment,1772025374.805009,9009,22,1
2,Payment,1772025374.805042,20227,18,1
2,Payment,1772025374.807266,22334,15,1
1,NewOrder,1772025374.807533,19435,2,1
1,NewOrder,1772025374.808559,45785,9,1
1,NewOrder,1772025374.808988,30031,21,1
1,NewOrder,1772025374.809393,41881,5,1
2,Payment,1772025374.810052,18152,23,1
2,Payment,1772025374.810092,25309,13,1
1,NewOrder,1772025374.810099,12533,20,1
1,NewOrder,1772025374.810520,15110,16,1
3,OrderStatus,1772025374.811700,4623,3,1
2,Payment,1772025374.812555,4529,7,1
2,Payment,1772025374.812872,8704,10,1
2,Payment,1772025374.813653,18820,8,1
2,Payment,1772025374.814027,20901,22,1
1,NewOrder,1772025374.815136,35736,19,1
1,NewOrder,1772025374.815656,11277,0,1
2,Payment,1772025374.815856,11106,1,1
4,Delivery,1772025374.816260,55266,14,1
1,NewOrder,1772025374.816334,12260,3,1
5,StockLevel,1772025374.817105,7120,7,1
1,NewOrder,1772025374.817795,41568,17,1
2,Payment,1772025374.820383,17684,11,1
1,NewOrder,1772025374.820734,5938,6,1
2,Payment,1772025374.821586,22039,10,1
2,Payment,1772025374.822642,20325,20,1
1,NewOrder,1772025374.823395,26247,12,1
2,Payment,1772025374.824247,16542,7,1
2,Payment,1772025374.824547,9936,4,1
1,NewOrder,1772025374.825275,34995,18,1
1,NewOrder,1772025374.825640,30074,16,1
1,NewOrder,1772025374.826699,8303,6,1
1,NewOrder,1772025374.826939,34819,0,1
1,NewOrder,1772025374.826970,36120,1,1
3,OrderStatus,1772025374.826979,9669,2,1
2,Payment,1772025374.828217,2508,23,1
1,NewOrder,1772025374.828627,6421,3,1
2,Payment,1772025374.829610,10313,15,1
1,NewOrder,1772025374.830730,12197,23,1
2,Payment,1772025374.832486,15619,8,1
2,Payment,1772025374.834493,10154,4,1
2,Payment,1772025374.834954,13035,22,1
1,NewOrder,1772025374.835024,7965,6,1
2,Payment,1772025374.835075,12641,3,1
1,NewOrder,1772025374.835411,12794,13,1
2,Payment,1772025374.836674,16360,2,1
2,Payment,1772025374.838072,14581,11,1
1,NewOrder,1772025374.839027,30228,21,1
2,Payment,1772025374.839934,5644,15,1
2,Payment,1772025374.840825,15213,7,1
2,Payment,1772025374.842953,19817,23,1
2,Payment,1772025374.842994,11736,20,1
3,OrderStatus,1772025374.843007,2972,6,1
3,OrderStatus,1772025374.843630,3816,10,1
1,NewOrder,1772025374.844658,26933,4,1
1,NewOrder,1772025374.845584,31031,15,1
1,NewOrder,1772025374.845999,18637,6,1
1,NewOrder,1772025374.847470,15650,10,1
2,Payment,1772025374.847742,8384,3,1
2,Payment,1772025374.847995,23102,22,1
2,Payment,1772025374.848110,17990,8,1
3,OrderStatus,1772025374.848216,4223,13,1
2,Payment,1772025374.849669,8142,12,1
2,Payment,1772025374.850883,26769,19,1
1,NewOrder,1772025374.851279,17278,5,1
1,NewOrder,1772025374.852449,21608,13,1
3,OrderStatus,1772025374.852680,8327,11,1
2,Payment,1772025374.853038,12527,2,1
1,NewOrder,1772025374.854363,17280,9,1
1,NewOrder,1772025374.854734,34774,20,1
1,NewOrder,1772025374.855724,15898,16,1
1,NewOrder,1772025374.856048,29512,7,1
1,NewOrder,1772025374.856130,32851,3,1
2,Payment,1772025374.857821,9752,12,1
1,NewOrder,1772025374.859389,22473,17,1
1,NewOrder,1772025374.860286,17282,18,1
2,Payment,1772025374.861033,12296,11,1
1,NewOrder,1772025374.861766,12659,0,1
1,NewOrder,1772025374.862780,21336,23,1
2,Payment,1772025374.863095,10845,1,1
4,Delivery,1772025374.863132,49554,10,1
1,NewOrder,1772025374.864641,35031,6,1
1,NewOrder,1772025374.865573,31166,2,1
5,StockLevel,1772025374.866114,18569,8,1
2,Payment,1772025374.867588,9768,12,1
2,Payment,1772025374.868583,8347,5,1
2,Payment,1772025374.869270,13555,21,1
2,Payment,1772025374.871109,16860,22,1
3,OrderStatus,1772025374.871553,3901,14,1
2,Payment,1772025374.871604,10565,4,1
1,NewOrder,1772025374.871648,16450,16,1
1,NewOrder,1772025374.871676,18809,9,1
1,NewOrder,1772025374.873349,23930,11,1
2,Payment,1772025374.873950,21408,1,1
5,StockLevel,1772025374.874069,17753,13,1
2,Payment,1772025374.874431,12713,0,1
2,Payment,1772025374.875480,6788,14,1
2,Payment,1772025374.876625,11809,15,1
2,Payment,1772025374.876938,23505,5,1
1,NewOrder,1772025374.877373,17094,12,1
1,NewOrder,1772025374.877594,14610,18,1
1,NewOrder,1772025374.877663,22742,19,1
1,NewOrder,1772025374.881890,10021,17,1
2,Payment,1772025374.882190,29999,4,1
2,Payment,1772025374.882294,16079,14,1
2,Payment,1772025374.882831,13554,21,1
5,StockLevel,1772025374.884126,15139,23,1
4,Delivery,1772025374.884696,28370,8,1
2,Payment,1772025374.885574,9413,7,1
2,Payment,1772025374.887162,28237,0,1
1,NewOrder,1772025374.887973,52348,22,1
1,NewOrder,1772025374.888107,20680,16,1
2,Payment,1772025374.888444,7016,15,1
1,NewOrder,1772025374.889008,28289,3,1
1,NewOrder,1772025374.889535,27132,20,1
4,Delivery,1772025374.890497,22524,9,1
1,NewOrder,1772025374.891832,16438,13,1
2,Payment,1772025374.891922,10393,17,1
2,Payment,1772025374.892209,6692,18,1
3,OrderStatus,1772025374.894473,5789,12,1
2,Payment,1772025374.894992,5013,7,1
2,Payment,1772025374.895385,22988,1,1
1,NewOrder,1772025374.895487,10330,15,1
2,Payment,1772025374.896423,9745,21,1
2,Payment,1772025374.896745,27803,2,1
1,NewOrder,1772025374.897290,17156,11,1
1,NewOrder,1772025374.898383,11439,14,1
2,Payment,1772025374.898907,14189,18,1
2,Payment,1772025374.899275,18769,23,1
2,Payment,1772025374.899684,9061,6,1
5,StockLevel,1772025374.900009,9466,7,1
5,StockLevel,1772025374.900271,7499,12,1
3,OrderStatus,1772025374.900414,9582,19,1
5,StockLevel,1772025374.900448,9071,5,1
2,Payment,1772025374.902342,2634,17,1
1,NewOrder,1772025374.904984,7661,17,1
2,Payment,1772025374.905844,3171,15,1
2,Payment,1772025374.906193,18114,21,1
2,Payment,1772025374.907795,6290,12,1
2,Payment,1772025374.908286,8485,13,1
1,NewOrder,1772025374.908755,15464,6,1
2,Payment,1772025374.908798,15388,16,1
1,NewOrder,1772025374.909021,15180,15,1
2,Payment,1772025374.909484,3663,7,1
1,NewOrder,1772025374.909526,29456,5,1
2,Payment,1772025374.909831,18985,14,1
1,NewOrder,1772025374.910001,9792,19,1
4,Delivery,1772025374.912202,18522,4,1
2,Payment,1772025374.912678,23160,17,1
2,Payment,1772025374.912691,19655,10,1
2,Payment,1772025374.913038,3281,9,1
2,Payment,1772025374.913074,25950,8,1
2,Payment,1772025374.913107,20707,18,1
2,Payment,1772025374.913154,10140,7,1
2,Payment,1772025374.914098,26699,12,1
1,NewOrder,1772025374.914458,12409,11,1
1,NewOrder,1772025374.915424,10494,0,1
1,NewOrder,1772025374.916337,18799,9,1
2,Payment,1772025374.916679,21405,20,1
4,Delivery,1772025374.916780,23924,13,1
2,Payment,1772025374.917304,15531,3,1
2,Payment,1772025374.918055,24786,23,1
1,NewOrder,1772025374.918386,21057,1,1
1,NewOrder,1772025374.919797,33415,19,1
2,Payment,1772025374.923306,19146,7,1
2,Payment,1772025374.924206,22173,16,1
2,Payment,1772025374.924217,25798,15,1
1,NewOrder,1772025374.924246,34132,6,1
1,NewOrder,1772025374.924323,24680,21,1
1,NewOrder,1772025374.924555,38721,2,1
3,OrderStatus,1772025374.925925,1194,0,1
1,NewOrder,1772025374.926883,6556,11,1
1,NewOrder,1772025374.927136,4014,0,1
4,Delivery,1772025374.928823,12091,14,1
1,NewOrder,1772025374.930738,13563,4,1
1,NewOrder,1772025374.931165,13518,0,1
1,NewOrder,1772025374.932357,33972,10,1
1,NewOrder,1772025374.932845,37247,3,1
2,Payment,1772025374.933444,11536,11,1
5,StockLevel,1772025374.933818,10237,18,1
1,NewOrder,1772025374.935160,32120,9,1
4,Delivery,1772025374.935849,5050,17,1
1,NewOrder,1772025374.938093,21068,20,1
1,NewOrder,1772025374.939007,29616,5,1
1,NewOrder,1772025374.939050,15836,8,1
1,NewOrder,1772025374.939468,34105,1,1
2,Payment,1772025374.940340,9698,22,1
1,NewOrder,1772025374.940716,21241,13,1
1,NewOrder,1772025374.940808,29596,12,1
2,Payment,1772025374.940905,15827,17,1
1,NewOrder,1772025374.940926,31882,14,1
2,Payment,1772025374.942458,10258,7,1
1,NewOrder,1772025374.942850,25803,23,1
2,Payment,1772025374.944063,12223,18,1
2,Payment,1772025374.944312,5829,4,1
2,Payment,1772025374.944693,9401,0,1
5,StockLevel,1772025374.944985,9649,11,1
1,NewOrder,1772025374.946390,30056,16,1
1,NewOrder,1772025374.949015,23050,21,1
5,StockLevel,1772025374.950024,9390,15,1
2,Payment,1772025374.950046,13714,22,1
2,Payment,1772025374.950162,6542,4,1
2,Payment,1772025374.952726,6251,7,1
1,NewOrder,1772025374.953217,23860,19,1
4,Delivery,1772025374.954104,9656,0,1
2,Payment,1772025374.954642,9158,11,1
2,Payment,1772025374.954897,14874,8,1
1,NewOrder,1772025374.956307,25862,18,1
1,NewOrder,1772025374.956710,16563,4,1
2,Payment,1772025374.956743,6988,17,1
1,NewOrder,1772025374.958389,24062,6,1
2,Payment,1772025374.958983,16363,7,1
5,StockLevel,1772025374.959172,22407,20,1
1,NewOrder,1772025374.959420,14488,15,1
3,OrderStatus,1772025374.961964,8213,13,1
3,OrderStatus,1772025374.963303,7522,2,1
5,StockLevel,1772025374.963737,19591,17,1
2,Payment,1772025374.963773,4542,0,1
2,Payment,1772025374.963773,12699,22,1
2,Payment,1772025374.963806,15258,11,1
2,Payment,1772025374.966369,21512,10,1
1,NewOrder,1772025374.967305,14467,9,1
1,NewOrder,1772025374.968341,13770,0,1
2,Payment,1772025374.968649,7545,5,1
2,Payment,1772025374.968671,12510,23,1
1,NewOrder,1772025374.969796,17529,8,1
2,Payment,1772025374.970107,15418,3,1
1,NewOrder,1772025374.970208,13815,13,1
1,NewOrder,1772025374.970411,22586,12,1
2,Payment,1772025374.970831,18732,2,1
1,NewOrder,1772025374.972076,11638,21,1
1,NewOrder,1772025374.972818,11225,14,1
2,Payment,1772025374.973284,20674,4,1
3,OrderStatus,1772025374.973577,10439,1,1
2,Payment,1772025374.973918,6060,15,1
2,Payment,1772025374.975371,23007,7,1
2,Payment,1772025374.976205,25417,5,1
2,Payment,1772025374.976456,11806,16,1
3,OrderStatus,1772025374.976479,4811,22,1
1,NewOrder,1772025374.977088,10679,19,1
2,Payment,1772025374.979070,25261,11,1
1,NewOrder,1772025374.979985,25124,15,1
1,NewOrder,1772025374.981205,28832,23,1
1,NewOrder,1772025374.981316,18245,22,1
1,NewOrder,1772025374.981594,22694,20,1
2,Payment,1772025374.981778,30652,9,1
1,NewOrder,1772025374.982121,22650,0,1
1,NewOrder,1772025374.982179,16416,18,1
2,Payment,1772025374.982460,32277,6,1
1,NewOrder,1772025374.983351,21789,17,1
1,NewOrder,1772025374.983729,9675,21,1
1,NewOrder,1772025374.984028,19654,1,1
2,Payment,1772025374.984037,6739,13,1
2,Payment,1772025374.984054,9298,14,1
2,Payment,1772025374.985536,25218,3,1
2,Payment,1772025374.987334,6222,8,1
2,Payment,1772025374.987793,3458,19,1
1,NewOrder,1772025374.987907,25747,10,1
1,NewOrder,1772025374.988288,12603,16,1
1,NewOrder,1772025374.989574,15564,2,1
2,Payment,1772025374.990783,7625,13,1
2,Payment,1772025374.991265,2109,19,1
2,Payment,1772025374.993004,11256,12,1
2,Payment,1772025374.993359,17819,14,1
2,Payment,1772025374.993380,4624,19,1
2,Payment,1772025374.993409,8099,21,1
1,NewOrder,1772025374.993564,14818,8,1
2,Payment,1772025374.993962,22277,4,1
2,Payment,1772025374.998013,6715,19,1
1,NewOrder,1772025374.998390,21976,7,1
2,Payment,1772025374.998414,17328,13,1
2,Payment,1772025374.998605,14648,18,1
2,Payment,1772025374.999587,18662,22,1
4,Delivery,1772025375.000903,36939,16,1
1,NewOrder,1772025375.001532,11746,21,1
2,Payment,1772025375.001628,36036,5,1
2,Payment,1772025375.003708,16355,1,1
1,NewOrder,1772025375.004285,33467,12,1
5,StockLevel,1772025375.004314,28269,20,1
1,NewOrder,1772025375.004357,33240,11,1
5,StockLevel,1772025375.004738,17678,19,1
2,Payment,1772025375.004782,18586,0,1
4,Delivery,1772025375.005123,33699,15,1
1,NewOrder,1772025375.005148,6908,17,1
4,Delivery,1772025375.005152,8476,2,1
2,Payment,1772025375.008408,8412,8,1
1,NewOrder,1772025375.010047,27667,23,1
1,NewOrder,1772025375.010767,27015,3,1
1,NewOrder,1772025375.011201,15102,14,1
2,Payment,1772025375.012067,6659,17,1
4,Delivery,1772025375.012441,26607,9,1
2,Payment,1772025375.013278,8237,18,1
1,NewOrder,1772025375.013304,26799,21,1
2,Payment,1772025375.013637,13773,2,1
1,NewOrder,1772025375.013661,19810,10,1
2,Payment,1772025375.014751,7778,6,1
1,NewOrder,1772025375.015750,21874,13,1
3,OrderStatus,1772025375.016256,8509,4,1
1,NewOrder,1772025375.016825,20860,8,1
2,Payment,1772025375.018255,6893,22,1
2,Payment,1772025375.018736,4109,17,1
1,NewOrder,1772025375.020068,17743,1,1
4,Delivery,1772025375.020373,18953,7,1
2,Payment,1772025375.021526,15226,18,1
2,Payment,1772025375.022424,19638,19,1
2,Payment,1772025375.022538,7667,6,1
1,NewOrder,1772025375.022852,14679,17,1
1,NewOrder,1772025375.023372,17028,0,1
2,Payment,1772025375.024775,18445,4,1
2,Payment,1772025375.025157,22773,22,1
3,OrderStatus,1772025375.026311,5542,14,1
1,NewOrder,1772025375.027418,11393,2,1
1,NewOrder,1772025375.030231,10193,6,1
1,NewOrder,1772025375.031890,9227,14,1
2,Payment,1772025375.032604,21858,20,1
2,Payment,1772025375.033492,6140,10,1
1,NewOrder,1772025375.036762,20489,18,1
1,NewOrder,1772025375.037542,15998,17,1
1,NewOrder,1772025375.037604,11784,11,1
2,Payment,1772025375.037631,5883,13,1
2,Payment,1772025375.037675,18710,5,1
4,Delivery,1772025375.037692,2597,8,1
2,Payment,1772025375.037725,25785,23,1
2,Payment,1772025375.037758,19892,12,1
2,Payment,1772025375.037790,12734,3,1
3,OrderStatus,1772025375.037816,8429,1,1
2,Payment,1772025375.037850,12325,16,1
1,NewOrder,1772025375.038819,15986,2,1
3,OrderStatus,1772025375.038831,6216,15,1
2,Payment,1772025375.039059,12602,9,1
1,NewOrder,1772025375.039332,16358,7,1
2,Payment,1772025375.039639,1999,10,1
2,Payment,1772025375.040114,26705,21,1
1,NewOrder,1772025375.040299,15807,8,1
1,NewOrder,1772025375.040411,10283,0,1
1,NewOrder,1772025375.040435,10247,6,1
2,Payment,1772025375.041121,23578,14,1
2,Payment,1772025375.041645,3895,10,1
3,OrderStatus,1772025375.042073,6199,19,1
2,Payment,1772025375.043245,19622,4,1
1,NewOrder,1772025375.043522,29449,13,1
2,Payment,1772025375.045053,24787,15,1
1,NewOrder,1772025375.045543,16184,10,1
1,NewOrder,1772025375.046271,13271,1,1
3,OrderStatus,1772025375.047940,4732,22,1
2,Payment,1772025375.048283,24195,19,1
2,Payment,1772025375.049394,8717,11,1
1,NewOrder,1772025375.050201,22788,16,1
1,NewOrder,1772025375.050542,26680,3,1
2,Payment,1772025375.050693,10628,6,1
1,NewOrder,1772025375.050704,13656,0,1
1,NewOrder,1772025375.051666,33103,9,1
2,Payment,1772025375.052683,24986,22,1
1,NewOrder,1772025375.053550,8144,17,1
1,NewOrder,1772025375.054467,25087,20,1
2,Payment,1772025375.054815,12343,2,1
2,Payment,1772025375.055700,13722,7,1
1,NewOrder,1772025375.056118,8828,8,1
1,NewOrder,1772025375.056411,25236,5,1
5,StockLevel,1772025375.057262,1886,18,1
2,Payment,1772025375.057656,17822,12,1
2,Payment,1772025375.058119,15383,11,1
1,NewOrder,1772025375.059163,16680,18,1
2,Payment,1772025375.059568,14019,1,1
2,Payment,1772025375.061346,16212,6,1
1,NewOrder,1772025375.061711,24702,17,1
2,Payment,1772025375.061754,20450,10,1
1,NewOrder,1772025375.062878,23083,4,1
2,Payment,1772025375.063520,19100,23,1
1,NewOrder,1772025375.064366,24668,0,1
1,NewOrder,1772025375.064710,31949,14,1
1,NewOrder,1772025375.064961,11480,8,1
5,StockLevel,1772025375.066840,17232,21,1
1,NewOrder,1772025375.067169,31906,2,1
1,NewOrder,1772025375.069442,21132,7,1
1,NewOrder,1772025375.069850,26107,15,1
2,Payment,1772025375.072486,19235,19,1
2,Payment,1772025375.073000,9632,13,1
1,NewOrder,1772025375.073007,19748,16,1
2,Payment,1772025375.073514,11766,11,1
1,NewOrder,1772025375.073597,22445,1,1
2,Payment,1772025375.075489,14764,12,1
2,Payment,1772025375.075848,23127,18,1
1,NewOrder,1772025375.076467,21700,8,1
1,NewOrder,1772025375.077231,15150,3,1
2,Payment,1772025375.077564,10702,6,1
2,Payment,1772025375.077675,25036,22,1
2,Payment,1772025375.079563,31825,20,1
1,NewOrder,1772025375.081672,13668,5,1
2,Payment,1772025375.082210,9758,10,1
1,NewOrder,1772025375.082627,27383,23,1
3,OrderStatus,1772025375.082644,9360,13,1
2,Payment,1772025375.084090,36343,21,1
2,Payment,1772025375.084783,16507,9,1
2,Payment,1772025375.085307,19866,11,1
2,Payment,1772025375.085968,4578,4,1
1,NewOrder,1772025375.086441,30152,17,1
1,NewOrder,1772025375.088291,6463,6,1
3,OrderStatus,1772025375.089039,8119,0,1
2,Payment,1772025375.090262,6947,12,1
1,NewOrder,1772025375.090551,19928,4,1
1,NewOrder,1772025375.090582,22781,7,1
1,NewOrder,1772025375.091748,20051,19,1
1,NewOrder,1772025375.091982,21355,10,1
1,NewOrder,1772025375.092032,22170,13,1
1,NewOrder,1772025375.092407,19160,3,1
2,Payment,1772025375.092767,9565,16,1
2,Payment,1772025375.094765,13375,6,1
3,OrderStatus,1772025375.095350,1186,5,1
2,Payment,1772025375.095963,11737,15,1
1,NewOrder,1772025375.096053,31075,1,1
2,Payment,1772025375.096544,1999,5,1
1,NewOrder,1772025375.096670,15768,14,1
2,Payment,1772025375.097173,9861,0,1
1,NewOrder,1772025375.097215,16069,12,1
1,NewOrder,1772025375.098185,19113,8,1
2,Payment,1772025375.098549,2321,5,1
2,Payment,1772025375.098990,25851,18,1
2,Payment,1772025375.099102,15430,2,1
1,NewOrder,1772025375.100874,25610,5,1
1,NewOrder,1772025375.101316,27399,9,1
2,Payment,1772025375.102342,13054,16,1
4,Delivery,1772025375.102722,52828,22,1
2,Payment,1772025375.105185,10896,11,1
2,Payment,1772025375.107045,15753,0,1
1,NewOrder,1772025375.107719,28799,15,1
5,StockLevel,1772025375.108166,14445,6,1
2,Payment,1772025375.110035,20590,23,1
1,NewOrder,1772025375.110505,10474,4,1
2,Payment,1772025375.111394,28020,20,1
1,NewOrder,1772025375.111570,17469,3,1
2,Payment,1772025375.111810,24045,19,1
2,Payment,1772025375.112448,10757,14,1
2,Payment,1772025375.113306,14352,12,1
2,Payment,1772025375.113364,9811,10,1
1,NewOrder,1772025375.113390,7649,7,1
1,NewOrder,1772025375.114212,6441,13,1
1,NewOrder,1772025375.114553,22331,2,1
2,Payment,1772025375.115422,19469,16,1
5,StockLevel,1772025375.116088,23468,11,1
2,Payment,1772025375.116604,27910,17,1
2,Payment,1772025375.117319,14094,8,1
1,NewOrder,1772025375.120459,14437,21,1
1,NewOrder,1772025375.120660,8351,13,1
3,OrderStatus,1772025375.120986,1872,4,1
2,Payment,1772025375.121049,17160,7,1
1,NewOrder,1772025375.122636,31134,6,1
1,NewOrder,1772025375.122808,18541,0,1
5,StockLevel,1772025375.122868,4410,4,1
2,Payment,1772025375.123185,6796,10,1
2,Payment,1772025375.123215,17025,14,1
2,Payment,1772025375.124846,19053,18,1
2,Payment,1772025375.126495,7928,5,1
1,NewOrder,1772025375.127139,27216,1,1
1,NewOrder,1772025375.127282,8525,4,1
1,NewOrder,1772025375.127672,23437,12,1
2,Payment,1772025375.128726,6231,9,1
1,NewOrder,1772025375.129015,19916,13,1
2,Payment,1772025375.129050,9577,3,1
1,NewOrder,1772025375.129986,21804,10,1
1,NewOrder,1772025375.130653,21165,23,1
2,Payment,1772025375.131419,11227,8,1
1,NewOrder,1772025375.134433,23393,5,1
2,Payment,1772025375.134901,16563,16,1
2,Payment,1772025375.134906,16730,21,1
2,Payment,1772025375.134966,11859,9,1
5,StockLevel,1772025375.135817,7932,4,1
2,Payment,1772025375.135866,21458,19,1
1,NewOrder,1772025375.136543,17820,15,1
3,OrderStatus,1772025375.136898,7521,2,1
2,Payment,1772025375.138217,11315,7,1
1,NewOrder,1772025375.138631,27421,3,1
5,StockLevel,1772025375.139431,11618,20,1
1,NewOrder,1772025375.139572,16900,11,1
1,NewOrder,1772025375.140250,44468,14,1
1,NewOrder,1772025375.141375,17619,0,1
2,Payment,1772025375.142656,10436,8,1
1,NewOrder,1772025375.143756,16772,4,1
5,StockLevel,1772025375.143910,14046,18,1
2,Payment,1772025375.144425,8989,2,1
2,Payment,1772025375.144525,15153,17,1
1,NewOrder,1772025375.146832,37289,9,1
2,Payment,1772025375.148953,16192,13,1
2,Payment,1772025375.149539,9184,7,1
1,NewOrder,1772025375.151073,33728,20,1
2,Payment,1772025375.151135,19945,12,1
1,NewOrder,1772025375.151477,27196,16,1
1,NewOrder,1772025375.151646,15437,21,1
1,NewOrder,1772025375.151799,51663,10,1
4,Delivery,1772025375.151829,4187,23,1
2,Payment,1772025375.153117,10882,8,1
1,NewOrder,1772025375.153427,28366,2,1
3,OrderStatus,1772025375.153795,12286,6,1
2,Payment,1772025375.154381,19992,15,1
4,Delivery,1772025375.154381,29836,1,1
1,NewOrder,1772025375.155575,5886,22,1
2,Payment,1772025375.156022,4536,23,1
2,Payment,1772025375.156483,11029,11,1
1,NewOrder,1772025375.157335,26391,19,1
2,Payment,1772025375.157837,2662,5,1
1,NewOrder,1772025375.157967,25829,18,1
1,NewOrder,1772025375.158734,25489,7,1
2,Payment,1772025375.159000,5434,0,1
1,NewOrder,1772025375.159689,25063,17,1
1,NewOrder,1772025375.160505,14827,5,1
2,Payment,1772025375.160539,10193,4,1
1,NewOrder,1772025375.160565,48457,23,1
2,Payment,1772025375.161479,2861,22,1
1,NewOrder,1772025375.164005,21381,8,1
1,NewOrder,1772025375.164346,12443,22,1
1,NewOrder,1772025375.164445,9937,0,1
2,Payment,1772025375.165155,15049,13,1
2,Payment,1772025375.166062,12279,3,1
2,Payment,1772025375.166086,7809,6,1
2,Payment,1772025375.167098,7235,21,1
1,NewOrder,1772025375.167521,27117,11,1
1,NewOrder,1772025375.170746,38798,4,1
1,NewOrder,1772025375.171087,37908,12,1
2,Payment,1772025375.173914,12677,6,1
1,NewOrder,1772025375.174348,29096,21,1
2,Payment,1772025375.174393,11371,15,1
2,Payment,1772025375.174408,8465,0,1
2,Payment,1772025375.175336,18909,5,1
1,NewOrder,1772025375.176815,24586,22,1
2,Payment,1772025375.178356,20092,3,1
2,Payment,1772025375.178694,13142,16,1
1,NewOrder,1772025375.180231,41702,13,1
1,NewOrder,1772025375.181808,7350,2,1
1,NewOrder,1772025375.182899,37804,0,1
2,Payment,1772025375.183737,14583,19,1
1,NewOrder,1772025375.183806,24765,18,1
1,NewOrder,1772025375.184130,36223,9,1
2,Payment,1772025375.184225,18443,1,1
1,NewOrder,1772025375.184245,27217,7,1
1,NewOrder,1772025375.184728,36656,14,1
1,NewOrder,1772025375.184763,24149,17,1
1,NewOrder,1772025375.184811,9520,20,1
2,Payment,1772025375.185400,3332,8,1
2,Payment,1772025375.185770,11815,15,1
1,NewOrder,1772025375.186601,28932,6,1
2,Payment,1772025375.188740,1598,8,1
1,NewOrder,1772025375.189193,5527,2,1
2,Payment,1772025375.190349,2395,8,1
1,NewOrder,1772025375.191847,23283,16,1
1,NewOrder,1772025375.192750,9853,8,1
2,Payment,1772025375.194272,14694,5,1
2,Payment,1772025375.194341,8366,20,1
1,NewOrder,1772025375.194642,8425,11,1
2,Payment,1772025375.194732,18523,2,1
1,NewOrder,1772025375.197613,21789,15,1
1,NewOrder,1772025375.198325,24101,19,1
1,NewOrder,1772025375.198459,18630,3,1
3,OrderStatus,1772025375.201411,5619,22,1
2,Payment,1772025375.202609,6394,8,1
1,NewOrder,1772025375.202671,18040,1,1
2,Payment,1772025375.202714,6170,20,1
1,NewOrder,1772025375.203072,18334,11,1
5,StockLevel,1772025375.203471,18274,21,1
1,NewOrder,1772025375.203474,23925,10,1
1,NewOrder,1772025375.207036,21755,22,1
2,Payment,1772025375.208582,8497,18,1
2,Payment,1772025375.208895,14568,20,1
2,Payment,1772025375.208923,3873,17,1
2,Payment,1772025375.208973,7674,5,1
2,Payment,1772025375.209000,10969,12,1
1,NewOrder,1772025375.209014,24547,8,1
1,NewOrder,1772025375.209034,30986,23,1
2,Payment,1772025375.209550,17292,4,1
1,NewOrder,1772025375.211473,21245,7,1
2,Payment,1772025375.212802,14552,17,1
2,Payment,1772025375.213264,17901,2,1
5,StockLevel,1772025375.215137,10434,16,1
1,NewOrder,1772025375.215543,12709,6,1
1,NewOrder,1772025375.216655,15781,5,1
2,Payment,1772025375.217090,17539,18,1
3,OrderStatus,1772025375.217095,6479,3,1
2,Payment,1772025375.219407,15040,15,1
2,Payment,1772025375.219972,23350,12,1
2,Payment,1772025375.220363,12456,9,1
1,NewOrder,1772025375.220722,33470,0,1
1,NewOrder,1772025375.220728,27687,1,1
2,Payment,1772025375.221409,26632,14,1
1,NewOrder,1772025375.221440,26298,11,1
2,Payment,1772025375.221749,21440,21,1
1,NewOrder,1772025375.221940,12804,13,1
1,NewOrder,1772025375.222438,12669,19,1
2,Payment,1772025375.223475,16946,20,1
5,StockLevel,1772025375.223589,18541,3,1
1,NewOrder,1772025375.225575,27164,16,1
2,Payment,1772025375.226847,14692,4,1
1,NewOrder,1772025375.227364,16254,17,1
2,Payment,1772025375.227405,15384,10,1
1,NewOrder,1772025375.228262,6823,6,1
1,NewOrder,1772025375.228818,9469,22,1
1,NewOrder,1772025375.231175,23602,2,1
2,Payment,1772025375.232446,13508,5,1
4,Delivery,1772025375.232724,22924,7,1
3,OrderStatus,1772025375.232830,12384,9,1
2,Payment,1772025375.233568,14539,8,1
2,Payment,1772025375.234461,20361,15,1
5,StockLevel,1772025375.234637,1926,18,1
5,StockLevel,1772025375.234750,27265,13,1
2,Payment,1772025375.235098,19826,6,1
2,Payment,1772025375.235117,11210,19,1
2,Payment,1772025375.236569,15046,18,1
1,NewOrder,1772025375.238312,5506,22,1
1,NewOrder,1772025375.240030,26243,23,1
2,Payment,1772025375.240448,16228,20,1
2,Payment,1772025375.241545,9100,4,1
2,Payment,1772025375.242137,13126,3,1
1,NewOrder,1772025375.242819,15654,10,1
1,NewOrder,1772025375.243194,40850,21,1
1,NewOrder,1772025375.243333,43815,12,1
4,Delivery,1772025375.243628,54272,17,1
1,NewOrder,1772025375.243830,13703,22,1
1,NewOrder,1772025375.245229,22427,9,1
1,NewOrder,1772025375.245960,19512,5,1
2,Payment,1772025375.246351,13625,19,1
1,NewOrder,1772025375.247763,25558,11,1
2,Payment,1772025375.248053,13448,14,1
1,NewOrder,1772025375.248134,41524,8,1
1,NewOrder,1772025375.248441,34479,1,1
1,NewOrder,1772025375.250670,25597,4,1
1,NewOrder,1772025375.251624,31940,18,1
1,NewOrder,1772025375.252749,26193,16,1
1,NewOrder,1772025375.254208,21516,0,1
3,OrderStatus,1772025375.254788,6808,2,1
1,NewOrder,1772025375.254829,27766,15,1
1,NewOrder,1772025375.254934,28067,6,1
2,Payment,1772025375.255279,6649,3,1
2,Payment,1772025375.255665,6229,7,1
1,NewOrder,1772025375.256680,36719,20,1
2,Payment,1772025375.257542,6117,22,1
1,NewOrder,1772025375.258483,16362,10,1
1,NewOrder,1772025375.259990,27844,19,1
2,Payment,1772025375.261508,15875,14,1
2,Payment,1772025375.261607,7532,2,1
2,Payment,1772025375.261900,9759,7,1
2,Payment,1772025375.261934,14715,3,1
2,Payment,1772025375.262019,5046,13,1
1,NewOrder,1772025375.263670,29335,22,1
3,OrderStatus,1772025375.265476,7381,5,1
2,Payment,1772025375.266294,11463,23,1
5,StockLevel,1772025375.267071,9479,13,1
1,NewOrder,1772025375.267691,22701,9,1
1,NewOrder,1772025375.269144,24234,2,1
3,OrderStatus,1772025375.271669,10376,7,1
2,Payment,1772025375.272867,6620,5,1
2,Payment,1772025375.273333,2989,11,1
1,NewOrder,1772025375.274855,34160,10,1
3,OrderStatus,1772025375.275735,4673,0,1
1,NewOrder,1772025375.276275,22108,4,1
2,Payment,1772025375.276329,5065,11,1
2,Payment,1772025375.276554,5664,13,1
2,Payment,1772025375.276659,10889,3,1
2,Payment,1772025375.277394,19785,14,1
2,Payment,1772025375.277762,6304,23,1
1,NewOrder,1772025375.278950,18975,16,1
2,Payment,1772025375.279497,13175,5,1
2,Payment,1772025375.280419,17924,0,1
1,NewOrder,1772025375.281401,35641,11,1
2,Payment,1772025375.282052,5881,7,1
1,NewOrder,1772025375.282222,37369,13,1
1,NewOrder,1772025375.282604,32878,15,1
1,NewOrder,1772025375.282926,29364,1,1
1,NewOrder,1772025375.283012,25901,6,1
1,NewOrder,1772025375.283569,14383,18,1
2,Payment,1772025375.284048,18078,21,1
2,Payment,1772025375.284073,6353,23,1
5,StockLevel,1772025375.287154,7623,12,1
1,NewOrder,1772025375.287558,31301,3,1
2,Payment,1772025375.287840,21143,19,1
1,NewOrder,1772025375.287936,31568,7,1
1,NewOrder,1772025375.289664,8174,8,1
1,NewOrder,1772025375.290396,31608,9,1
1,NewOrder,1772025375.290433,24206,23,1
1,NewOrder,1772025375.292678,29973,5,1
1,NewOrder,1772025375.293015,29014,22,1
1,NewOrder,1772025375.293384,27892,2,1
2,Payment,1772025375.293404,18915,20,1
2,Payment,1772025375.294787,5509,12,1
2,Payment,1772025375.297189,7271,14,1
2,Payment,1772025375.297845,4690,8,1
1,NewOrder,1772025375.297906,18746,17,1
1,NewOrder,1772025375.297930,40154,16,1
2,Payment,1772025375.297958,23701,18,1
4,Delivery,1772025375.298350,10255,0,1
2,Payment,1772025375.298394,5452,4,1
2,Payment,1772025375.300306,7307,12,1
4,Delivery,1772025375.302134,25109,21,1
2,Payment,1772025375.302541,3376,8,1
1,NewOrder,1772025375.303854,35376,4,1
4,Delivery,1772025375.304466,33970,14,1
3,OrderStatus,1772025375.305922,2943,8,1
2,Payment,1772025375.307623,4298,12,1
1,NewOrder,1772025375.308611,27690,0,1
2,Payment,1772025375.308868,20911,8,1
2,Payment,1772025375.308917,17144,6,1
1,NewOrder,1772025375.308990,25944,19,1
2,Payment,1772025375.309027,8857,10,1
4,Delivery,1772025375.311931,26747,12,1
2,Payment,1772025375.312297,9052,1,1
1,NewOrder,1772025375.312326,16581,20,1
2,Payment,1772025375.314645,13868,23,1
5,StockLevel,1772025375.315493,6578,15,1
4,Delivery,1772025375.316663,22051,17,1
2,Payment,1772025375.317050,17466,11,1
3,OrderStatus,1772025375.317895,10170,10,1
2,Payment,1772025375.318870,10364,3,1
5,StockLevel,1772025375.319510,3216,7,1
2,Payment,1772025375.319598,4913,13,1
2,Payment,1772025375.321281,10461,2,1
1,NewOrder,1772025375.321355,24666,1,1
2,Payment,1772025375.321664,10482,18,1
2,Payment,1772025375.322015,19590,9,1
2,Payment,1772025375.322038,15378,22,1
2,Payment,1772025375.322081,4306,15,1
2,Payment,1772025375.322656,11502,5,1
5,StockLevel,1772025375.322737,17343,7,1
1,NewOrder,1772025375.324516,16030,13,1
1,NewOrder,1772025375.326071,15916,6,1
1,NewOrder,1772025375.326396,10310,15,1
2,Payment,1772025375.327247,14807,21,1
1,NewOrder,1772025375.328075,16954,10,1
2,Payment,1772025375.328519,24491,23,1
1,NewOrder,1772025375.328912,18505,20,1
1,NewOrder,1772025375.329240,32006,3,1
2,Payment,1772025375.329790,22731,8,1
2,Payment,1772025375.331751,5815,2,1
2,Payment,1772025375.332157,28548,18,1
1,NewOrder,1772025375.334165,27109,5,1
2,Payment,1772025375.334520,26493,11,1
1,NewOrder,1772025375.334944,26162,19,1
2,Payment,1772025375.336306,9695,0,1
2,Payment,1772025375.336712,5472,15,1
1,NewOrder,1772025375.337422,22253,22,1
1,NewOrder,1772025375.337570,20629,2,1
2,Payment,1772025375.338089,15135,16,1
1,NewOrder,1772025375.338440,12348,14,1
1,NewOrder,1772025375.338686,13673,12,1
2,Payment,1772025375.338722,22103,17,1
1,NewOrder,1772025375.339236,13141,4,1
1,NewOrder,1772025375.340087,12921,7,1
3,OrderStatus,1772025375.340552,12291,13,1
2,Payment,1772025375.341615,26575,9,1
1,NewOrder,1772025375.341996,44792,6,1
1,NewOrder,1772025375.342061,35818,21,1
1,NewOrder,1772025375.342188,32654,15,1
2,Payment,1772025375.345037,29961,10,1
1,NewOrder,1772025375.346012,20551,0,1
2,Payment,1772025375.346026,11650,1,1
1,NewOrder,1772025375.347424,43213,20,1
5,StockLevel,1772025375.350796,5330,14,1
1,NewOrder,1772025375.352366,7786,12,1
1,NewOrder,1772025375.352382,8407,4,1
1,NewOrder,1772025375.352530,14764,8,1
1,NewOrder,1772025375.352848,15912,13,1
2,Payment,1772025375.353015,14630,23,1
1,NewOrder,1772025375.353019,8110,7,1
2,Payment,1772025375.353230,15074,16,1
2,Payment,1772025375.356130,13312,14,1
2,Payment,1772025375.357684,14918,1,1
1,NewOrder,1772025375.358210,23825,2,1
1,NewOrder,1772025375.359680,28973,22,1
2,Payment,1772025375.360163,11022,12,1
1,NewOrder,1772025375.360711,5429,18,1
2,Payment,1772025375.360801,17051,4,1
2,Payment,1772025375.360837,12203,17,1
2,Payment,1772025375.361018,18755,11,1
2,Payment,1772025375.361112,13104,19,1
4,Delivery,1772025375.361137,4428,7,1
2,Payment,1772025375.361252,21987,3,1
1,NewOrder,1772025375.361278,30281,5,1
4,Delivery,1772025375.365572,3516,7,1
2,Payment,1772025375.366144,10399,18,1
2,Payment,1772025375.366573,22698,0,1
1,NewOrder,1772025375.367302,21898,8,1
1,NewOrder,1772025375.367665,23503,23,1
4,Delivery,1772025375.368195,2335,9,1
1,NewOrder,1772025375.368310,28089,16,1
2,Payment,1772025375.368767,8703,13,1
1,NewOrder,1772025375.369093,3844,7,1
1,NewOrder,1772025375.369448,4768,14,1
2,Payment,1772025375.370535,14085,9,1
2,Payment,1772025375.371195,11332,12,1
4,Delivery,1772025375.372613,18926,1,1
3,OrderStatus,1772025375.372943,2228,7,1
2,Payment,1772025375.373046,14107,17,1
1,NewOrder,1772025375.374224,26157,14,1
1,NewOrder,1772025375.374225,22237,19,1
2,Payment,1772025375.374846,20849,15,1
2,Payment,1772025375.375009,14238,10,1
1,NewOrder,1772025375.375177,10448,7,1
1,NewOrder,1772025375.376547,16628,18,1
2,Payment,1772025375.377477,25618,13,1
1,NewOrder,1772025375.377863,23236,4,1
2,Payment,1772025375.377889,5311,21,1
1,NewOrder,1772025375.379782,25058,11,1
2,Payment,1772025375.382041,12681,2,1
1,NewOrder,1772025375.382534,14818,12,1
1,NewOrder,1772025375.383204,24996,21,1
2,Payment,1772025375.383242,14480,3,1
2,Payment,1772025375.384630,11430,9,1
2,Payment,1772025375.385631,17414,7,1
2,Payment,1772025375.386795,20559,6,1
3,OrderStatus,1772025375.387161,8058,17,1
1,NewOrder,1772025375.388660,22003,22,1
3,OrderStatus,1772025375.389207,2909,8,1
1,NewOrder,1772025375.389258,14457,10,1
2,Payment,1772025375.389276,11742,0,1
2,Payment,1772025375.390648,4986,20,1
1,NewOrder,1772025375.391173,22103,23,1
1,NewOrder,1772025375.391545,19323,1,1
2,Payment,1772025375.391567,16607,5,1
2,Payment,1772025375.392125,22567,8,1
2,Payment,1772025375.393186,8530,18,1
2,Payment,1772025375.394727,9313,2,1
3,OrderStatus,1772025375.395226,3820,17,1
1,NewOrder,1772025375.395641,15735,20,1
2,Payment,1772025375.395702,14524,15,1
2,Payment,1772025375.396065,22534,9,1
1,NewOrder,1772025375.396410,18920,16,1
2,Payment,1772025375.396473,10114,19,1
2,Payment,1772025375.397357,18253,12,1
1,NewOrder,1772025375.397726,10802,3,1
1,NewOrder,1772025375.399052,11632,17,1
1,NewOrder,1772025375.400386,10543,14,1
2,Payment,1772025375.401030,9701,0,1
2,Payment,1772025375.401109,14842,4,1
2,Payment,1772025375.401727,13485,18,1
1,NewOrder,1772025375.403056,16412,7,1
2,Payment,1772025375.403101,15029,13,1
2,Payment,1772025375.403726,21425,10,1
2,Payment,1772025375.404044,14519,2,1
2,Payment,1772025375.404847,24183,11,1
4,Delivery,1772025375.406598,12457,19,1
1,NewOrder,1772025375.407366,12059,6,1
1,NewOrder,1772025375.408182,5145,5,1
1,NewOrder,1772025375.408211,4759,21,1
2,Payment,1772025375.408534,14646,3,1
2,Payment,1772025375.410233,19162,15,1
2,Payment,1772025375.410673,7968,22,1
2,Payment,1772025375.410689,13177,17,1
1,NewOrder,1772025375.410742,13710,0,1
2,Payment,1772025375.410875,17773,1,1
2,Payment,1772025375.410934,15534,14,1
1,NewOrder,1772025375.411393,13405,20,1
2,Payment,1772025375.412976,9694,21,1
2,Payment,1772025375.413281,14892,23,1
2,Payment,1772025375.413338,20255,5,1
2,Payment,1772025375.414706,21722,8,1
2,Payment,1772025375.415219,17181,18,1
2,Payment,1772025375.415337,18659,16,1
1,NewOrder,1772025375.415617,8885,12,1
2,Payment,1772025375.415957,23752,4,1
2,Payment,1772025375.418136,20569,13,1
1,NewOrder,1772025375.418571,9151,2,1
2,Payment,1772025375.418608,22599,9,1
1,NewOrder,1772025375.418647,18326,22,1
2,Payment,1772025375.419062,18943,19,1
5,StockLevel,1772025375.419430,13812,6,1
1,NewOrder,1772025375.419479,5614,7,1
3,OrderStatus,1772025375.422680,3972,21,1
2,Payment,1772025375.423188,20709,3,1
2,Payment,1772025375.423872,19509,17,1
2,Payment,1772025375.424457,22607,0,1
1,NewOrder,1772025375.424512,2497,12,1
2,Payment,1772025375.424805,17717,20,1
2,Payment,1772025375.425098,6431,7,1
1,NewOrder,1772025375.425157,8782,10,1
1,NewOrder,1772025375.426473,14443,14,1
1,NewOrder,1772025375.426662,13883,21,1
4,Delivery,1772025375.427019,3544,12,1
2,Payment,1772025375.427730,25010,2,1
1,NewOrder,1772025375.428179,33039,23,1
4,Delivery,1772025375.428653,17704,1,1
2,Payment,1772025375.429035,15557,11,1
2,Payment,1772025375.429401,17775,15,1
2,Payment,1772025375.430569,22564,12,1
1,NewOrder,1772025375.431539,14874,7,1
4,Delivery,1772025375.432410,11674,18,1
1,NewOrder,1772025375.433247,7659,6,1
1,NewOrder,1772025375.433598,14262,5,1
1,NewOrder,1772025375.433944,11962,10,1
2,Payment,1772025375.434001,24758,16,1
1,NewOrder,1772025375.436438,14230,8,1
5,StockLevel,1772025375.436979,3402,22,1
2,Payment,1772025375.438011,8693,19,1
2,Payment,1772025375.438710,25421,13,1
2,Payment,1772025375.439720,18320,4,1
2,Payment,1772025375.440385,11028,22,1
2,Payment,1772025375.440556,15318,21,1
1,NewOrder,1772025375.440912,15870,6,1
2,Payment,1772025375.440927,34059,14,1
2,Payment,1772025375.441212,13366,9,1
1,NewOrder,1772025375.442529,10838,20,1
2,Payment,1772025375.443385,34984,17,1
1,NewOrder,1772025375.443907,9247,3,1
2,Payment,1772025375.444094,15542,18,1
1,NewOrder,1772025375.444603,26563,11,1
1,NewOrder,1772025375.445911,24904,10,1
1,NewOrder,1772025375.446364,22352,1,1
1,NewOrder,1772025375.446418,20581,7,1
2,Payment,1772025375.446714,18917,19,1
1,NewOrder,1772025375.447074,24135,0,1
1,NewOrder,1772025375.447182,23963,15,1
1,NewOrder,1772025375.447865,12424,5,1
2,Payment,1772025375.450675,6511,8,1
2,Payment,1772025375.451418,21856,22,1
1,NewOrder,1772025375.452749,24282,2,1
1,NewOrder,1772025375.453143,25845,12,1
1,NewOrder,1772025375.453159,13860,3,1
1,NewOrder,1772025375.453372,20431,20,1
1,NewOrder,1772025375.454585,15894,9,1
2,Payment,1772025375.455880,20841,21,1
1,NewOrder,1772025375.456793,14391,6,1
2,Payment,1772025375.457193,4356,8,1
2,Payment,1772025375.458046,7192,4,1
1,NewOrder,1772025375.458769,22861,16,1
2,Payment,1772025375.459641,23973,18,1
1,NewOrder,1772025375.460292,23632,5,1
2,Payment,1772025375.461230,30584,23,1
2,Payment,1772025375.461555,5096,8,1
1,NewOrder,1772025375.464137,20784,13,1
4,Delivery,1772025375.465247,23119,4,1
2,Payment,1772025375.465636,31579,19,1
2,Payment,1772025375.466659,7120,8,1
1,NewOrder,1772025375.467010,19185,7,1
2,Payment,1772025375.467025,5249,3,1
2,Payment,1772025375.468723,8649,1,1
2,Payment,1772025375.470486,5855,9,1
2,Payment,1772025375.470820,10785,10,1
1,NewOrder,1772025375.471155,16039,15,1
2,Payment,1772025375.471178,15732,11,1
1,NewOrder,1772025375.471189,15755,6,1
1,NewOrder,1772025375.471219,11693,0,1
2,Payment,1772025375.472279,11917,3,1
2,Payment,1772025375.473280,42842,22,1
2,Payment,1772025375.473785,14931,8,1
2,Payment,1772025375.473815,30806,20,1
2,Payment,1772025375.474991,5630,14,1
1,NewOrder,1772025375.476347,13582,9,1
1,NewOrder,1772025375.476732,23082,21,1
4,Delivery,1772025375.477037,11611,2,1
1,NewOrder,1772025375.477378,28946,1,1
2,Payment,1772025375.478374,5575,17,1
3,OrderStatus,1772025375.478994,3488,12,1
1,NewOrder,1772025375.480626,6590,14,1
2,Payment,1772025375.481613,8656,10,1
2,Payment,1772025375.481638,9681,16,1
2,Payment,1772025375.482487,13806,12,1
1,NewOrder,1772025375.482920,30637,0,1
1,NewOrder,1772025375.483625,22321,18,1
2,Payment,1772025375.483930,14386,5,1
1,NewOrder,1772025375.483954,28114,17,1
2,Payment,1772025375.484200,7727,3,1
2,Payment,1772025375.484933,13090,13,1
1,NewOrder,1772025375.486201,25216,7,1
2,Payment,1772025375.486920,8463,11,1
2,Payment,1772025375.486949,5743,6,1
1,NewOrder,1772025375.487204,14766,15,1
2,Payment,1772025375.487222,20916,14,1
2,Payment,1772025375.488372,12874,4,1
1,NewOrder,1772025375.488655,6117,2,1
2,Payment,1772025375.488721,9704,8,1
1,NewOrder,1772025375.489937,27542,9,1
1,NewOrder,1772025375.490276,20303,10,1
2,Payment,1772025375.491325,12438,16,1
1,NewOrder,1772025375.491825,25985,23,1
2,Payment,1772025375.491933,14620,3,1
4,Delivery,1772025375.492698,8633,6,1
4,Delivery,1772025375.494781,21851,2,1
2,Payment,1772025375.495395,5409,11,1
1,NewOrder,1772025375.496304,21470,12,1
1,NewOrder,1772025375.497223,19244,19,1
2,Payment,1772025375.498033,16716,13,1
1,NewOrder,1772025375.498323,23678,5,1
2,Payment,1772025375.498431,5792,8,1
1,NewOrder,1772025375.499825,16771,21,1
2,Payment,1772025375.500811,7895,11,1
2,Payment,1772025375.501256,8857,4,1
2,Payment,1772025375.501335,11864,6,1
2,Payment,1772025375.501981,16784,15,1
2,Payment,1772025375.503769,25688,16,1
4,Delivery,1772025375.504229,31735,8,1
1,NewOrder,1772025375.504629,22286,20,1
1,NewOrder,1772025375.505951,10877,18,1
3,OrderStatus,1772025375.506335,4450,1,1
2,Payment,1772025375.506558,15141,3,1
1,NewOrder,1772025375.508143,29160,14,1
1,NewOrder,1772025375.508709,17595,11,1
4,Delivery,1772025375.510119,6679,4,1
3,OrderStatus,1772025375.510588,4014,10,1
2,Payment,1772025375.510788,14100,1,1
2,Payment,1772025375.511422,10612,7,1
1,NewOrder,1772025375.512076,11879,17,1
2,Payment,1772025375.513210,14061,6,1
1,NewOrder,1772025375.513562,27637,0,1
2,Payment,1772025375.514617,16368,10,1
2,Payment,1772025375.514760,18520,13,1
2,Payment,1772025375.516127,20815,22,1
2,Payment,1772025375.516477,9483,19,1
2,Payment,1772025375.516607,15529,21,1
4,Delivery,1772025375.516643,31020,2,1
2,Payment,1772025375.516805,13755,4,1
1,NewOrder,1772025375.516833,31306,18,1
2,Payment,1772025375.517484,16460,9,1
2,Payment,1772025375.517778,22447,12,1
1,NewOrder,1772025375.517818,8404,23,1
2,Payment,1772025375.518770,18878,15,1
2,Payment,1772025375.521709,12955,3,1
5,StockLevel,1772025375.522008,15666,5,1
1,NewOrder,1772025375.522041,33394,7,1
1,NewOrder,1772025375.523961,12689,17,1
2,Payment,1772025375.524898,11364,1,1
5,StockLevel,1772025375.525970,14434,19,1
1,NewOrder,1772025375.526227,10373,23,1
1,NewOrder,1772025375.526316,24662,11,1
2,Payment,1772025375.526922,20721,20,1
3,OrderStatus,1772025375.527281,3415,6,1
1,NewOrder,1772025375.529466,30533,16,1
4,Delivery,1772025375.530570,17331,4,1
2,Payment,1772025375.530706,15868,6,1
2,Payment,1772025375.530997,7550,10,1
2,Payment,1772025375.532145,19828,21,1
1,NewOrder,1772025375.533290,26687,13,1
2,Payment,1772025375.533950,17003,9,1
1,NewOrder,1772025375.534670,27674,3,1
3,OrderStatus,1772025375.535975,2485,8,1
1,NewOrder,1772025375.536273,16822,1,1
2,Payment,1772025375.536605,25350,23,1
1,NewOrder,1772025375.536653,15767,17,1
2,Payment,1772025375.536946,19158,22,1
1,NewOrder,1772025375.537310,24962,14,1
2,Payment,1772025375.537659,9456,15,1
2,Payment,1772025375.537680,10372,5,1
1,NewOrder,1772025375.538468,21479,8,1
2,Payment,1772025375.538552,17452,10,1
2,Payment,1772025375.540231,10115,12,1
5,StockLevel,1772025375.540415,11245,19,1
2,Payment,1772025375.541206,11082,0,1
2,Payment,1772025375.546583,14829,6,1
2,Payment,1772025375.547124,7149,15,1
2,Payment,1772025375.547654,23372,20,1
1,NewOrder,1772025375.547671,25748,2,1
1,NewOrder,1772025375.547910,22425,4,1
2,Payment,1772025375.548057,8387,5,1
3,OrderStatus,1772025375.548143,4368,18,1
2,Payment,1772025375.550355,6086,12,1
1,NewOrder,1772025375.550960,10906,9,1
1,NewOrder,1772025375.550989,19966,11,1
2,Payment,1772025375.551666,23359,19,1
2,Payment,1772025375.551978,27774,21,1
2,Payment,1772025375.552293,15990,0,1
2,Payment,1772025375.552430,7073,17,1
5,StockLevel,1772025375.552519,12205,18,1
2,Payment,1772025375.553102,22670,1,1
2,Payment,1772025375.554278,8035,15,1
1,NewOrder,1772025375.555440,17005,7,1
1,NewOrder,1772025375.556009,25144,10,1
2,Payment,1772025375.556114,28203,22,1
2,Payment,1772025375.556448,7232,12,1
2,Payment,1772025375.556450,23200,5,1
2,Payment,1772025375.559508,5983,17,1
1,NewOrder,1772025375.559951,15249,8,1
1,NewOrder,1772025375.559983,11464,13,1
1,NewOrder,1772025375.560003,11462,16,1
2,Payment,1772025375.561420,9497,6,1
1,NewOrder,1772025375.561873,23563,9,1
1,NewOrder,1772025375.561966,22925,23,1
5,StockLevel,1772025375.562276,24931,14,1
2,Payment,1772025375.562324,6407,15,1
1,NewOrder,1772025375.562355,26002,3,1
1,NewOrder,1772025375.563685,11392,12,1
2,Payment,1772025375.564729,28856,18,1
2,Payment,1772025375.565496,13543,17,1
1,NewOrder,1772025375.568294,15443,0,1
2,Payment,1772025375.568741,6682,15,1
1,NewOrder,1772025375.570361,18331,4,1
3,OrderStatus,1772025375.570927,5605,6,1
2,Payment,1772025375.570982,3778,11,1
3,OrderStatus,1772025375.571038,7791,20,1
2,Payment,1772025375.571457,15828,13,1
1,NewOrder,1772025375.571471,30746,16,1
1,NewOrder,1772025375.572459,18322,7,1
2,Payment,1772025375.573426,13076,2,1
2,Payment,1772025375.574786,7965,11,1
2,Payment,1772025375.575042,26687,19,1
2,Payment,1772025375.575091,15798,12,1
2,Payment,1772025375.575210,15002,8,1
1,NewOrder,1772025375.575439,33124,15,1
3,OrderStatus,1772025375.575777,5091,1,1
2,Payment,1772025375.576537,20771,6,1
1,NewOrder,1772025375.578840,17545,20,1
4,Delivery,1772025375.579050,56875,17,1
2,Payment,1772025375.579656,14518,5,1
3,OrderStatus,1772025375.579755,5048,21,1
1,NewOrder,1772025375.580875,44377,1,1
1,NewOrder,1772025375.581157,16119,10,1
3,OrderStatus,1772025375.582762,9374,11,1
3,OrderStatus,1772025375.583748,4251,0,1
1,NewOrder,1772025375.584343,26699,22,1
1,NewOrder,1772025375.584812,31601,21,1
2,Payment,1772025375.584899,26538,23,1
2,Payment,1772025375.585443,20571,9,1
3,OrderStatus,1772025375.586513,13011,2,1
1,NewOrder,1772025375.587223,7609,14,1
1,NewOrder,1772025375.587301,44955,13,1
3,OrderStatus,1772025375.588008,2475,0,1
1,NewOrder,1772025375.588369,10740,3,1
2,Payment,1772025375.588699,13480,4,1
1,NewOrder,1772025375.590217,41502,8,1
2,Payment,1772025375.590508,19234,0,1
1,NewOrder,1772025375.590806,11325,7,1
2,Payment,1772025375.590899,6012,12,1
2,Payment,1772025375.592144,19410,11,1
2,Payment,1772025375.593593,23404,18,1
2,Payment,1772025375.594185,18105,5,1
1,NewOrder,1772025375.594838,8958,14,1
2,Payment,1772025375.596412,28841,20,1
1,NewOrder,1772025375.596922,37223,12,1
1,NewOrder,1772025375.597287,39178,10,1
1,NewOrder,1772025375.597313,9248,6,1
1,NewOrder,1772025375.599123,7865,3,1
1,NewOrder,1772025375.599550,39487,2,1
2,Payment,1772025375.601741,30551,19,1
1,NewOrder,1772025375.602141,37659,7,1
2,Payment,1772025375.602190,12769,4,1
1,NewOrder,1772025375.602221,23428,16,1
3,OrderStatus,1772025375.603807,1264,14,1
1,NewOrder,1772025375.605095,4322,14,1
1,NewOrder,1772025375.606024,37008,9,1
1,NewOrder,1772025375.606574,6254,6,1
2,Payment,1772025375.607015,9988,3,1
2,Payment,1772025375.608573,8384,15,1
4,Delivery,1772025375.609428,27042,14,1
1,NewOrder,1772025375.609758,8122,0,1
1,NewOrder,1772025375.611056,29602,22,1
2,Payment,1772025375.611457,25592,23,1
1,NewOrder,1772025375.611580,25724,11,1
1,NewOrder,1772025375.612300,13995,5,1
4,Delivery,1772025375.612835,4142,6,1
1,NewOrder,1772025375.614966,13953,4,1
1,NewOrder,1772025375.616439,30436,21,1
5,StockLevel,1772025375.616963,19833,15,1
2,Payment,1772025375.616984,2067,6,1
2,Payment,1772025375.617005,25763,18,1
2,Payment,1772025375.617014,2372,3,1
1,NewOrder,1772025375.617906,14534,0,1
2,Payment,1772025375.619066,2654,6,1
1,NewOrder,1772025375.619414,8399,3,1
2,Payment,1772025375.621732,3107,6,1
2,Payment,1772025375.624848,5063,6,1
2,Payment,1772025375.625261,7055,1,1
5,StockLevel,1772025375.625265,6086,20,1
2,Payment,1772025375.625655,6690,16,1
2,Payment,1772025375.626320,10552,5,1
2,Payment,1772025375.627839,12554,3,1
3,OrderStatus,1772025375.628945,2215,4,1
3,OrderStatus,1772025375.629916,949,6,1
2,Payment,1772025375.630879,2068,6,1
1,NewOrder,1772025375.631171,25956,4,1
1,NewOrder,1772025375.631378,29962,20,1
2,Payment,1772025375.631726,5629,8,1
3,OrderStatus,1772025375.632260,3216,13,1
1,NewOrder,1772025375.632303,24849,19,1
2,Payment,1772025375.632324,16569,1,1
2,Payment,1772025375.632353,7439,16,1
1,NewOrder,1772025375.632451,25016,0,1
2,Payment,1772025375.632958,7282,6,1
1,NewOrder,1772025375.634170,14242,12,1
1,NewOrder,1772025375.635483,11096,13,1
2,Payment,1772025375.635952,13075,17,1
1,NewOrder,1772025375.636479,21344,10,1
2,Payment,1772025375.636492,17034,14,1
1,NewOrder,1772025375.636802,9090,15,1
1,NewOrder,1772025375.636877,14533,5,1
4,Delivery,1772025375.637059,43741,23,1
1,NewOrder,1772025375.637311,11669,11,1
2,Payment,1772025375.637359,11904,8,1
2,Payment,1772025375.639048,16031,2,1
2,Payment,1772025375.639801,18636,16,1
2,Payment,1772025375.639811,14112,7,1
1,NewOrder,1772025375.640266,17712,6,1
2,Payment,1772025375.640407,17537,3,1
2,Payment,1772025375.640668,9510,22,1
1,NewOrder,1772025375.642778,17841,18,1
1,NewOrder,1772025375.643039,21504,9,1
1,NewOrder,1772025375.645912,3971,15,1
2,Payment,1772025375.646605,16593,13,1
2,Payment,1772025375.646879,5045,21,1
2,Payment,1772025375.648440,22053,12,1
2,Payment,1772025375.648904,21020,1,1
2,Payment,1772025375.649001,21669,11,1
2,Payment,1772025375.649032,25957,17,1
2,Payment,1772025375.649273,14757,8,1
2,Payment,1772025375.649890,34167,15,1
2,Payment,1772025375.650188,2935,22,1
2,Payment,1772025375.651423,12738,5,1
2,Payment,1772025375.651929,4461,21,1
1,NewOrder,1772025375.653130,24722,22,1
1,NewOrder,1772025375.653537,26226,14,1
1,NewOrder,1772025375.653928,24543,7,1
1,NewOrder,1772025375.655090,10945,2,1
2,Payment,1772025375.656416,2608,21,1
1,NewOrder,1772025375.657141,9470,4,1
2,Payment,1772025375.657157,5071,19,1
2,Payment,1772025375.657475,17615,0,1
1,NewOrder,1772025375.657829,16775,10,1
2,Payment,1772025375.657956,25548,3,1
1,NewOrder,1772025375.657990,13760,6,1
2,Payment,1772025375.658444,33330,16,1
2,Payment,1772025375.659049,6228,21,1
3,OrderStatus,1772025375.660630,3416,18,1
2,Payment,1772025375.661352,13569,20,1
1,NewOrder,1772025375.662232,16533,19,1
2,Payment,1772025375.663204,34000,13,1
3,OrderStatus,1772025375.664034,6787,8,1
1,NewOrder,1772025375.664055,9902,18,1
2,Payment,1772025375.664165,27952,5,1
1,NewOrder,1772025375.664554,10387,9,1
1,NewOrder,1772025375.665288,40903,21,1
1,NewOrder,1772025375.666040,9462,2,1
2,Payment,1772025375.666619,31003,4,1
2,Payment,1772025375.669934,39055,1,1
2,Payment,1772025375.670505,32694,12,1
2,Payment,1772025375.670682,5475,11,1
1,NewOrder,1772025375.670826,10751,8,1
2,Payment,1772025375.671756,7643,6,1
2,Payment,1772025375.673962,5823,18,1
1,NewOrder,1772025375.674615,33990,10,1
1,NewOrder,1772025375.674933,24094,20,1
1,NewOrder,1772025375.674948,24917,9,1
1,NewOrder,1772025375.675000,34012,17,1
1,NewOrder,1772025375.675101,29595,0,1
1,NewOrder,1772025375.675507,22057,2,1
2,Payment,1772025375.676163,13411,11,1
3,OrderStatus,1772025375.677859,2206,22,1
2,Payment,1772025375.678478,19172,7,1
1,NewOrder,1772025375.678769,8263,19,1
1,NewOrder,1772025375.679405,32200,6,1
5,StockLevel,1772025375.679769,29672,14,1
1,NewOrder,1772025375.679791,25247,18,1
4,Delivery,1772025375.680071,964,22,1
1,NewOrder,1772025375.680810,5632,23,1
2,Payment,1772025375.681041,2847,22,1
1,NewOrder,1772025375.681582,6065,8,1
2,Payment,1772025375.683516,29358,3,1
1,NewOrder,1772025375.683894,37611,22,1
2,Payment,1772025375.684062,22972,15,1
2,Payment,1772025375.686448,1667,23,1
3,OrderStatus,1772025375.687038,1020,19,1
2,Payment,1772025375.687652,4423,8,1
2,Payment,1772025375.688064,1787,19,1
1,NewOrder,1772025375.688120,9554,23,1
1,NewOrder,1772025375.689585,34024,11,1
1,NewOrder,1772025375.689857,7650,19,1
3,OrderStatus,1772025375.691782,9057,16,1
1,NewOrder,1772025375.692084,11474,8,1
3,OrderStatus,1772025375.692123,3524,5,1
3,OrderStatus,1772025375.695652,1675,5,1
1,NewOrder,1772025375.697211,24713,13,1
1,NewOrder,1772025375.697332,26864,5,1
1,NewOrder,1772025375.697511,15018,19,1
2,Payment,1772025375.697568,27234,2,1
2,Payment,1772025375.697629,19951,4,1
5,StockLevel,1772025375.697655,12991,7,1
1,NewOrder,1772025375.697680,15223,23,1
2,Payment,1772025375.699035,8547,20,1
5,StockLevel,1772025375.699871,17702,9,1
1,NewOrder,1772025375.700845,21007,16,1
1,NewOrder,1772025375.703209,21461,12,1
1,NewOrder,1772025375.703569,12506,8,1
1,NewOrder,1772025375.704705,20340,0,1
5,StockLevel,1772025375.705048,10705,18,1
2,Payment,1772025375.706198,7285,21,1
2,Payment,1772025375.707039,7189,15,1
1,NewOrder,1772025375.707593,15138,20,1
2,Payment,1772025375.708616,6294,10,1
1,NewOrder,1772025375.708996,20505,1,1
2,Payment,1772025375.709017,10694,17,1
2,Payment,1772025375.709448,18517,14,1
2,Payment,1772025375.710651,27050,7,1
2,Payment,1772025375.711613,29369,6,1
1,NewOrder,1772025375.712540,9781,19,1
2,Payment,1772025375.712880,18280,3,1
2,Payment,1772025375.712913,3583,23,1
2,Payment,1772025375.713489,9813,21,1
1,NewOrder,1772025375.714232,14239,15,1
2,Payment,1772025375.714921,5181,10,1
2,Payment,1772025375.715760,14841,18,1
2,Payment,1772025375.716085,31599,8,1
1,NewOrder,1772025375.716505,10625,23,1
1,NewOrder,1772025375.717578,8004,9,1
1,NewOrder,1772025375.717586,24289,4,1
4,Delivery,1772025375.719718,30301,17,1
1,NewOrder,1772025375.720113,11143,10,1
2,Payment,1772025375.721510,12912,22,1
1,NewOrder,1772025375.721859,6642,16,1
2,Payment,1772025375.721927,9743,13,1
4,Delivery,1772025375.722326,13315,19,1
2,Payment,1772025375.722743,15818,20,1
1,NewOrder,1772025375.723312,19519,21,1
2,Payment,1772025375.723613,30861,11,1
1,NewOrder,1772025375.724201,17402,5,1
2,Payment,1772025375.724675,10049,12,1
1,NewOrder,1772025375.724806,17100,2,1
1,NewOrder,1772025375.725051,16489,0,1
1,NewOrder,1772025375.725586,6495,9,1
2,Payment,1772025375.727140,17710,23,1
2,Payment,1772025375.727970,15289,14,1
4,Delivery,1772025375.728477,21767,15,1
2,Payment,1772025375.728511,9748,16,1
2,Payment,1772025375.729507,4103,1,1
2,Payment,1772025375.730607,22703,18,1
2,Payment,1772025375.731171,4826,3,1
1,NewOrder,1772025375.731267,9251,10,1
2,Payment,1772025375.731676,16515,13,1
4,Delivery,1772025375.732086,10700,9,1
2,Payment,1772025375.733616,5179,1,1
2,Payment,1772025375.734433,20766,22,1
2,Payment,1772025375.734733,15692,12,1
2,Payment,1772025375.735646,24522,19,1
2,Payment,1772025375.736008,5906,3,1
2,Payment,1772025375.737709,31469,7,1
2,Payment,1772025375.738267,14420,16,1
1,NewOrder,1772025375.738567,16722,20,1
2,Payment,1772025375.738798,8349,1,1
2,Payment,1772025375.740521,33949,10,1
3,OrderStatus,1772025375.740989,4493,6,1
2,Payment,1772025375.741549,13319,0,1
1,NewOrder,1772025375.741609,20077,5,1
1,NewOrder,1772025375.741880,7135,4,1
1,NewOrder,1772025375.741917,7700,2,1
2,Payment,1772025375.741920,16397,3,1
1,NewOrder,1772025375.742796,19279,9,1
1,NewOrder,1772025375.742842,20346,21,1
2,Payment,1772025375.743266,14321,14,1
2,Payment,1772025375.744861,22388,23,1
2,Payment,1772025375.745493,16332,6,1
1,NewOrder,1772025375.747152,15374,1,1
5,StockLevel,1772025375.747690,3669,8,1
2,Payment,1772025375.748201,16971,13,1
2,Payment,1772025375.749023,12352,4,1
2,Payment,1772025375.749621,15113,2,1
2,Payment,1772025375.750024,19103,17,1
2,Payment,1772025375.750249,23672,15,1
1,NewOrder,1772025375.750436,2827,12,1
2,Payment,1772025375.751365,5835,8,1
3,OrderStatus,1772025375.752694,1961,16,1
1,NewOrder,1772025375.753273,15423,12,1
2,Payment,1772025375.753321,19656,18,1
1,NewOrder,1772025375.754479,11494,11,1
1,NewOrder,1772025375.754662,17782,16,1
1,NewOrder,1772025375.754873,10250,0,1
2,Payment,1772025375.755209,21035,22,1
1,NewOrder,1772025375.755300,22479,20,1
2,Payment,1772025375.757205,24079,8,1
1,NewOrder,1772025375.757592,28644,14,1
2,Payment,1772025375.758323,10888,3,1
1,NewOrder,1772025375.760176,25043,19,1
2,Payment,1772025375.761385,13015,4,1
1,NewOrder,1772025375.761694,28558,5,1
2,Payment,1772025375.761833,29745,6,1
2,Payment,1772025375.762080,25066,9,1
2,Payment,1772025375.762532,18691,1,1
1,NewOrder,1772025375.763194,17078,21,1
1,NewOrder,1772025375.764743,15148,2,1
1,NewOrder,1772025375.765128,9550,0,1
1,NewOrder,1772025375.765178,24147,13,1
4,Delivery,1772025375.765979,45447,11,1
1,NewOrder,1772025375.767259,19283,23,1
1,NewOrder,1772025375.768703,16913,12,1
2,Payment,1772025375.769133,14535,17,1
2,Payment,1772025375.769185,27219,7,1
2,Payment,1772025375.769217,15294,3,1
2,Payment,1772025375.772450,19192,16,1
4,Delivery,1772025375.772984,9350,18,1
5,StockLevel,1772025375.773928,12821,15,1
2,Payment,1772025375.774406,15498,4,1
1,NewOrder,1772025375.774481,17053,10,1
5,StockLevel,1772025375.774689,9404,0,1
1,NewOrder,1772025375.776253,19121,22,1
1,NewOrder,1772025375.777785,15777,20,1
1,NewOrder,1772025375.779901,11379,2,1
1,NewOrder,1772025375.780278,31495,21,1
2,Payment,1772025375.781234,13434,1,1
2,Payment,1772025375.781290,24769,8,1
2,Payment,1772025375.782366,4785,18,1
1,NewOrder,1772025375.783673,31334,17,1
1,NewOrder,1772025375.784103,29619,0,1
2,Payment,1772025375.784520,15658,3,1
2,Payment,1772025375.785229,5058,19,1
1,NewOrder,1772025375.785626,18413,12,1
1,NewOrder,1772025375.786262,10965,14,1
2,Payment,1772025375.786568,14519,23,1
1,NewOrder,1772025375.786759,19464,15,1
2,Payment,1772025375.787167,32481,9,1
2,Payment,1772025375.787172,19538,18,1
2,Payment,1772025375.789332,6712,13,1
1,NewOrder,1772025375.789920,22006,4,1
1,NewOrder,1772025375.790262,40412,5,1
1,NewOrder,1772025375.790301,39581,19,1
1,NewOrder,1772025375.791291,14560,2,1
2,Payment,1772025375.791539,34139,10,1
1,NewOrder,1772025375.791589,12895,6,1
4,Delivery,1772025375.791653,18428,16,1
2,Payment,1772025375.793576,14503,20,1
2,Payment,1772025375.794693,11692,1,1
1,NewOrder,1772025375.795400,9857,22,1
2,Payment,1772025375.796063,9170,13,1
2,Payment,1772025375.796416,33522,7,1
1,NewOrder,1772025375.797251,8929,14,1
1,NewOrder,1772025375.800203,29638,3,1
2,Payment,1772025375.801093,8639,23,1
1,NewOrder,1772025375.804049,23622,12,1
2,Payment,1772025375.804494,32715,6,1
1,NewOrder,1772025375.805253,28419,13,1
1,NewOrder,1772025375.805282,13639,22,1
2,Payment,1772025375.805862,10474,2,1
1,NewOrder,1772025375.806064,24253,8,1
2,Payment,1772025375.806190,8327,14,1
1,NewOrder,1772025375.806232,24408,15,1
2,Payment,1772025375.806389,5413,1,1
2,Payment,1772025375.806716,5128,18,1
2,Payment,1772025375.808094,8662,20,1
2,Payment,1772025375.809753,10277,23,1
2,Payment,1772025375.810107,8032,16,1
1,NewOrder,1772025375.811431,14835,11,1
1,NewOrder,1772025375.811779,33064,21,1
2,Payment,1772025375.811806,8328,1,1
2,Payment,1772025375.811853,12167,18,1
1,NewOrder,1772025375.811937,39035,4,1
2,Payment,1772025375.813734,11996,0,1
1,NewOrder,1772025375.814527,15295,14,1
4,Delivery,1772025375.815012,22859,17,1
2,Payment,1772025375.816341,15332,2,1
2,Payment,1772025375.816760,12091,20,1
4,Delivery,1772025375.818150,20110,16,1
1,NewOrder,1772025375.818931,30650,22,1
1,NewOrder,1772025375.819660,12643,9,1
2,Payment,1772025375.820041,17778,23,1
1,NewOrder,1772025375.820139,37281,1,1
1,NewOrder,1772025375.824045,36502,18,1
2,Payment,1772025375.825697,19174,10,1
2,Payment,1772025375.825756,12900,0,1
1,NewOrder,1772025375.826273,37171,11,1
2,Payment,1772025375.827698,3002,12,1
2,Payment,1772025375.828857,16039,20,1
2,Payment,1772025375.829827,10515,14,1
2,Payment,1772025375.829851,15072,3,1
1,NewOrder,1772025375.829888,29921,19,1
2,Payment,1772025375.829943,19235,7,1
4,Delivery,1772025375.830322,31975,8,1
1,NewOrder,1772025375.830645,8901,15,1
1,NewOrder,1772025375.830682,35562,5,1
1,NewOrder,1772025375.830708,22090,12,1
1,NewOrder,1772025375.831684,19890,2,1
2,Payment,1772025375.832312,22384,9,1
1,NewOrder,1772025375.833696,6311,13,1
1,NewOrder,1772025375.837216,26714,6,1
1,NewOrder,1772025375.837831,23586,23,1
1,NewOrder,1772025375.837887,6277,17,1
2,Payment,1772025375.838277,4018,16,1
3,OrderStatus,1772025375.838667,8987,0,1
2,Payment,1772025375.839551,5278,15,1
2,Payment,1772025375.840013,15141,13,1
2,Payment,1772025375.840354,9306,14,1
2,Payment,1772025375.842300,15615,16,1
3,OrderStatus,1772025375.844184,3623,17,1
2,Payment,1772025375.844844,17133,15,1
2,Payment,1772025375.844858,7124,21,1
2,Payment,1772025375.844897,12876,10,1
1,NewOrder,1772025375.844922,12953,20,1
1,NewOrder,1772025375.844950,29141,3,1
1,NewOrder,1772025375.847661,19097,0,1
1,NewOrder,1772025375.847814,36230,17,1
2,Payment,1772025375.849202,12883,7,1
1,NewOrder,1772025375.849587,42965,22,1
5,StockLevel,1772025375.849670,11234,14,1
1,NewOrder,1772025375.850976,16110,4,1
2,Payment,1772025375.851585,7589,2,1
1,NewOrder,1772025375.851992,14349,21,1
1,NewOrder,1772025375.852808,16125,12,1
2,Payment,1772025375.854708,19491,9,1
2,Payment,1772025375.855161,12529,13,1
2,Payment,1772025375.857432,6415,1,1
2,Payment,1772025375.857783,25567,10,1
2,Payment,1772025375.857881,3960,20,1
1,NewOrder,1772025375.857925,34090,16,1
2,Payment,1772025375.859201,16465,2,1
2,Payment,1772025375.859815,8770,19,1
1,NewOrder,1772025375.860557,12852,18,1
1,NewOrder,1772025375.860914,27515,14,1
1,NewOrder,1772025375.861423,12321,23,1
2,Payment,1772025375.861847,14416,20,1
2,Payment,1772025375.861983,12080,15,1
1,NewOrder,1772025375.862090,41816,7,1
1,NewOrder,1772025375.862308,32549,8,1
2,Payment,1772025375.863449,16403,11,1
1,NewOrder,1772025375.863857,42768,1,1
1,NewOrder,1772025375.863935,46061,6,1
2,Payment,1772025375.866250,20110,5,1
2,Payment,1772025375.866346,19519,21,1
1,NewOrder,1772025375.866767,10770,0,1
1,NewOrder,1772025375.867092,6840,4,1
5,StockLevel,1772025375.867696,23271,13,1
3,OrderStatus,1772025375.868601,9167,19,1
1,NewOrder,1772025375.868938,39607,12,1
1,NewOrder,1772025375.873416,15573,18,1
1,NewOrder,1772025375.873754,4672,23,1
2,Payment,1772025375.873943,18735,4,1
3,OrderStatus,1772025375.874074,3056,15,1
1,NewOrder,1772025375.874097,18521,3,1
2,Payment,1772025375.874209,14752,9,1
1,NewOrder,1772025375.875677,29258,2,1
1,NewOrder,1772025375.876269,31424,20,1
1,NewOrder,1772025375.877134,21083,15,1
1,NewOrder,1772025375.877545,12975,0,1
1,NewOrder,1772025375.877775,24822,19,1
1,NewOrder,1772025375.878432,14544,23,1
5,StockLevel,1772025375.879862,23285,11,1
5,StockLevel,1772025375.883355,9209,10,1
1,NewOrder,1772025375.884054,31705,17,1
2,Payment,1772025375.885891,13751,21,1
4,Delivery,1772025375.886380,43275,5,1
2,Payment,1772025375.888439,9480,14,1
2,Payment,1772025375.888982,3669,9,1
2,Payment,1772025375.889003,13927,18,1
1,NewOrder,1772025375.890533,7742,0,1
1,NewOrder,1772025375.890984,35191,13,1
2,Payment,1772025375.892019,12401,16,1
2,Payment,1772025375.892565,23265,22,1
1,NewOrder,1772025375.892605,13264,10,1
2,Payment,1772025375.892644,5605,3,1
5,StockLevel,1772025375.892657,4134,9,1
2,Payment,1772025375.892688,10174,4,1
2,Payment,1772025375.892981,13277,23,1
2,Payment,1772025375.894872,8079,8,1
2,Payment,1772025375.896815,12046,9,1
2,Payment,1772025375.897929,10520,14,1
2,Payment,1772025375.898225,21706,15,1
1,NewOrder,1772025375.898254,17130,3,1
3,OrderStatus,1772025375.898281,1266,0,1
1,NewOrder,1772025375.899553,21394,0,1
5,StockLevel,1772025375.899648,15480,21,1
1,NewOrder,1772025375.902607,18080,19,1
2,Payment,1772025375.902872,6479,4,1
1,NewOrder,1772025375.902933,18033,18,1
1,NewOrder,1772025375.902961,17697,8,1
2,Payment,1772025375.903152,12698,11,1
2,Payment,1772025375.903913,24096,7,1
2,Payment,1772025375.904431,7069,16,1
1,NewOrder,1772025375.904943,28820,2,1
1,NewOrder,1772025375.905896,14699,10,1
2,Payment,1772025375.906283,19920,23,1
2,Payment,1772025375.906651,6761,1,1
1,NewOrder,1772025375.907702,28888,20,1
2,Payment,1772025375.908456,18815,14,1
1,NewOrder,1772025375.908556,15335,12,1
1,NewOrder,1772025375.908887,21274,9,1
1,NewOrder,1772025375.909364,16472,4,1
1,NewOrder,1772025375.910002,24587,6,1
1,NewOrder,1772025375.911526,31619,16,1
1,NewOrder,1772025375.913431,11946,1,1
1,NewOrder,1772025375.915144,14555,21,1
2,Payment,1772025375.915411,5220,3,1
1,NewOrder,1772025375.915767,32285,17,1
1,NewOrder,1772025375.915841,33086,22,1
1,NewOrder,1772025375.915861,26153,11,1
1,NewOrder,1772025375.919941,46359,15,1
1,NewOrder,1772025375.920610,32189,10,1
2,Payment,1772025375.920648,12758,3,1
1,NewOrder,1772025375.920673,53010,8,1
1,NewOrder,1772025375.920700,20814,19,1
1,NewOrder,1772025375.920957,11152,0,1
2,Payment,1772025375.920971,10203,18,1
2,Payment,1772025375.923903,9937,12,1
1,NewOrder,1772025375.925403,11245,1,1
2,Payment,1772025375.925847,10324,4,1
1,NewOrder,1772025375.926186,23592,13,1
2,Payment,1772025375.926210,9020,23,1
2,Payment,1772025375.927286,10212,14,1
2,Payment,1772025375.928019,10957,7,1
1,NewOrder,1772025375.929680,15003,5,1
5,StockLevel,1772025375.929720,12261,21,1
1,NewOrder,1772025375.930172,14017,9,1
2,Payment,1772025375.931199,9366,18,1
2,Payment,1772025375.932119,7367,0,1
2,Payment,1772025375.933411,20203,3,1
2,Payment,1772025375.933774,15520,2,1
2,Payment,1772025375.933868,8109,12,1
2,Payment,1772025375.934595,9262,6,1
2,Payment,1772025375.935242,8956,23,1
2,Payment,1772025375.936181,26093,4,1
4,Delivery,1772025375.936601,20359,20,1
1,NewOrder,1772025375.936655,11907,1,1
2,Payment,1772025375.937509,11532,14,1
2,Payment,1772025375.938986,11283,7,1
2,Payment,1772025375.939493,30404,0,1
1,NewOrder,1772025375.940575,11176,18,1
1,NewOrder,1772025375.941525,23325,19,1
1,NewOrder,1772025375.942006,14237,12,1
1,NewOrder,1772025375.942010,15163,21,1
1,NewOrder,1772025375.942039,45645,11,1
2,Payment,1772025375.943171,10485,16,1
1,NewOrder,1772025375.943867,28979,6,1
1,NewOrder,1772025375.944194,12566,9,1
2,Payment,1772025375.944208,8929,23,1
2,Payment,1772025375.944698,11943,5,1
2,Payment,1772025375.948062,15901,17,1
2,Payment,1772025375.948573,9580,1,1
1,NewOrder,1772025375.948937,15841,22,1
4,Delivery,1772025375.949052,16065,14,1
1,NewOrder,1772025375.949300,17459,2,1
2,Payment,1772025375.949784,21127,13,1
2,Payment,1772025375.950279,11609,7,1
1,NewOrder,1772025375.951761,10473,18,1
4,Delivery,1772025375.952809,46887,10,1
1,NewOrder,1772025375.953144,38586,23,1
1,NewOrder,1772025375.953620,40212,3,1
2,Payment,1772025375.953661,23681,16,1
5,StockLevel,1772025375.956249,15628,12,1
1,NewOrder,1772025375.956644,35006,5,1
2,Payment,1772025375.956771,12639,9,1
4,Delivery,1772025375.956966,34186,20,1
1,NewOrder,1772025375.957178,22587,21,1
1,NewOrder,1772025375.958161,6929,1,1
2,Payment,1772025375.961898,12596,7,1
2,Payment,1772025375.962239,7553,18,1
2,Payment,1772025375.962285,11760,4,1
2,Payment,1772025375.963972,18373,17,1
1,NewOrder,1772025375.964784,19140,22,1
2,Payment,1772025375.964859,9640,19,1
1,NewOrder,1772025375.965096,4657,1,1
1,NewOrder,1772025375.965123,14312,14,1
1,NewOrder,1772025375.966310,27142,15,1
3,OrderStatus,1772025375.966764,3811,2,1
2,Payment,1772025375.969420,12598,9,1
2,Payment,1772025375.969758,9739,1,1
1,NewOrder,1772025375.969802,25777,18,1
2,Payment,1772025375.969905,17450,0,1
1,NewOrder,1772025375.970579,21111,2,1
2,Payment,1772025375.970925,17723,13,1
2,Payment,1772025375.971887,35396,12,1
5,StockLevel,1772025375.972854,16307,6,1
3,OrderStatus,1772025375.973701,8421,8,1
2,Payment,1772025375.974050,21904,4,1
2,Payment,1772025375.974519,3938,19,1
2,Payment,1772025375.974523,14096,7,1
5,StockLevel,1772025375.977347,12451,16,1
3,OrderStatus,1772025375.978482,5820,19,1
5,StockLevel,1772025375.979462,11952,14,1
2,Payment,1772025375.979523,20644,1,1
1,NewOrder,1772025375.979775,36344,21,1
1,NewOrder,1772025375.982029,22878,9,1
1,NewOrder,1772025375.982128,19681,8,1
1,NewOrder,1772025375.982359,45033,17,1
2,Payment,1772025375.983947,5090,22,1
1,NewOrder,1772025375.984328,16304,19,1
5,StockLevel,1772025375.987369,24250,0,1
3,OrderStatus,1772025375.987697,12308,11,1
1,NewOrder,1772025375.988629,55644,7,1
2,Payment,1772025375.988655,26941,13,1
1,NewOrder,1772025375.989049,26968,22,1
3,OrderStatus,1772025375.989207,3162,6,1
4,Delivery,1772025375.989825,26196,16,1
1,NewOrder,1772025375.991163,11679,20,1
1,NewOrder,1772025375.991424,32819,14,1
4,Delivery,1772025375.991660,27087,5,1
4,Delivery,1772025375.991702,26575,2,1
2,Payment,1772025375.991741,4171,23,1
2,Payment,1772025375.992384,4808,6,1
1,NewOrder,1772025375.993467,18555,15,1
2,Payment,1772025375.993858,15749,3,1
1,NewOrder,1772025375.995587,30160,18,1
1,NewOrder,1772025375.995923,47434,23,1
4,Delivery,1772025375.995964,22759,4,1
5,StockLevel,1772025375.997217,7160,6,1
1,NewOrder,1772025375.999722,8615,10,1
1,NewOrder,1772025376.000012,42675,11,1
1,NewOrder,1772025376.000174,15767,1,1
2,Payment,1772025376.000650,7029,19,1
1,NewOrder,1772025376.001814,10611,8,1
2,Payment,1772025376.002868,14468,20,1
1,NewOrder,1772025376.004403,12669,6,1
1,NewOrder,1772025376.004920,48124,9,1
1,NewOrder,1772025376.007309,33761,12,1
2,Payment,1772025376.007687,15018,19,1
1,NewOrder,1772025376.008348,9901,10,1
1,NewOrder,1772025376.009618,47475,3,1
4,Delivery,1772025376.011628,7073,0,1
1,NewOrder,1772025376.012028,5546,15,1
2,Payment,1772025376.012435,3559,8,1
1,NewOrder,1772025376.015606,41468,13,1
1,NewOrder,1772025376.015949,34770,1,1
2,Payment,1772025376.016004,13457,8,1
4,Delivery,1772025376.016028,51819,22,1
3,OrderStatus,1772025376.016032,16671,16,1
1,NewOrder,1772025376.016129,37571,21,1
1,NewOrder,1772025376.017099,5944,6,1
2,Payment,1772025376.017361,12571,20,1
1,NewOrder,1772025376.017580,9912,15,1
1,NewOrder,1772025376.018259,30098,10,1
1,NewOrder,1772025376.018288,39228,2,1
1,NewOrder,1772025376.018708,15575,0,1
1,NewOrder,1772025376.018732,8822,4,1
1,NewOrder,1772025376.018755,8403,5,1
2,Payment,1772025376.022716,13720,19,1
1,NewOrder,1772025376.023049,36083,6,1
2,Payment,1772025376.024270,11344,14,1
2,Payment,1772025376.025760,15040,18,1
1,NewOrder,1772025376.027184,8774,5,1
1,NewOrder,1772025376.027409,20620,17,1
4,Delivery,1772025376.027519,17311,15,1
5,StockLevel,1772025376.027571,6775,4,1
1,NewOrder,1772025376.029473,22749,8,1
1,NewOrder,1772025376.029943,31174,20,1
1,NewOrder,1772025376.032713,25102,16,1
5,StockLevel,1772025376.034307,4276,0,1
2,Payment,1772025376.034360,3150,4,1
4,Delivery,1772025376.035640,9435,14,1
2,Payment,1772025376.035968,4099,5,1
2,Payment,1772025376.036462,9423,19,1
1,NewOrder,1772025376.037524,39649,4,1
1,NewOrder,1772025376.038594,20134,0,1
1,NewOrder,1772025376.040078,19610,5,1
1,NewOrder,1772025376.040811,40918,18,1
2,Payment,1772025376.041082,9033,12,1
1,NewOrder,1772025376.042696,22357,11,1
4,Delivery,1772025376.043363,24911,23,1
1,NewOrder,1772025376.044284,20421,7,1
1,NewOrder,1772025376.044833,12283,15,1
5,StockLevel,1772025376.045083,20543,14,1
1,NewOrder,1772025376.045889,33315,19,1
2,Payment,1772025376.048040,8584,17,1
4,Delivery,1772025376.048367,51992,10,1
2,Payment,1772025376.050126,13680,12,1
2,Payment,1772025376.050730,6275,1,1
1,NewOrder,1772025376.052233,17659,8,1
1,NewOrder,1772025376.053051,15552,9,1
1,NewOrder,1772025376.053710,14201,21,1
2,Payment,1772025376.056631,22172,17,1
1,NewOrder,1772025376.057009,34973,1,1
1,NewOrder,1772025376.057085,32883,13,1
2,Payment,1772025376.057099,10391,3,1
2,Payment,1772025376.057128,12404,15,1
2,Payment,1772025376.057521,21681,2,1
2,Payment,1772025376.057826,27455,16,1
4,Delivery,1772025376.058733,10414,0,1
1,NewOrder,1772025376.059143,27113,6,1
1,NewOrder,1772025376.059692,27418,5,1
5,StockLevel,1772025376.061127,7452,20,1
1,NewOrder,1772025376.063818,22161,12,1
2,Payment,1772025376.064716,3093,7,1
1,NewOrder,1772025376.065059,7047,11,1
1,NewOrder,1772025376.065631,20633,14,1
2,Payment,1772025376.067500,18444,3,1
1,NewOrder,1772025376.067815,35338,7,1
3,OrderStatus,1772025376.067854,4111,22,1
1,NewOrder,1772025376.067916,17995,21,1
2,Payment,1772025376.068283,18856,23,1
2,Payment,1772025376.068583,21888,20,1
1,NewOrder,1772025376.068608,3357,9,1
1,NewOrder,1772025376.069158,31904,0,1
2,Payment,1772025376.069537,20864,15,1
2,Payment,1772025376.069900,9788,8,1
1,NewOrder,1772025376.071972,4609,9,1
1,NewOrder,1772025376.071976,6980,22,1
2,Payment,1772025376.072111,10636,11,1
2,Payment,1772025376.076586,9334,9,1
5,StockLevel,1772025376.077179,14075,4,1
2,Payment,1772025376.078810,20672,17,1
3,OrderStatus,1772025376.078961,5086,22,1
1,NewOrder,1772025376.079207,14861,2,1
2,Payment,1772025376.079214,24324,19,1
5,StockLevel,1772025376.079699,13421,8,1
2,Payment,1772025376.081740,29090,18,1
1,NewOrder,1772025376.082754,15221,11,1
2,Payment,1772025376.084054,34126,22,1
1,NewOrder,1772025376.085292,11390,16,1
1,NewOrder,1772025376.085916,26371,21,1
2,Payment,1772025376.085926,2429,9,1
2,Payment,1772025376.085949,4922,3,1
2,Payment,1772025376.085990,20759,12,1
1,NewOrder,1772025376.086267,24812,6,1
1,NewOrder,1772025376.086270,20442,14,1
2,Payment,1772025376.087121,9150,5,1
2,Payment,1772025376.087143,9513,23,1
2,Payment,1772025376.088360,2833,9,1
2,Payment,1772025376.089974,23949,13,1
1,NewOrder,1772025376.090405,28476,15,1
5,StockLevel,1772025376.090477,17464,20,1
1,NewOrder,1772025376.090876,38735,3,1
2,Payment,1772025376.091197,3348,9,1
1,NewOrder,1772025376.091260,13408,4,1
2,Payment,1772025376.091988,7176,1,1
2,Payment,1772025376.093131,4220,8,1
1,NewOrder,1772025376.094073,18625,2,1
3,OrderStatus,1772025376.094552,3016,9,1
2,Payment,1772025376.096281,9894,5,1
1,NewOrder,1772025376.096663,14389,23,1
1,NewOrder,1772025376.096692,18030,16,1
1,NewOrder,1772025376.097361,21188,8,1
4,Delivery,1772025376.097573,3013,9,1
2,Payment,1772025376.097986,4860,11,1
1,NewOrder,1772025376.099170,13500,1,1
1,NewOrder,1772025376.099486,35134,17,1
2,Payment,1772025376.100365,6486,10,1
1,NewOrder,1772025376.100593,31583,9,1
1,NewOrder,1772025376.101066,21685,0,1
2,Payment,1772025376.102857,10579,11,1
1,NewOrder,1772025376.103159,18674,7,1
2,Payment,1772025376.103543,20603,19,1
2,Payment,1772025376.104678,5351,4,1
2,Payment,1772025376.106181,8943,5,1
1,NewOrder,1772025376.106716,11781,14,1
1,NewOrder,1772025376.106757,28800,12,1
2,Payment,1772025376.106855,10270,10,1
2,Payment,1772025376.107946,22088,20,1
1,NewOrder,1772025376.110037,11771,4,1
1,NewOrder,1772025376.110841,20343,18,1
2,Payment,1772025376.111061,24471,23,1
2,Payment,1772025376.111086,8163,6,1
2,Payment,1772025376.112291,25828,21,1
1,NewOrder,1772025376.112675,33607,1,1
1,NewOrder,1772025376.112703,30803,2,1
2,Payment,1772025376.113446,10369,11,1
2,Payment,1772025376.113928,7349,13,1
1,NewOrder,1772025376.114733,11455,16,1
1,NewOrder,1772025376.115128,23432,5,1
2,Payment,1772025376.117130,9379,10,1
2,Payment,1772025376.118187,24633,22,1
2,Payment,1772025376.118502,7592,14,1
1,NewOrder,1772025376.118556,18353,8,1
1,NewOrder,1772025376.118887,16281,15,1
2,Payment,1772025376.119257,12895,6,1
2,Payment,1772025376.121288,10522,13,1
2,Payment,1772025376.121812,3994,4,1
2,Payment,1772025376.121843,15435,7,1
2,Payment,1772025376.122757,7390,0,1
4,Delivery,1772025376.123822,56775,11,1
4,Delivery,1772025376.124151,15725,19,1
1,NewOrder,1772025376.125812,16031,4,1
1,NewOrder,1772025376.126100,22618,14,1
5,StockLevel,1772025376.126195,6368,16,1
2,Payment,1772025376.126513,18111,10,1
1,NewOrder,1772025376.129621,20550,3,1
2,Payment,1772025376.130039,17540,20,1
1,NewOrder,1772025376.130153,14148,0,1
2,Payment,1772025376.131196,22978,18,1
2,Payment,1772025376.131815,5895,13,1
2,Payment,1772025376.132162,17132,6,1
2,Payment,1772025376.132182,10154,9,1
1,NewOrder,1772025376.132568,16373,16,1
2,Payment,1772025376.134625,8239,17,1
3,OrderStatus,1772025376.135175,7299,15,1
2,Payment,1772025376.135538,31670,23,1
2,Payment,1772025376.135562,12799,12,1
1,NewOrder,1772025376.136922,21684,8,1
1,NewOrder,1772025376.137285,22539,7,1
3,OrderStatus,1772025376.137715,4083,13,1
1,NewOrder,1772025376.138124,16902,21,1
1,NewOrder,1772025376.138564,20780,5,1
2,Payment,1772025376.139883,30563,19,1
2,Payment,1772025376.141805,14823,13,1
1,NewOrder,1772025376.141849,18078,4,1
1,NewOrder,1772025376.142340,18738,9,1
2,Payment,1772025376.142477,10955,15,1
2,Payment,1772025376.142831,31493,22,1
1,NewOrder,1772025376.142880,19260,17,1
1,NewOrder,1772025376.143514,23397,2,1
2,Payment,1772025376.144305,4384,0,1
1,NewOrder,1772025376.144632,30183,10,1
1,NewOrder,1772025376.146295,18336,1,1
2,Payment,1772025376.147586,31960,20,1
2,Payment,1772025376.148367,19557,12,1
2,Payment,1772025376.148694,6296,0,1
1,NewOrder,1772025376.148723,13032,14,1
2,Payment,1772025376.148952,10857,16,1
2,Payment,1772025376.149299,4487,6,1
1,NewOrder,1772025376.150177,27188,3,1
2,Payment,1772025376.153438,18935,15,1
2,Payment,1772025376.153798,5193,6,1
2,Payment,1772025376.154180,31085,18,1
2,Payment,1772025376.154995,4421,0,1
1,NewOrder,1772025376.155032,16906,21,1
2,Payment,1772025376.156632,22390,13,1
2,Payment,1772025376.158613,8302,8,1
3,OrderStatus,1772025376.158995,6066,6,1
2,Payment,1772025376.159356,10719,5,1
1,NewOrder,1772025376.159423,22031,0,1
1,NewOrder,1772025376.159813,34298,16,1
2,Payment,1772025376.159834,10571,7,1
5,StockLevel,1772025376.159933,23723,4,1
1,NewOrder,1772025376.161083,6115,9,1
1,NewOrder,1772025376.161762,9265,14,1
1,NewOrder,1772025376.162144,4362,17,1
1,NewOrder,1772025376.164642,19587,1,1
1,NewOrder,1772025376.165073,15158,6,1
2,Payment,1772025376.166516,8778,17,1
1,NewOrder,1772025376.166930,27131,2,1
1,NewOrder,1772025376.166933,13714,8,1
4,Delivery,1772025376.167237,14155,9,1
2,Payment,1772025376.167237,26813,23,1
1,NewOrder,1772025376.168003,31307,12,1
2,Payment,1772025376.170082,6308,5,1
1,NewOrder,1772025376.170414,22555,7,1
2,Payment,1772025376.170452,33414,19,1
1,NewOrder,1772025376.171034,6716,14,1
1,NewOrder,1772025376.171946,29515,21,1
2,Payment,1772025376.172379,12907,15,1
1,NewOrder,1772025376.174332,25012,22,1
1,NewOrder,1772025376.174831,19344,10,1
1,NewOrder,1772025376.175302,19629,17,1
2,Payment,1772025376.176396,4966,5,1
2,Payment,1772025376.177374,7487,3,1
1,NewOrder,1772025376.177754,24241,14,1
1,NewOrder,1772025376.179027,25826,13,1
1,NewOrder,1772025376.179551,19357,20,1
2,Payment,1772025376.180239,6105,6,1
1,NewOrder,1772025376.180605,34529,11,1
1,NewOrder,1772025376.180653,24441,8,1
1,NewOrder,1772025376.181368,21308,5,1
1,NewOrder,1772025376.181402,13507,9,1
3,OrderStatus,1772025376.181461,2612,0,1
2,Payment,1772025376.183661,17147,4,1
2,Payment,1772025376.184076,10076,0,1
1,NewOrder,1772025376.184235,29585,1,1
5,StockLevel,1772025376.184866,18678,3,1
1,NewOrder,1772025376.185275,34231,18,1
1,NewOrder,1772025376.185293,28869,15,1
1,NewOrder,1772025376.186349,20381,6,1
1,NewOrder,1772025376.192982,12546,7,1
2,Payment,1772025376.194064,17643,23,1
1,NewOrder,1772025376.194068,10738,2,1
3,OrderStatus,1772025376.194117,6388,16,1
3,OrderStatus,1772025376.194164,3429,0,1
1,NewOrder,1772025376.194180,28037,10,1
2,Payment,1772025376.194920,11895,9,1
2,Payment,1772025376.194935,11704,17,1
2,Payment,1772025376.197602,8557,0,1
2,Payment,1772025376.198918,18385,20,1
1,NewOrder,1772025376.199318,14866,12,1
2,Payment,1772025376.199350,21669,22,1
2,Payment,1772025376.200515,10797,16,1
2,Payment,1772025376.200814,10922,4,1
2,Payment,1772025376.201467,25276,21,1
4,Delivery,1772025376.202001,12206,14,1
5,StockLevel,1772025376.202687,14573,5,1
3,OrderStatus,1772025376.203554,8283,3,1
1,NewOrder,1772025376.203873,20518,19,1
1,NewOrder,1772025376.204818,20260,2,1
1,NewOrder,1772025376.204864,19854,13,1
1,NewOrder,1772025376.205101,5765,8,1
2,Payment,1772025376.205535,4314,7,1
1,NewOrder,1772025376.206164,15612,0,1
1,NewOrder,1772025376.206643,18461,17,1
2,Payment,1772025376.206736,7517,6,1
2,Payment,1772025376.206818,20469,9,1
4,Delivery,1772025376.209861,9249,7,1
2,Payment,1772025376.210873,22394,8,1
2,Payment,1772025376.211320,8894,16,1
1,NewOrder,1772025376.211712,31026,23,1
2,Payment,1772025376.211743,6242,4,1
2,Payment,1772025376.211848,17517,3,1
2,Payment,1772025376.213829,19001,1,1
2,Payment,1772025376.214168,16238,15,1
5,StockLevel,1772025376.214196,10269,12,1
2,Payment,1772025376.214213,11249,14,1
1,NewOrder,1772025376.214260,29536,6,1
2,Payment,1772025376.215141,21939,11,1
1,NewOrder,1772025376.217270,10538,5,1
4,Delivery,1772025376.217314,31976,20,1
1,NewOrder,1772025376.217989,20086,4,1
1,NewOrder,1772025376.219113,28145,7,1
2,Payment,1772025376.219513,13780,18,1
2,Payment,1772025376.220225,15564,16,1
5,StockLevel,1772025376.221029,18803,22,1
2,Payment,1772025376.221782,14638,0,1
2,Payment,1772025376.222221,18606,10,1
2,Payment,1772025376.224402,12128,19,1
2,Payment,1772025376.224477,22815,12,1
1,NewOrder,1772025376.224723,4317,13,1
2,Payment,1772025376.225083,15396,2,1
2,Payment,1772025376.225108,14460,17,1
1,NewOrder,1772025376.225465,20016,14,1
1,NewOrder,1772025376.226749,20183,21,1
1,NewOrder,1772025376.227297,9882,9,1
2,Payment,1772025376.227817,21126,5,1
1,NewOrder,1772025376.229043,6389,13,1
1,NewOrder,1772025376.229370,41576,3,1
1,NewOrder,1772025376.230412,20998,15,1
2,Payment,1772025376.232836,28511,1,1
1,NewOrder,1772025376.233280,35787,8,1
1,NewOrder,1772025376.233301,36096,18,1
2,Payment,1772025376.235438,23750,13,1
2,Payment,1772025376.235795,22017,16,1
1,NewOrder,1772025376.236525,28553,0,1
1,NewOrder,1772025376.236541,11651,19,1
4,Delivery,1772025376.237096,40364,11,1
1,NewOrder,1772025376.237183,37552,9,1
1,NewOrder,1772025376.238082,12636,4,1
2,Payment,1772025376.239575,22232,17,1
3,OrderStatus,1772025376.239835,3605,22,1
4,Delivery,1772025376.240490,25930,2,1
2,Payment,1772025376.240832,5032,10,1
1,NewOrder,1772025376.242744,15898,23,1
1,NewOrder,1772025376.243448,14926,22,1
2,Payment,1772025376.243805,11407,6,1
1,NewOrder,1772025376.245492,13125,14,1
2,Payment,1772025376.245869,16001,10,1
1,NewOrder,1772025376.246969,11342,21,1
2,Payment,1772025376.247264,19642,7,1
1,NewOrder,1772025376.247300,26069,12,1
1,NewOrder,1772025376.248198,26558,19,1
1,NewOrder,1772025376.248949,28459,5,1
2,Payment,1772025376.249294,12613,20,1
2,Payment,1772025376.250728,14897,4,1
3,OrderStatus,1772025376.251417,2510,15,1
1,NewOrder,1772025376.253937,7453,15,1
2,Payment,1772025376.255237,16882,6,1
2,Payment,1772025376.257843,7894,16,1
1,NewOrder,1772025376.258334,28503,21,1
1,NewOrder,1772025376.258380,15936,22,1
3,OrderStatus,1772025376.258627,5552,14,1
5,StockLevel,1772025376.258649,21091,23,1
2,Payment,1772025376.259193,11383,13,1
2,Payment,1772025376.261360,12428,1,1
2,Payment,1772025376.261399,12899,15,1
1,NewOrder,1772025376.261813,15171,17,1
2,Payment,1772025376.261873,14199,10,1
2,Payment,1772025376.261915,6018,20,1
2,Payment,1772025376.264190,14511,14,1
1,NewOrder,1772025376.265088,28133,0,1
1,NewOrder,1772025376.265632,25404,4,1
1,NewOrder,1772025376.265746,23231,16,1
2,Payment,1772025376.266426,11088,2,1
2,Payment,1772025376.266911,13126,7,1
1,NewOrder,1772025376.267949,25645,20,1
1,NewOrder,1772025376.269077,20750,8,1
2,Payment,1772025376.269402,4938,18,1
2,Payment,1772025376.270587,12247,13,1
2,Payment,1772025376.270956,11503,3,1
2,Payment,1772025376.272146,11986,6,1
1,NewOrder,1772025376.273376,20286,12,1
1,NewOrder,1772025376.273794,19930,1,1
2,Payment,1772025376.274322,20017,15,1
2,Payment,1772025376.274339,4781,22,1
2,Payment,1772025376.274365,9414,18,1
2,Payment,1772025376.274741,21769,9,1
2,Payment,1772025376.274762,13819,19,1
2,Payment,1772025376.276082,15615,10,1
1,NewOrder,1772025376.276989,16630,17,1
2,Payment,1772025376.277418,9850,5,1
1,NewOrder,1772025376.277470,40177,11,1
1,NewOrder,1772025376.277520,20172,2,1
3,OrderStatus,1772025376.278706,5722,14,1
1,NewOrder,1772025376.279124,21969,22,1
1,NewOrder,1772025376.279756,17124,23,1
1,NewOrder,1772025376.280061,13453,7,1
1,NewOrder,1772025376.282468,15927,3,1
2,Payment,1772025376.282845,17851,13,1
2,Payment,1772025376.283789,9786,18,1
1,NewOrder,1772025376.284143,33525,6,1
2,Payment,1772025376.284435,22925,14,1
1,NewOrder,1772025376.286847,22966,21,1
4,Delivery,1772025376.287272,33119,5,1
2,Payment,1772025376.288592,20826,19,1
2,Payment,1772025376.288987,24174,16,1
1,NewOrder,1772025376.289837,10489,8,1
2,Payment,1772025376.291042,2653,4,1
1,NewOrder,1772025376.291701,31327,10,1
2,Payment,1772025376.293231,9011,0,1
2,Payment,1772025376.293523,7533,7,1
2,Payment,1772025376.293584,23694,18,1
1,NewOrder,1772025376.293600,16307,20,1
4,Delivery,1772025376.293624,46442,17,1
1,NewOrder,1772025376.293668,14683,12,1
1,NewOrder,1772025376.293700,33407,4,1
2,Payment,1772025376.293731,18971,1,1
1,NewOrder,1772025376.294347,29058,15,1
1,NewOrder,1772025376.296515,38934,9,1
1,NewOrder,1772025376.296884,30599,23,1
1,NewOrder,1772025376.297698,26942,2,1
1,NewOrder,1772025376.298400,19296,3,1
1,NewOrder,1772025376.300331,22350,8,1
1,NewOrder,1772025376.300701,17022,13,1
1,NewOrder,1772025376.301067,35111,7,1
3,OrderStatus,1772025376.301118,3741,22,1
5,StockLevel,1772025376.302253,22659,0,1
2,Payment,1772025376.304866,17194,22,1
2,Payment,1772025376.307369,12522,14,1
1,NewOrder,1772025376.308376,28534,12,1
2,Payment,1772025376.309423,20246,19,1
1,NewOrder,1772025376.309827,30660,21,1
2,Payment,1772025376.309930,15309,20,1
2,Payment,1772025376.312706,8693,1,1
2,Payment,1772025376.313202,10478,16,1
2,Payment,1772025376.317300,16193,18,1
2,Payment,1772025376.317658,12351,11,1
2,Payment,1772025376.317673,5471,6,1
1,NewOrder,1772025376.317706,13054,3,1
1,NewOrder,1772025376.317730,20503,13,1
2,Payment,1772025376.319903,10855,14,1
1,NewOrder,1772025376.320419,20453,5,1
2,Payment,1772025376.321420,5054,1,1
1,NewOrder,1772025376.322067,20663,22,1
2,Payment,1772025376.322690,14765,8,1
1,NewOrder,1772025376.323043,19806,10,1
2,Payment,1772025376.323171,11110,6,1
2,Payment,1772025376.323441,12635,15,1
1,NewOrder,1772025376.323690,18425,16,1
2,Payment,1772025376.324652,6424,2,1
2,Payment,1772025376.324919,13384,0,1
1,NewOrder,1772025376.325259,16073,20,1
1,NewOrder,1772025376.326495,17029,1,1
2,Payment,1772025376.327111,15716,4,1
1,NewOrder,1772025376.327498,27792,23,1
1,NewOrder,1772025376.329680,13480,19,1
2,Payment,1772025376.330019,10902,11,1
2,Payment,1772025376.330763,13501,14,1
2,Payment,1772025376.330770,13886,3,1
2,Payment,1772025376.331082,17476,2,1
2,Payment,1772025376.333515,5904,18,1
2,Payment,1772025376.334295,25332,6,1
2,Payment,1772025376.335456,17056,9,1
1,NewOrder,1772025376.336087,22768,15,1
1,NewOrder,1772025376.336202,26983,7,1
2,Payment,1772025376.336914,12389,12,1
2,Payment,1772025376.337465,19027,8,1
2,Payment,1772025376.338243,15445,13,1
2,Payment,1772025376.338311,14922,0,1
2,Payment,1772025376.339430,5647,18,1
1,NewOrder,1772025376.340089,24499,17,1
1,NewOrder,1772025376.340497,23318,21,1
1,NewOrder,1772025376.340876,24396,5,1
3,OrderStatus,1772025376.340931,7688,11,1
2,Payment,1772025376.341342,6782,20,1
2,Payment,1772025376.342121,17446,16,1
2,Payment,1772025376.342734,10602,22,1
2,Payment,1772025376.342832,18809,4,1
1,NewOrder,1772025376.342859,16739,10,1
2,Payment,1772025376.343170,16424,19,1
2,Payment,1772025376.343534,25171,1,1
1,NewOrder,1772025376.344274,20026,14,1
2,Payment,1772025376.344672,31718,3,1
1,NewOrder,1772025376.345101,28495,18,1
2,Payment,1772025376.348133,18126,20,1
1,NewOrder,1772025376.348563,15140,2,1
2,Payment,1772025376.348630,17434,11,1
1,NewOrder,1772025376.349333,15324,12,1
4,Delivery,1772025376.352521,16536,9,1
5,StockLevel,1772025376.353247,17275,0,1
1,NewOrder,1772025376.353367,26844,22,1
2,Payment,1772025376.353693,12261,13,1
2,Payment,1772025376.355299,19763,23,1
5,StockLevel,1772025376.356498,7564,8,1
2,Payment,1772025376.358863,10992,15,1
1,NewOrder,1772025376.359579,21089,16,1
1,NewOrder,1772025376.359604,20056,19,1
2,Payment,1772025376.359609,11170,10,1
4,Delivery,1772025376.359632,9739,6,1
2,Payment,1772025376.361651,22949,4,1
2,Payment,1772025376.363194,10780,7,1
3,OrderStatus,1772025376.363714,11713,2,1
1,NewOrder,1772025376.363824,25152,21,1
1,NewOrder,1772025376.364066,6346,8,1
2,Payment,1772025376.364310,9700,14,1
2,Payment,1772025376.364597,14695,17,1
1,NewOrder,1772025376.364667,4359,12,1
2,Payment,1772025376.365278,15346,5,1
1,NewOrder,1772025376.365961,21282,13,1
1,NewOrder,1772025376.366069,22838,11,1
4,Delivery,1772025376.366269,20604,20,1
5,StockLevel,1772025376.368715,15963,1,1
2,Payment,1772025376.369034,14403,12,1
2,Payment,1772025376.369062,9741,9,1
2,Payment,1772025376.369378,12722,6,1
4,Delivery,1772025376.369864,20497,15,1
1,NewOrder,1772025376.370418,12113,8,1
1,NewOrder,1772025376.370528,19256,0,1
2,Payment,1772025376.370787,18095,10,1
1,NewOrder,1772025376.373601,15350,18,1
5,StockLevel,1772025376.373979,11546,7,1
2,Payment,1772025376.374015,17427,14,1
1,NewOrder,1772025376.375072,13488,23,1
2,Payment,1772025376.375436,14305,2,1
2,Payment,1772025376.376400,17618,3,1
2,Payment,1772025376.378807,15602,9,1
2,Payment,1772025376.379300,20233,17,1
2,Payment,1772025376.379665,4562,19,1
2,Payment,1772025376.380219,8786,22,1
2,Payment,1772025376.380639,18064,5,1
2,Payment,1772025376.380683,25826,16,1
1,NewOrder,1772025376.382104,18289,6,1
2,Payment,1772025376.382541,14720,8,1
1,NewOrder,1772025376.383449,17763,12,1
2,Payment,1772025376.384238,12363,19,1
1,NewOrder,1772025376.384629,9732,4,1
3,OrderStatus,1772025376.384689,3733,1,1
2,Payment,1772025376.385538,17180,7,1
2,Payment,1772025376.386896,19192,20,1
1,NewOrder,1772025376.387266,15908,13,1
1,NewOrder,1772025376.388445,6778,1,1
2,Payment,1772025376.388584,30027,23,1
2,Payment,1772025376.388892,23984,10,1
2,Payment,1772025376.388915,20101,11,1
2,Payment,1772025376.388961,22870,18,1
2,Payment,1772025376.388982,10238,21,1
2,Payment,1772025376.389011,25195,22,1
3,OrderStatus,1772025376.389764,5549,2,1
2,Payment,1772025376.389797,12319,0,1
1,NewOrder,1772025376.390374,32578,15,1
4,Delivery,1772025376.391447,29463,14,1
1,NewOrder,1772025376.394041,14459,3,1
3,OrderStatus,1772025376.394368,1574,4,1
2,Payment,1772025376.394416,22010,9,1
2,Payment,1772025376.395233,12779,1,1
1,NewOrder,1772025376.395319,13141,2,1
1,NewOrder,1772025376.395946,18215,4,1
1,NewOrder,1772025376.396626,10189,19,1
1,NewOrder,1772025376.397273,24564,8,1
2,Payment,1772025376.398712,12664,5,1
2,Payment,1772025376.399229,27689,21,1
3,OrderStatus,1772025376.399537,6819,17,1
1,NewOrder,1772025376.400418,7995,6,1
3,OrderStatus,1772025376.401222,2326,12,1
1,NewOrder,1772025376.402125,24539,0,1
2,Payment,1772025376.402733,17948,7,1
2,Payment,1772025376.403198,10568,13,1
1,NewOrder,1772025376.403562,9054,12,1
1,NewOrder,1772025376.406112,22767,20,1
1,NewOrder,1772025376.406372,20321,17,1
2,Payment,1772025376.406532,13108,16,1
1,NewOrder,1772025376.406819,22283,19,1
1,NewOrder,1772025376.408016,24169,1,1
2,Payment,1772025376.408418,17526,6,1
1,NewOrder,1772025376.408463,17864,2,1
1,NewOrder,1772025376.408511,23360,3,1
5,StockLevel,1772025376.409028,8913,11,1
2,Payment,1772025376.411390,2741,5,1
2,Payment,1772025376.411840,23135,18,1
2,Payment,1772025376.412627,9683,12,1
1,NewOrder,1772025376.412885,21009,10,1
5,StockLevel,1772025376.413779,13953,13,1
1,NewOrder,1772025376.414143,35340,5,1
5,StockLevel,1772025376.414174,11390,4,1
1,NewOrder,1772025376.414217,23397,22,1
1,NewOrder,1772025376.416433,24508,9,1
2,Payment,1772025376.417949,16331,11,1
1,NewOrder,1772025376.418621,41400,23,1
1,NewOrder,1772025376.419645,12786,16,1
1,NewOrder,1772025376.420690,36217,7,1
2,Payment,1772025376.420918,8315,14,1
1,NewOrder,1772025376.421852,10304,8,1
1,NewOrder,1772025376.422333,17151,12,1
2,Payment,1772025376.422965,15496,15,1
1,NewOrder,1772025376.425587,26281,4,1
1,NewOrder,1772025376.425949,33677,6,1
1,NewOrder,1772025376.426332,34343,2,1
1,NewOrder,1772025376.426688,20298,0,1
2,Payment,1772025376.426715,16591,17,1
2,Payment,1772025376.426942,14926,21,1
2,Payment,1772025376.427741,21164,13,1
1,NewOrder,1772025376.428888,13713,20,1
2,Payment,1772025376.429106,18615,19,1
2,Payment,1772025376.429243,27302,14,1
2,Payment,1772025376.431880,2788,3,1
1,NewOrder,1772025376.432161,17308,8,1
1,NewOrder,1772025376.432195,18079,1,1
1,NewOrder,1772025376.432442,13570,16,1
1,NewOrder,1772025376.433919,35585,10,1
2,Payment,1772025376.434295,7959,11,1
1,NewOrder,1772025376.434672,13402,3,1
4,Delivery,1772025376.434985,12845,18,1
2,Payment,1772025376.437638,19018,22,1
2,Payment,1772025376.438474,22621,15,1
1,NewOrder,1772025376.439499,19460,12,1
1,NewOrder,1772025376.440948,27986,9,1
1,NewOrder,1772025376.441877,20161,21,1
1,NewOrder,1772025376.442264,11664,11,1
5,StockLevel,1772025376.442606,8809,20,1
1,NewOrder,1772025376.443317,16319,17,1
2,Payment,1772025376.446027,19576,16,1
2,Payment,1772025376.446996,9142,0,1
4,Delivery,1772025376.447732,19477,19,1
1,NewOrder,1772025376.447840,25420,18,1
1,NewOrder,1772025376.448079,24965,3,1
2,Payment,1772025376.448929,22435,13,1
1,NewOrder,1772025376.449494,11621,8,1
2,Payment,1772025376.449497,12566,5,1
1,NewOrder,1772025376.450284,21026,1,1
2,Payment,1772025376.451424,9607,20,1
4,Delivery,1772025376.451881,30098,4,1
2,Payment,1772025376.453937,2931,11,1
4,Delivery,1772025376.456148,26237,0,1
1,NewOrder,1772025376.456549,20231,14,1
1,NewOrder,1772025376.456662,15854,22,1
5,StockLevel,1772025376.456878,11690,11,1
2,Payment,1772025376.456912,7165,7,1
2,Payment,1772025376.458968,22193,12,1
1,NewOrder,1772025376.459636,39417,6,1
2,Payment,1772025376.459661,26463,17,1
2,Payment,1772025376.460026,9479,23,1
1,NewOrder,1772025376.460699,35468,2,1
1,NewOrder,1772025376.461039,26789,20,1
1,NewOrder,1772025376.461104,28117,15,1
1,NewOrder,1772025376.461125,31414,8,1
1,NewOrder,1772025376.462043,17386,21,1
2,Payment,1772025376.462067,8908,5,1
1,NewOrder,1772025376.464081,15072,7,1
2,Payment,1772025376.465613,26301,16,1
2,Payment,1772025376.467219,10784,19,1
2,Payment,1772025376.468578,6791,11,1
1,NewOrder,1772025376.468944,12664,9,1
2,Payment,1772025376.469528,15593,10,1
2,Payment,1772025376.469532,18334,23,1
1,NewOrder,1772025376.470985,47247,5,1
2,Payment,1772025376.471320,7347,1,1
5,StockLevel,1772025376.471374,27118,13,1
2,Payment,1772025376.472548,21087,22,1
1,NewOrder,1772025376.473054,9722,3,1
1,NewOrder,1772025376.473266,9947,18,1
4,Delivery,1772025376.475385,31843,11,1
2,Payment,1772025376.476803,21747,14,1
2,Payment,1772025376.478013,22768,19,1
1,NewOrder,1772025376.478676,24443,1,1
2,Payment,1772025376.479163,13286,7,1
1,NewOrder,1772025376.479437,29159,21,1
3,OrderStatus,1772025376.481179,3852,12,1
1,NewOrder,1772025376.481632,40690,9,1
2,Payment,1772025376.481993,12273,4,1
2,Payment,1772025376.482401,14977,0,1
2,Payment,1772025376.482786,16212,3,1
5,StockLevel,1772025376.483237,1795,18,1
3,OrderStatus,1772025376.485042,1529,18,1
1,NewOrder,1772025376.485055,9731,12,1
1,NewOrder,1772025376.485146,38026,10,1
2,Payment,1772025376.486134,18635,17,1
5,StockLevel,1772025376.486575,1245,18,1
1,NewOrder,1772025376.487830,6392,18,1
2,Payment,1772025376.487844,23839,20,1
1,NewOrder,1772025376.487882,35734,23,1
3,OrderStatus,1772025376.489229,5836,15,1
1,NewOrder,1772025376.491919,32286,16,1
3,OrderStatus,1772025376.492458,11677,7,1
4,Delivery,1772025376.492550,14901,8,1
3,OrderStatus,1772025376.493639,6469,22,1
1,NewOrder,1772025376.494246,4690,18,1
1,NewOrder,1772025376.494290,25468,4,1
2,Payment,1772025376.494791,14456,12,1
1,NewOrder,1772025376.495071,32938,15,1
1,NewOrder,1772025376.496176,22382,2,1
1,NewOrder,1772025376.497406,20669,0,1
2,Payment,1772025376.498496,13495,13,1
1,NewOrder,1772025376.498558,29058,14,1
1,NewOrder,1772025376.498953,6058,18,1
1,NewOrder,1772025376.499008,6560,3,1
2,Payment,1772025376.499077,4673,6,1
1,NewOrder,1772025376.500117,19095,22,1
2,Payment,1772025376.500792,17127,19,1
2,Payment,1772025376.503124,8978,1,1
1,NewOrder,1772025376.503775,19805,6,1
1,NewOrder,1772025376.504150,20604,7,1
1,NewOrder,1772025376.504780,26505,17,1
2,Payment,1772025376.505016,18601,18,1
2,Payment,1772025376.505578,10809,3,1
1,NewOrder,1772025376.507237,10333,11,1
1,NewOrder,1772025376.507459,12772,8,1
2,Payment,1772025376.508605,22250,21,1
1,NewOrder,1772025376.509269,22036,12,1
1,NewOrder,1772025376.511707,16320,20,1
2,Payment,1772025376.512006,4776,13,1
2,Payment,1772025376.512126,13616,1,1
2,Payment,1772025376.516413,12747,3,1
4,Delivery,1772025376.516791,18333,13,1
4,Delivery,1772025376.517586,54206,11,1
2,Payment,1772025376.517928,19408,19,1
2,Payment,1772025376.518081,15813,0,1
5,StockLevel,1772025376.518242,29614,5,1
1,NewOrder,1772025376.518582,16549,2,1
1,NewOrder,1772025376.519236,29017,22,1
2,Payment,1772025376.519771,18241,4,1
2,Payment,1772025376.520255,6482,8,1
2,Payment,1772025376.522347,13054,9,1
1,NewOrder,1772025376.523196,13100,10,1
1,NewOrder,1772025376.523584,14511,6,1
2,Payment,1772025376.523627,24073,23,1
2,Payment,1772025376.523628,30000,18,1
1,NewOrder,1772025376.524220,8692,16,1
2,Payment,1772025376.524763,18043,7,1
1,NewOrder,1772025376.525751,35472,1,1
2,Payment,1772025376.526742,21867,8,1
2,Payment,1772025376.527625,4907,14,1
1,NewOrder,1772025376.528016,7218,15,1
5,StockLevel,1772025376.528036,6540,20,1
4,Delivery,1772025376.529191,30678,3,1
1,NewOrder,1772025376.530864,45730,21,1
1,NewOrder,1772025376.531291,31891,17,1
3,OrderStatus,1772025376.531315,2605,12,1
2,Payment,1772025376.532537,2161,14,1
1,NewOrder,1772025376.532917,10354,16,1
2,Payment,1772025376.533904,7300,0,1
2,Payment,1772025376.533930,4999,12,1
1,NewOrder,1772025376.534584,16324,20,1
2,Payment,1772025376.534725,7293,14,1
1,NewOrder,1772025376.535152,18921,13,1
1,NewOrder,1772025376.535154,49158,2,1
2,Payment,1772025376.535257,9375,15,1
1,NewOrder,1772025376.535415,18642,9,1
2,Payment,1772025376.536305,21334,10,1
3,OrderStatus,1772025376.537352,6547,19,1
2,Payment,1772025376.538025,6030,4,1
1,NewOrder,1772025376.538109,17547,6,1
2,Payment,1772025376.538932,9633,12,1
2,Payment,1772025376.541214,11057,0,1
1,NewOrder,1772025376.542026,11525,14,1
2,Payment,1772025376.542810,25786,7,1
1,NewOrder,1772025376.543276,11953,16,1
5,StockLevel,1772025376.543909,22431,19,1
1,NewOrder,1772025376.544064,19649,4,1
2,Payment,1772025376.544636,12362,15,1
1,NewOrder,1772025376.547708,29465,23,1
2,Payment,1772025376.547865,14507,5,1
2,Payment,1772025376.548276,9261,22,1
1,NewOrder,1772025376.548570,18912,12,1
2,Payment,1772025376.548612,24176,8,1
2,Payment,1772025376.550932,15957,20,1
1,NewOrder,1772025376.552278,15174,0,1
1,NewOrder,1772025376.553561,8932,14,1
1,NewOrder,1772025376.553638,9126,18,1
2,Payment,1772025376.554066,23072,9,1
1,NewOrder,1772025376.554077,8732,13,1
1,NewOrder,1772025376.555252,7536,16,1
2,Payment,1772025376.555665,25405,6,1
1,NewOrder,1772025376.557007,33776,15,1
4,Delivery,1772025376.557561,14869,22,1
2,Payment,1772025376.557662,30952,10,1
2,Payment,1772025376.559878,7551,3,1
1,NewOrder,1772025376.561237,22617,1,1
1,NewOrder,1772025376.562396,31218,5,1
4,Delivery,1772025376.562517,31461,14,1
2,Payment,1772025376.562773,9046,18,1
2,Payment,1772025376.562798,8631,16,1
2,Payment,1772025376.562827,13405,13,1
2,Payment,1772025376.563191,19486,17,1
4,Delivery,1772025376.563738,37328,4,1
2,Payment,1772025376.566365,10261,19,1
2,Payment,1772025376.566898,16262,20,1
1,NewOrder,1772025376.567443,12342,3,1
1,NewOrder,1772025376.567476,7406,0,1
2,Payment,1772025376.567506,20199,12,1
2,Payment,1772025376.568601,26172,7,1
2,Payment,1772025376.571454,24069,16,1
2,Payment,1772025376.571801,31667,11,1
1,NewOrder,1772025376.571825,22211,18,1
1,NewOrder,1772025376.572435,8357,22,1
3,OrderStatus,1772025376.572798,2863,8,1
2,Payment,1772025376.574891,2852,0,1
1,NewOrder,1772025376.575683,27266,8,1
1,NewOrder,1772025376.576256,17700,13,1
2,Payment,1772025376.576605,11962,21,1
1,NewOrder,1772025376.576649,27154,19,1
2,Payment,1772025376.577148,34998,9,1
1,NewOrder,1772025376.577179,43736,23,1
2,Payment,1772025376.577752,3346,0,1
1,NewOrder,1772025376.579795,30262,3,1
1,NewOrder,1772025376.580816,18334,22,1
1,NewOrder,1772025376.581083,36823,6,1
2,Payment,1772025376.581122,3159,0,1
1,NewOrder,1772025376.582688,17366,17,1
1,NewOrder,1772025376.583168,22870,20,1
3,OrderStatus,1772025376.583863,6827,1,1
2,Payment,1772025376.584288,4404,0,1
1,NewOrder,1772025376.584323,27856,2,1
2,Payment,1772025376.587714,14674,12,1
2,Payment,1772025376.588577,5428,21,1
4,Delivery,1772025376.588623,47253,10,1
2,Payment,1772025376.588707,3558,0,1
1,NewOrder,1772025376.590699,18184,1,1
2,Payment,1772025376.590793,21518,15,1
3,OrderStatus,1772025376.592288,2058,0,1
2,Payment,1772025376.593638,5528,5,1
1,NewOrder,1772025376.593966,13680,13,1
2,Payment,1772025376.593985,23541,14,1
2,Payment,1772025376.594010,4668,21,1
2,Payment,1772025376.594046,8711,18,1
1,NewOrder,1772025376.594353,25288,0,1
1,NewOrder,1772025376.594779,23160,7,1
2,Payment,1772025376.595532,31422,16,1
1,NewOrder,1772025376.598702,9822,21,1
1,NewOrder,1772025376.599173,16905,22,1
1,NewOrder,1772025376.599188,33819,5,1
1,NewOrder,1772025376.600065,13585,17,1
2,Payment,1772025376.601087,10663,4,1
2,Payment,1772025376.602411,30930,12,1
1,NewOrder,1772025376.602766,26619,18,1
1,NewOrder,1772025376.602959,23650,8,1
2,Payment,1772025376.603473,14413,11,1
2,Payment,1772025376.603822,12215,19,1
5,StockLevel,1772025376.606063,2195,20,1
2,Payment,1772025376.607670,13833,13,1
1,NewOrder,1772025376.608281,6804,20,1
1,NewOrder,1772025376.608535,9316,21,1
1,NewOrder,1772025376.608893,6876,1,1
4,Delivery,1772025376.610071,32599,3,1
1,NewOrder,1772025376.611759,29038,4,1
2,Payment,1772025376.612170,11382,9,1
1,NewOrder,1772025376.612203,29640,2,1
1,NewOrder,1772025376.612336,23862,15,1
2,Payment,1772025376.613656,26618,17,1
1,NewOrder,1772025376.615090,18277,20,1
1,NewOrder,1772025376.615793,11066,1,1
2,Payment,1772025376.616062,5593,19,1
2,Payment,1772025376.616102,13626,22,1
2,Payment,1772025376.617535,30807,14,1
1,NewOrder,1772025376.617866,17481,21,1
4,Delivery,1772025376.617909,18169,11,1
2,Payment,1772025376.617920,14184,6,1
1,NewOrder,1772025376.617960,17728,7,1
1,NewOrder,1772025376.619649,16161,0,1
2,Payment,1772025376.620928,18771,23,1
1,NewOrder,1772025376.621515,24643,13,1
1,NewOrder,1772025376.621662,23712,19,1
1,NewOrder,1772025376.623565,24085,9,1
1,NewOrder,1772025376.626618,25371,8,1
1,NewOrder,1772025376.626868,20221,1,1
3,OrderStatus,1772025376.626964,7829,16,1
5,StockLevel,1772025376.629394,12410,18,1
2,Payment,1772025376.629733,20330,22,1
2,Payment,1772025376.632114,4534,6,1
1,NewOrder,1772025376.633015,25831,5,1
1,NewOrder,1772025376.633346,36849,12,1
2,Payment,1772025376.633376,28533,20,1
2,Payment,1772025376.634804,18621,16,1
1,NewOrder,1772025376.635358,20336,21,1
4,Delivery,1772025376.635698,12286,7,1
2,Payment,1772025376.635821,5394,0,1
2,Payment,1772025376.635886,9058,10,1
1,NewOrder,1772025376.636086,41128,11,1
4,Delivery,1772025376.636201,21377,15,1
1,NewOrder,1772025376.636653,19019,6,1
1,NewOrder,1772025376.639713,36511,23,1
1,NewOrder,1772025376.640297,35565,17,1
2,Payment,1772025376.640803,7623,4,1
1,NewOrder,1772025376.641232,29407,0,1
1,NewOrder,1772025376.641809,25241,18,1
1,NewOrder,1772025376.641852,31170,2,1
1,NewOrder,1772025376.642683,29678,3,1
1,NewOrder,1772025376.644959,25710,10,1
2,Payment,1772025376.645398,25872,19,1
2,Payment,1772025376.646164,9107,13,1
3,OrderStatus,1772025376.647114,4038,1,1
2,Payment,1772025376.647659,4629,9,1
2,Payment,1772025376.647990,15397,7,1
2,Payment,1772025376.648354,11840,14,1
1,NewOrder,1772025376.648450,36248,4,1
1,NewOrder,1772025376.650069,37786,22,1
1,NewOrder,1772025376.651161,11095,1,1
2,Payment,1772025376.651999,18588,8,1
2,Payment,1772025376.652294,15296,9,1
2,Payment,1772025376.653428,9653,16,1
5,StockLevel,1772025376.655275,6622,13,1
3,OrderStatus,1772025376.655685,2850,6,1
1,NewOrder,1772025376.655698,7709,21,1
3,OrderStatus,1772025376.657589,2097,15,1
2,Payment,1772025376.658558,15601,6,1
1,NewOrder,1772025376.658856,28484,5,1
1,NewOrder,1772025376.659702,10968,15,1
2,Payment,1772025376.660218,10393,14,1
2,Payment,1772025376.661918,12680,13,1
4,Delivery,1772025376.661933,29514,20,1
1,NewOrder,1772025376.662280,25642,1,1
1,NewOrder,1772025376.663108,22141,16,1
1,NewOrder,1772025376.663395,43686,7,1
1,NewOrder,1772025376.663416,7105,21,1
2,Payment,1772025376.667074,9179,18,1
2,Payment,1772025376.667600,12559,9,1
1,NewOrder,1772025376.670200,18080,12,1
2,Payment,1772025376.670528,8685,21,1
1,NewOrder,1772025376.670590,23989,8,1
3,OrderStatus,1772025376.670620,5957,14,1
2,Payment,1772025376.670643,11593,0,1
2,Payment,1772025376.670679,17307,10,1
1,NewOrder,1772025376.670681,17214,15,1
1,NewOrder,1772025376.671280,21410,19,1
3,OrderStatus,1772025376.672370,9063,3,1
2,Payment,1772025376.673031,17049,2,1
1,NewOrder,1772025376.674163,18853,6,1
5,StockLevel,1772025376.674607,9900,13,1
2,Payment,1772025376.675872,6056,17,1
1,NewOrder,1772025376.676234,15654,23,1
4,Delivery,1772025376.676258,15515,18,1
2,Payment,1772025376.676586,11242,14,1
2,Payment,1772025376.677226,18679,11,1
2,Payment,1772025376.679219,4461,21,1
1,NewOrder,1772025376.680174,31828,9,1
1,NewOrder,1772025376.681456,31717,3,1
2,Payment,1772025376.681952,14555,17,1
2,Payment,1772025376.682247,12744,0,1
1,NewOrder,1772025376.683696,28335,21,1
2,Payment,1772025376.684517,18641,13,1
2,Payment,1772025376.684707,13685,4,1
5,StockLevel,1772025376.685255,6106,16,1
2,Payment,1772025376.687364,15991,5,1
1,NewOrder,1772025376.687843,27599,14,1
1,NewOrder,1772025376.687881,38498,22,1
1,NewOrder,1772025376.687904,22126,15,1
1,NewOrder,1772025376.687932,36950,1,1
5,StockLevel,1772025376.687997,31769,10,1
1,NewOrder,1772025376.688284,9729,12,1
1,NewOrder,1772025376.690094,34455,2,1
2,Payment,1772025376.691371,18010,16,1
2,Payment,1772025376.691457,3485,20,1
1,NewOrder,1772025376.691781,8091,18,1
2,Payment,1772025376.691894,6467,23,1
1,NewOrder,1772025376.692715,14745,19,1
1,NewOrder,1772025376.693026,31487,6,1
2,Payment,1772025376.694589,10084,8,1
4,Delivery,1772025376.694956,25313,20,1
4,Delivery,1772025376.695016,12751,0,1
1,NewOrder,1772025376.695921,27449,11,1
1,NewOrder,1772025376.696531,34119,17,1
1,NewOrder,1772025376.698019,25708,12,1
1,NewOrder,1772025376.698368,17938,23,1
1,NewOrder,1772025376.698399,25303,4,1
2,Payment,1772025376.699875,5987,18,1
1,NewOrder,1772025376.703182,25398,13,1
5,StockLevel,1772025376.703368,14547,5,1
2,Payment,1772025376.704683,6853,8,1
2,Payment,1772025376.705868,6604,18,1
1,NewOrder,1772025376.707096,28607,7,1
1,NewOrder,1772025376.707483,16156,19,1
5,StockLevel,1772025376.707774,24033,0,1
2,Payment,1772025376.709404,6943,16,1
1,NewOrder,1772025376.710041,50624,15,1
2,Payment,1772025376.711559,7326,8,1
2,Payment,1772025376.712008,11838,9,1
2,Payment,1772025376.712036,11843,21,1
5,StockLevel,1772025376.712495,9778,18,1
1,NewOrder,1772025376.713183,19617,3,1
1,NewOrder,1772025376.715455,17734,14,1
2,Payment,1772025376.716347,13886,23,1
2,Payment,1772025376.716357,3415,16,1
2,Payment,1772025376.717939,4218,5,1
1,NewOrder,1772025376.718895,18173,8,1
4,Delivery,1772025376.719791,22383,10,1
1,NewOrder,1772025376.719798,37754,16,1
3,OrderStatus,1772025376.720286,4677,20,1
2,Payment,1772025376.722181,6063,5,1
2,Payment,1772025376.722298,12703,18,1
1,NewOrder,1772025376.723394,15296,11,1
1,NewOrder,1772025376.723645,38671,19,1
1,NewOrder,1772025376.723711,34615,4,1
1,NewOrder,1772025376.723734,38971,12,1
5,StockLevel,1772025376.723855,38691,9,1
1,NewOrder,1772025376.723884,30663,21,1
1,NewOrder,1772025376.724520,51762,6,1
2,Payment,1772025376.724559,13790,2,1
1,NewOrder,1772025376.724886,10470,1,1
1,NewOrder,1772025376.724973,29227,20,1
2,Payment,1772025376.726412,21671,22,1
1,NewOrder,1772025376.728254,34472,5,1
2,Payment,1772025376.728585,10194,13,1
2,Payment,1772025376.730245,24347,23,1
2,Payment,1772025376.730660,20928,17,1
2,Payment,1772025376.731818,8621,0,1
2,Payment,1772025376.732821,11104,3,1
1,NewOrder,1772025376.733213,7682,14,1
1,NewOrder,1772025376.735011,24975,18,1
1,NewOrder,1772025376.735361,45234,1,1
2,Payment,1772025376.735712,13180,7,1
2,Payment,1772025376.737078,14944,8,1
1,NewOrder,1772025376.738373,34908,2,1
1,NewOrder,1772025376.738703,43278,11,1
1,NewOrder,1772025376.738788,35100,13,1
1,NewOrder,1772025376.740448,12512,0,1
1,NewOrder,1772025376.740899,8030,14,1
1,NewOrder,1772025376.742181,9804,10,1
2,Payment,1772025376.743941,3266,3,1
2,Payment,1772025376.747212,4830,3,1
2,Payment,1772025376.748092,12941,22,1
2,Payment,1772025376.748903,5805,7,1
1,NewOrder,1772025376.748953,9042,14,1
2,Payment,1772025376.751597,10166,17,1
4,Delivery,1772025376.752001,26971,10,1
2,Payment,1772025376.752045,5949,8,1
4,Delivery,1772025376.752054,16870,3,1
3,OrderStatus,1772025376.752969,2304,0,1
4,Delivery,1772025376.754212,32212,20,1
1,NewOrder,1772025376.754561,19358,21,1
5,StockLevel,1772025376.754596,18527,23,1
2,Payment,1772025376.754718,5883,7,1
1,NewOrder,1772025376.755277,9120,0,1
2,Payment,1772025376.757561,13749,16,1
2,Payment,1772025376.757999,5278,8,1
2,Payment,1772025376.758016,6836,14,1
1,NewOrder,1772025376.758335,43433,4,1
1,NewOrder,1772025376.759991,26006,18,1
2,Payment,1772025376.760612,5994,7,1
2,Payment,1772025376.760685,19451,15,1
2,Payment,1772025376.761046,6615,22,1
1,NewOrder,1772025376.761770,22563,17,1
1,NewOrder,1772025376.762326,19134,19,1
2,Payment,1772025376.762551,15921,9,1
1,NewOrder,1772025376.762710,29606,12,1
1,NewOrder,1772025376.762730,28828,5,1
2,Payment,1772025376.763286,6635,8,1
1,NewOrder,1772025376.764401,14616,0,1
1,NewOrder,1772025376.764861,14713,14,1
1,NewOrder,1772025376.766611,18086,7,1
1,NewOrder,1772025376.767665,34513,22,1
4,Delivery,1772025376.768936,28714,3,1
1,NewOrder,1772025376.769930,13003,8,1
2,Payment,1772025376.771334,16221,16,1
1,NewOrder,1772025376.773133,19506,23,1
1,NewOrder,1772025376.773290,15887,2,1
2,Payment,1772025376.773904,22126,13,1
2,Payment,1772025376.773943,6631,21,1
1,NewOrder,1772025376.776293,27909,6,1
1,NewOrder,1772025376.778481,41360,9,1
1,NewOrder,1772025376.778981,23170,10,1
2,Payment,1772025376.779020,4254,0,1
2,Payment,1772025376.779584,20585,14,1
2,Payment,1772025376.780142,28955,15,1
1,NewOrder,1772025376.781469,19867,19,1
1,NewOrder,1772025376.781986,25098,11,1
4,Delivery,1772025376.782942,29855,8,1
1,NewOrder,1772025376.783278,13997,0,1
4,Delivery,1772025376.784343,34389,17,1
1,NewOrder,1772025376.784702,23034,7,1
1,NewOrder,1772025376.786000,21116,18,1
3,OrderStatus,1772025376.786448,6973,20,1
3,OrderStatus,1772025376.787565,9908,16,1
5,StockLevel,1772025376.789184,12279,2,1
2,Payment,1772025376.791579,4936,5,1
2,Payment,1772025376.792340,24459,12,1
1,NewOrder,1772025376.792649,12473,23,1
1,NewOrder,1772025376.793429,20479,20,1
1,NewOrder,1772025376.796043,26026,13,1
2,Payment,1772025376.796524,10340,5,1
1,NewOrder,1772025376.797298,14648,0,1
2,Payment,1772025376.797484,25027,16,1
4,Delivery,1772025376.800174,18836,14,1
2,Payment,1772025376.801346,4312,19,1
2,Payment,1772025376.801469,22518,2,1
2,Payment,1772025376.801792,14934,4,1
1,NewOrder,1772025376.804211,10199,6,1
1,NewOrder,1772025376.805138,9372,23,1
1,NewOrder,1772025376.805661,8726,19,1
2,Payment,1772025376.807097,11369,11,1
2,Payment,1772025376.807140,8764,18,1
2,Payment,1772025376.812807,10856,8,1
3,OrderStatus,1772025376.813931,2292,20,1
3,OrderStatus,1772025376.814400,1648,19,1
1,NewOrder,1772025376.814534,9503,23,1
4,Delivery,1772025376.816062,8016,19,1
1,NewOrder,1772025376.816237,7856,20,1
